areacd,hh_deprivation-001,hh_deprivation-002,hh_deprivation-003,hh_deprivation-004,hh_deprivation-005
E00039621,62.6,26.7,9.9,0.8,0
E00039641,52.8,35,10.6,1.6,0
E00039642,56.2,33.9,9.9,0,0
E00039643,56.4,28.6,9.8,4.5,0.8
E00039644,56.7,37.5,4.8,1,0
E00039647,50.8,34.1,12.9,2.3,0
E00039800,57.7,28.5,13.1,0.8,0
E00039801,56,31,10.7,1.2,1.2
E00039802,55.6,32.7,10.5,1.2,0
E00039804,61.3,30.6,7.2,0.9,0
E00039807,62.9,27.3,7.7,2.1,0
E00039808,73.3,26,0.8,0,0
E00039810,71.2,20.5,8.2,0,0
E00039812,53.6,35,9.3,2.1,0
E00039813,56.5,28.5,10.8,4.3,0
E00039814,46.3,38.2,13,2.4,0
E00039815,63.6,30.5,5.1,0.8,0
E00039817,66.3,29.5,4.2,0,0
E00039818,59.3,31.5,8.3,0.9,0
E00039819,59.1,19.1,18.2,3.6,0
E00039820,63.2,32.8,4,0,0
E00039821,71.4,20,8.6,0,0
E00039822,73.7,19.5,6,0.8,0
E00039823,61.3,33.3,4.5,0.9,0
E00039824,59.8,23.9,16.2,0,0
E00039825,54.1,37.8,8.1,0,0
E00039826,49.2,41.7,8.3,0.8,0
E00039827,61.4,34.8,3.8,0,0
E00039828,65.9,29.5,3.9,0.8,0
E00039829,51.8,32.5,14,1.8,0
E00039830,62.8,28.3,7.1,1.8,0
E00039831,77.9,15.3,5.3,1.5,0
E00039832,58.5,30.4,8.9,2.2,0
E00039833,64.2,29,5.6,1.2,0
E00039834,67.8,28,3.4,0.8,0
E00039836,69.4,26.1,3.6,0.9,0
E00039838,55.4,38.1,6.5,0,0
E00039839,54.1,32.1,11.9,1.8,0
E00039840,60.9,29.3,8.7,1.1,0
E00039841,41.7,35.2,18.5,4.6,0
E00039842,46.5,43.9,9.7,0,0
E00039843,52.5,35.8,9.2,2.5,0
E00039844,63.1,32.9,4,0,0
E00039845,61.3,29.9,6.6,2.2,0
E00039846,36.2,41.5,20.2,2.1,0
E00039847,57.3,32.7,8.7,1.3,0
E00039849,53.5,36.2,8.7,1.6,0
E00039850,72.7,20.1,6.5,0.6,0
E00040095,64.8,26.4,8.3,0.5,0
E00040106,61.4,31.6,6.1,0.9,0
E00040153,62.4,34.8,2.8,0,0
E00040154,55.6,32.4,12,0,0
E00040155,71.8,21.4,6.8,0,0
E00040156,73.1,21.3,4.6,0.9,0
E00040157,64.6,30.7,3.9,0.8,0
E00040158,73.9,23.4,2.7,0,0
E00040159,62.2,29.6,8.1,0,0
E00040160,66.7,30.3,3,0,0
E00040161,51.4,36.1,11.8,0.7,0
E00040162,66.7,25.5,7.8,0,0
E00040164,55.3,34.1,8.3,1.5,0.8
E00040165,69.7,23.4,6.9,0,0
E00040166,47.5,33.6,16.4,2.5,0
E00040167,60.3,32.6,6.4,0.7,0
E00040168,66.7,30.7,2.6,0,0
E00040169,64.3,28.6,7.1,0,0
E00040170,58.2,28.8,11,2.1,0
E00040171,68.3,27.5,2.8,1.4,0
E00040172,68.8,30.4,0.9,0,0
E00040173,60.2,29.4,10,0.4,0
E00040174,65,28.3,5.8,0.8,0
E00040175,67.9,19.7,11.7,0.7,0
E00040176,67.1,28.8,4.1,0,0
E00040177,69.7,25,3.9,1.3,0
E00040178,72.2,18.8,9,0,0
E00040179,46.5,36.4,15.2,2,0
E00040180,62.8,30.2,7,0,0
E00040181,60.7,33,6.3,0,0
E00040182,74.4,17.3,7.5,0.8,0
E00040183,72.6,27.4,0,0,0
E00040184,63.3,27.5,8.3,0.8,0
E00040185,60.3,33.9,5.8,0,0
E00040186,63.3,29.6,5.1,2,0
E00040187,53.1,37.5,9.4,0,0
E00040188,68,30.4,1.6,0,0
E00040189,70.7,26.3,3,0,0
E00040190,57.6,34.3,6.1,2,0
E00040191,61.6,29.5,7.1,1.8,0
E00040192,71.7,21.2,7.1,0,0
E00040193,75.4,22.1,2.5,0,0
E00040194,53.4,38.3,7.5,0.8,0
E00040195,66.4,30.7,2.9,0,0
E00040196,53.1,36.2,9.6,1.1,0
E00040197,47,35.7,12.2,5.2,0
E00040198,63.5,31.1,5.4,0,0
E00040199,66.9,28.2,4,0.8,0
E00040200,68.5,27.1,3.4,1,0
E00040201,64.8,26.9,7.4,0.9,0
E00040202,62.2,36.3,1.5,0,0
E00040203,67.7,27.3,5,0,0
E00040204,64.8,30.6,4.6,0,0
E00040205,61.9,32.2,5.9,0,0
E00040206,69.2,28.3,2.5,0,0
E00040207,65.5,30.9,2.7,0.9,0
E00040208,58.1,38.7,2.6,0.6,0
E00040209,70.2,27.5,1.7,0.6,0
E00040210,70.2,26,3.1,0.8,0
E00040211,44.9,42.1,11.2,1.9,0
E00040212,60.9,34.1,4.3,0.7,0
E00040213,69.6,25.6,4.8,0,0
E00040214,60.3,33.1,5.8,0,0.8
E00040215,65.1,31,3.2,0.8,0
E00040272,60.4,28,9.9,1.6,0
E00040273,67.2,29.2,3.6,0,0
E00040274,59.5,29.8,10.7,0,0
E00040275,36.8,37.6,24.8,0.9,0
E00040276,59.1,30,10.9,0,0
E00040277,62.9,34.3,2.9,0,0
E00040278,64.8,25.4,7.7,2.1,0
E00040279,57.7,33.8,7,1.4,0
E00040280,56.4,30.9,9.7,3,0
E00040281,63.1,27.9,7.2,1.8,0
E00040282,69.1,27.6,2.4,0.8,0
E00040283,59.1,32.2,8.7,0,0
E00040284,48.3,34.3,14,3.5,0
E00040285,68.4,30.1,1.5,0,0
E00040286,45.6,39.2,14.4,0.8,0
E00040287,19.8,39.6,27.7,12.9,0
E00040289,66.2,30.9,2.2,0.7,0
E00040290,51.7,42.5,5.8,0,0
E00040291,61.3,29.4,8.4,0.8,0
E00040292,71.1,24.2,4.7,0,0
E00040293,57.4,34,8.5,0,0
E00040294,62.4,32.6,5,0,0
E00040295,64.4,26.7,7.9,1,0
E00040296,60.8,30.4,6.1,2,0.7
E00040297,63,28.3,7.9,0.8,0
E00040298,65.5,28.1,6.5,0,0
E00040299,59.8,34.2,6,0,0
E00040300,70.9,26.2,2.9,0,0
E00040301,58.6,33.6,7.9,0,0
E00040302,62.9,31.4,5.7,0,0
E00040303,60,36.6,3.4,0,0
E00040304,73.1,22.7,4.2,0,0
E00040305,65.7,31.3,3,0,0
E00040306,64.5,31.4,4.1,0,0
E00040308,64,30.7,4.4,0.9,0
E00040312,68.8,21.7,9.4,0,0
E00040315,65.7,29.6,4.6,0,0
E00040316,55.3,35.8,8.9,0,0
E00040317,51.3,30.1,13.3,4.4,0.9
E00040318,63.6,28.1,5.8,1.7,0.8
E00040319,62.6,27.3,9.1,1,0
E00040320,55,33.3,10,1.7,0
E00040321,71.7,22.8,3.9,1.6,0
E00040322,59.1,35.5,5.5,0,0
E00040323,64.4,30.5,5.1,0,0
E00040325,61.3,33.6,5.1,0,0
E00040326,63.2,31.2,5.6,0,0
E00040327,57.1,38.1,3.8,1,0
E00040328,58.7,30.4,8,2.9,0
E00040329,59.5,34.5,6,0,0
E00040331,73.3,20.7,5.2,0.7,0
E00040332,35.8,45.5,17.9,0.7,0
E00040333,68.5,27.7,3.8,0,0
E00040746,65,26.3,6.6,1.5,0.7
E00040748,69.6,25.3,5.1,0,0
E00040754,61.2,31.7,7.2,0,0
E00040755,52.7,38.4,8,0.9,0
E00040756,58.8,27.5,13,0.8,0
E00040757,56.1,29.5,14.4,0,0
E00040758,64.3,27.8,7,0.9,0
E00040760,56,37.1,6,0.9,0
E00040761,51.3,42.7,6,0,0
E00040763,59.2,31.7,8.3,0.8,0
E00040766,60,30.9,8.2,0.9,0
E00040772,44.4,36.4,13.1,6.1,0
E00040773,58.3,29.6,12.2,0,0
E00040775,63.7,26.6,8.1,1.6,0
E00040776,50.8,37.7,10.8,0.8,0
E00040778,64.5,23.4,10.5,1.6,0
E00040779,67,25.3,5.5,2.2,0
E00040780,52.6,35.3,9.5,2.6,0
E00040782,70.2,24.8,5,0,0
E00040783,58,30.1,11.2,0.7,0
E00040784,70.9,23.6,4.5,0.9,0
E00040788,62.6,28,7.7,1.6,0
E00040790,63.3,29.6,6.6,0.5,0
E00040792,56.9,34.5,8.6,0,0
E00172454,63,23.9,8.7,4.3,0
E00172548,56.2,33.8,9.2,0.8,0
E00172549,71,26.6,1.6,0.8,0
E00172550,67.2,26.4,6.4,0,0
E00185178,74.2,22.7,1.5,1.5,0
E00185179,60.6,31,7,1.4,0
E00185181,43.9,35.1,11.2,9.3,0.5
E00185192,43.5,45.9,8.2,2.4,0
E00185193,69.8,22.2,6.3,1.6,0