areacd,ethnic_group_tb_6a-001,ethnic_group_tb_6a-002,ethnic_group_tb_6a-003,ethnic_group_tb_6a-004,ethnic_group_tb_6a-005
E00057125,18.3,25.4,2.3,49.6,4.4
E00057127,22.5,22.5,4.4,47.8,2.8
E00057133,17.7,21.1,6.1,45.6,9.5
E00057134,5.3,36.1,4.4,49.4,4.8
E00057137,9,29.8,13.2,42.7,5.3
E00057145,20.5,33.3,4,34.8,7.3
E00057148,4.2,17.6,5,67,6.1
E00057149,15.4,15.1,3.1,61.6,4.8
E00057150,8.1,27.1,8.8,53.9,2
E00057151,12.9,37.4,13.7,32,4
E00057154,10.1,34.1,4.2,48.2,3.4
E00057155,7.4,20.2,7.1,57.8,7.4
E00057156,9.3,13.3,5,67.4,5
E00057157,5.2,35.5,5.5,48.8,5
E00057158,15.7,27.5,5.6,50.3,1
E00057161,11,23.1,5.7,55.7,4.5
E00057163,5.3,36.1,12.3,41.1,5.3
E00057164,8.4,22.1,4.3,55.2,10
E00057165,7.1,22.4,7.8,53.1,9.6
E00057171,13.9,27.6,8.9,46.5,3.1
E00057172,14.2,10.6,2.7,68.6,3.8
E00057173,8.9,32.6,2.5,50,6
E00057175,9.2,37.5,3,37.5,12.8
E00057176,27.8,30.8,2.3,36.8,2.3
E00057182,7.9,11.9,2,71.8,6.3
E00057186,26.8,4.8,3.7,58.4,6.3
E00057188,10.6,24.5,7,52.4,5.5
E00057189,13.4,34.7,7.5,40.1,4.4
E00057190,9.4,23.1,7.9,56.7,2.9
E00057191,8.2,3.6,2.9,85.3,0
E00057192,6.2,2.7,3.1,86.8,1.2
E00057193,6,5.3,3.6,83.8,1.3
E00057194,5.4,2.7,12.5,75.3,4.1
E00057195,6,6.7,4.2,81.4,1.8
E00057196,1.1,11.1,8.1,76,3.7
E00057197,8.9,1.1,1.8,88.3,0
E00057198,16.2,6.7,6.2,67.4,3.5
E00057199,23.1,20.2,8.6,47.6,0.6
E00057200,22.2,23.1,6.5,45.8,2.4
E00057202,21,40.7,9.3,25.5,3.5
E00057204,20.1,46.8,8,20.5,4.6
E00057205,8.3,2.6,3.6,85.4,0
E00057206,10.6,11.4,14.8,58.9,4.2
E00057207,5.6,15,9.4,67.6,2.4
E00057208,30.4,14.6,8.6,40,6.5
E00057209,24.3,16.7,5,45,9
E00057210,13.7,9.2,5.9,68.2,3.1
E00057211,23.8,21.5,9.5,43,2.3
E00057212,18.4,11.2,8.4,55.6,6.4
E00057213,15.5,13.8,8.5,57.6,4.5
E00057214,34,18.9,5.3,38.7,3.1
E00057215,39.6,15.5,9.5,33.1,2.3
E00057216,22,32,5.6,34.1,6.3
E00057217,27,26.6,7.7,31.9,6.8
E00057218,34.9,15.2,7.2,36.8,5.9
E00057220,24.6,35.5,7.9,23.4,8.6
E00057221,10.9,34.7,10.3,41.9,2.1
E00057222,13.3,51.5,6.2,23.8,5.3
E00057223,21,47.8,6.6,19.6,5
E00057225,58,13.7,0.8,22.3,5.2
E00057226,12.7,56.2,7.6,18.7,4.8
E00057227,2.1,1.8,4,90.2,1.8
E00057228,3.8,1.3,2.5,90.5,1.9
E00057229,2.2,1.1,4.5,89.2,3
E00057230,3.3,1.5,3.3,90.1,1.8
E00057231,5.4,5.4,3.2,84.8,1.3
E00057232,3.5,2.6,7.5,83.4,2.9
E00057233,3.7,2.2,4.5,84,5.6
E00057234,9.3,3.3,5.2,80,2.2
E00057235,4.2,4.2,6.7,82.1,2.9
E00057236,27.1,5.2,1.6,64.5,1.6
E00057238,2.2,6.1,3.6,87.2,0.8
E00057239,13.3,6.8,1.9,76.8,1.2
E00057240,5.8,11,3.7,75.9,3.7
E00057241,6,23,13.6,52,5.5
E00057242,9.4,8.1,12.4,66.1,3.9
E00057244,6.8,5.5,7.3,77.4,3.1
E00057245,7.5,14.3,7.3,61.5,9.5
E00057246,22.4,13.7,0,62.1,1.9
E00057247,3.1,6.9,15.1,72.6,2.3
E00057248,12,15.1,7,57.9,8
E00057249,4.3,9.6,4.6,80,1.4
E00057250,3.8,8.3,12.5,72.5,2.9
E00057251,8.3,12.2,7.6,71,1
E00057252,15.5,6.5,5.3,71.2,1.5
E00057253,19.9,11.7,6,59.3,3.2
E00057341,16.7,0.4,1.8,75.7,5.4
E00057393,11.5,2,0.9,69.3,16.4
E00057399,12.6,3.7,3.7,78.6,1.3
E00057401,20.1,0.3,0.3,75.7,3.6
E00057564,39.6,9.3,5.9,43,2.2
E00057565,41.7,3.6,4.3,45.7,4.6
E00057567,80.3,9.5,2.6,7.6,0
E00057568,82.2,5.4,1.4,6.8,4.3
E00057570,68.5,10.9,3.2,13.2,4.2
E00057571,43.5,14.8,1,31.1,9.6
E00057573,29.1,16.8,6.6,45.6,1.9
E00057574,22.6,13.9,5.2,46.1,12.3
E00057575,29.8,33.9,3.1,25.4,7.7
E00057576,28.2,10.5,6.7,47.1,7.6
E00057577,64,14.2,1.9,12.3,7.6
E00057579,63.4,7.5,5,21.4,2.7
E00057580,56.8,10.7,4.7,24.3,3.5
E00057581,55.4,17.5,2.6,23,1.5
E00057583,70.9,12.4,2.8,11,3
E00057584,34.9,5.3,6.6,48.1,5
E00057585,33.6,16,5,40.8,4.7
E00057586,53.9,22.5,8.1,15.1,0.4
E00057587,49.5,11.3,3.4,32,3.9
E00057590,72.1,12.7,1,8.1,6.1
E00057591,56.1,13.7,2,23.5,4.7
E00057592,35.9,20.1,6.3,35,2.6
E00057593,37.5,22,1.6,28.9,10
E00057594,41.8,13.7,5.7,35.1,3.7
E00057595,46,17.2,3.1,25.7,8
E00057596,51.1,28.2,5.2,11.8,3.6
E00057597,32.8,35.7,6.5,17.6,7.4
E00057598,45.2,20,8.6,22.3,3.9
E00057599,55.6,15.1,0.8,20.4,8.2
E00057600,39.7,20.8,3.2,30.3,5.9
E00057601,50,20.4,3,17.5,9.2
E00057602,61.7,8.4,7.2,14.8,7.9
E00057603,24.1,16.2,4.2,43.7,11.8
E00057604,32.4,7.2,5.9,50.7,3.8
E00057605,47.9,25.6,4.2,18.7,3.6
E00057606,14.4,21.6,10.2,48.7,5.1
E00057607,30.7,25.5,4.8,31.9,7.1
E00057608,58.5,13.1,6.3,14.4,7.6
E00057609,35.5,16.3,2.7,37.3,8.1
E00057610,18.6,19.3,6,51.6,4.6
E00057611,42.4,23.5,6.7,19.5,7.8
E00057612,17.6,23,4.4,46.5,8.6
E00057613,31.7,16.8,4.3,34.8,12.4
E00057614,22.4,17.8,4.2,49.3,6.2
E00057615,20.1,18.3,4,52.5,5
E00057616,22.9,31,4.3,38.6,3.3
E00057617,18.4,28.5,3.8,45.8,3.6
E00057618,31.5,22.8,4.5,33,8.2
E00057626,32.3,12.4,6.3,45.2,3.7
E00057628,9.3,3.5,4.8,79.6,2.9
E00057629,20.4,2.4,5.1,66.4,5.6
E00057630,27.4,5.8,4.9,58.8,3
E00057631,35.7,9.6,8.2,35,11.4
E00057632,7.8,9.1,5,75.5,2.5
E00057633,25.7,2.7,6.2,63.8,1.6
E00057634,26.9,4.1,6.5,54.9,7.6
E00057638,3.2,1.3,4.7,90.9,0
E00057639,2.7,4.7,4.3,87.1,1.2
E00057641,10.2,1,3.9,83.6,1.3
E00057642,8.9,3.4,3.8,82.7,1.3
E00057643,6.8,3,5.1,83,2
E00057646,5.9,3.2,7.9,81.5,1.5
E00057647,4.9,4.5,6.1,83.5,1
E00057648,4.8,1.8,5.6,87.2,0.6
E00057649,25.3,2,5,65.3,2.4
E00057650,10.6,3.1,6.4,77.5,2.4
E00057651,12.6,5.6,6.5,72.3,3
E00057652,6,2.8,4.3,86.6,0.2
E00057653,21.1,3.7,5.9,68,1.2
E00057654,2.6,2.6,6,88.7,0
E00057655,28.3,2,4.7,60.6,4.4
E00057656,29.3,1.7,2.6,65.5,0.9
E00057657,14,2.6,4,78.3,1.1
E00057658,9.6,2.1,7,80,1.2
E00057659,19,4.3,5,69.2,2.5
E00057660,10.6,0.7,7.1,79.4,2.1
E00057661,13.2,0.8,5.1,79.1,1.7
E00057662,11.7,3.4,6,76.9,2.1
E00057663,11.2,2.2,7.3,78,1.3
E00057664,7.6,2.7,7.9,78.9,3
E00057665,7,4.4,6.3,80.4,1.9
E00057666,6.6,5.7,7.2,76.5,4
E00057667,17.9,24.1,7.7,42.6,7.7
E00057668,19.7,12.6,5.6,61.6,0.5
E00057669,9.2,4.4,3.1,79,4.4
E00057670,21.5,1.1,7.2,63,7.2
E00057671,3.8,8.3,10.2,70.7,7
E00057672,6.7,4.9,5.6,82,0.7
E00057673,2.8,0.3,3.1,92.5,1.4
E00057674,4.9,0.5,5.3,89.3,0
E00057675,13.3,11.5,4.6,70.6,0
E00057676,11.8,8.9,8.9,65.3,5.2
E00057679,4.4,1.3,2.2,89.5,2.6
E00057680,7.8,1.5,1.1,89.6,0
E00057681,5.1,1.2,4.7,87.7,1.2
E00057683,0.4,4.4,8.8,83.7,2.6
E00057685,10.8,1.5,5.1,78.5,4.1
E00057691,3.1,4.4,6.9,83.5,2.2
E00057692,5.5,1.4,4.6,88.2,0.3
E00057693,4.9,3.4,7.9,83.1,0.8
E00057696,12.8,3.3,5.8,74.5,3.6
E00057697,9.7,1,3.4,84.9,1
E00057699,4.9,0,3.4,90.2,1.5
E00057700,9.1,0.7,4.6,85.4,0.2
E00057701,4.8,3.3,3.7,84.8,3.3
E00057702,2.3,3.9,4.3,87.2,2.3
E00057703,3.6,3.6,5.5,85.6,1.6
E00057704,17.3,3.8,6.5,72.3,0
E00057833,34.9,8,5.2,47.4,4.5
E00057845,5.6,2.3,7.3,83,1.8
E00057849,26.2,8.7,4.4,51.6,9.1
E00057853,20.8,1.4,6.5,65.7,5.6
E00057854,18,2.7,4,68.4,6.9
E00057855,35.2,7.4,4.9,48.7,3.7
E00057856,8.5,6.1,3.7,80.1,1.6
E00057857,30.2,6.8,6.8,51.4,4.7
E00057858,22.6,16.2,6.1,51.2,4
E00057859,31.2,8.2,4.6,47.6,8.4
E00057892,4.9,2,5.5,86.6,1
E00057894,9.4,5.3,8.2,75.1,1.9
E00057896,29,3.1,5,60.6,2.3
E00057971,16.3,1,3.1,77.2,2.4
E00057972,7.5,2,3.6,82.4,4.6
E00057973,38.7,5.3,6.4,46.9,2.7
E00057974,14.7,4.1,7.1,72.8,1.4
E00057975,8.8,4,4.5,79.7,2.9
E00057976,14.5,12.3,7.1,62.1,4.1
E00057977,15.2,3.4,4.3,73.3,3.7
E00057978,33.4,2,4.9,52.7,6.9
E00057979,40.5,3.2,2,52.5,1.7
E00057980,32.4,2.2,4.4,57.5,3.6
E00057981,12.1,19,2.4,66,0.4
E00057982,20.9,2.1,2.1,71.9,3.1
E00057983,8.7,6.4,12.1,67.4,5.3
E00057984,16.8,0,4.2,78.2,0.8
E00057985,56.7,5,5.6,26.8,5.8
E00057986,11.1,6.4,7.6,73.6,1.3
E00057987,37.1,6.5,4.2,52.3,0
E00057988,24.1,5.1,2.8,66.8,1.3
E00057989,51.5,3.9,5.9,36.1,2.5
E00057990,3.4,3.4,3,88.6,1.5
E00057991,5.9,1.2,4.7,88.2,0
E00057992,12.9,4.1,4.1,76.1,2.7
E00057993,9.6,6.4,8.8,73.5,1.6
E00057994,17.9,2.7,1.6,73.2,4.7
E00057995,14.3,5.2,4.8,74,1.7
E00057996,8.3,1.1,3.4,85,2.3
E00057997,25.5,5.3,5.3,59.4,4.4
E00057998,11.3,17,7.2,64.4,0
E00057999,11.7,1.4,5,79.8,2.1
E00058000,18.4,6.4,4.5,68,2.6
E00058001,23.6,2,2,72.4,0
E00058002,21.5,11.7,11.1,52,3.7
E00058003,22.8,4.3,5.7,60.5,6.8
E00058004,7.1,3.3,6.3,82.5,0.7
E00058005,5.7,4.5,5.3,80.7,3.8
E00058006,8.1,2,4.5,82.5,2.8
E00058007,15,4.7,4.1,74.1,2.2
E00058008,2.8,0,0,92.5,4.7
E00058009,8.6,2.1,1.8,85.4,2.1
E00058010,17.4,4.3,6.6,70,1.7
E00058011,5.2,7.3,6.3,79.4,1.7
E00058012,21,5.9,8.6,61,3.4
E00058013,23.5,1.6,2.9,66.8,5.3
E00058014,22.6,3.3,2.1,71.1,0.9
E00058015,9.8,5.2,7.8,71.3,5.9
E00058016,41.3,3.6,2.8,49.5,2.9
E00058017,24.1,2,6,66.1,1.7
E00058018,21,9.5,6.9,58.8,3.8
E00058019,7.3,0,0.4,87.3,4.9
E00058020,46.3,2,5.6,39.6,6.5
E00058021,31.5,2.2,5.3,50.6,10.4
E00058022,9.3,2.1,4.7,81.9,2.1
E00058023,34.1,6.9,4.9,51.5,2.6
E00058024,24.8,2.8,2.8,63.8,5.8
E00058025,10.4,9.6,6.7,68.5,4.8
E00058026,4.1,3,2.5,87.3,3
E00058027,10.5,2.8,1.8,81.3,3.6
E00058028,36.9,0,1.6,57.5,4.1
E00058029,6.7,7.2,11.3,70.1,4.6
E00058030,13.8,2.9,4.1,74.2,5
E00058031,34.7,2.1,2.7,58.8,1.7
E00058032,21.5,3.9,4.5,63.3,6.9
E00058033,41,0,4,50.4,4.6
E00058034,21.4,4.2,7.1,63.7,3.6
E00058036,60,2.8,2.5,26.9,7.8
E00058037,22.5,3.3,6.6,63.2,4.5
E00058038,22,7.1,11.3,56,3.6
E00058039,14.7,1.4,2.5,80.5,0.8
E00058040,8.3,4.5,7.3,77.5,2.4
E00058041,12.6,3,2.8,80,1.6
E00058226,21.2,3.4,3,61.9,10.6
E00058227,8,6.9,3.6,77.2,4.3
E00058228,18,2.6,2.6,73.8,3
E00058229,31.4,6.1,8.1,39.2,15.2
E00058230,12.3,5.3,20.2,51.3,10.9
E00058231,31.2,5.1,2.9,50.7,10.1
E00058232,17.2,9.2,3.3,55.4,14.9
E00058233,17.1,4.8,5.3,64.3,8.5
E00058243,9.2,1.6,4.8,82,2.4
E00058245,16.9,0.8,2.1,74.8,5.4
E00058250,28.3,4.1,5.6,60.2,1.9
E00058253,29.4,4.6,5.3,58.2,2.5
E00058254,27,8.2,1.4,54.8,8.5
E00058255,24.9,5.6,8,51.8,9.8
E00058256,10.1,9.8,5.9,71.4,2.8
E00058257,22,11,5,54.3,7.8
E00058258,25.7,9.4,8.8,45.3,10.7
E00058259,13.2,4.1,5.4,69.4,7.9
E00058260,15.2,7.6,10.6,57.9,8.8
E00058261,21.8,3.8,8.3,61.7,4.5
E00058262,19.3,8,4.9,62.9,4.9
E00058263,9.7,8.2,6.7,64.4,10.9
E00058264,23.6,9.2,2.1,58.1,7
E00058265,21.6,8.6,6.3,59,4.4
E00058291,21.7,2,4.5,62.3,9.4
E00058671,16,1.1,3,78.3,1.6
E00058672,13.2,0.6,4.7,80.7,0.8
E00058673,0.3,2.2,6.2,90.7,0.6
E00058675,14.4,0,4.5,78.3,2.9
E00058676,30.4,3.7,4,61.9,0
E00058677,27.8,2.6,2.6,61.4,5.6
E00058678,57.8,11.2,4.6,17.9,8.5
E00058679,59.6,8,4.6,23.6,4.3
E00058680,10.7,2.3,5,73.7,8.3
E00058681,13.6,3.5,4,79,0
E00058682,11.5,2,4.7,78.4,3.4
E00058683,6,2,9.2,80.7,2
E00058684,8.5,2.2,4.7,81,3.6
E00058685,10,2.9,6.5,79.6,1
E00058686,14.7,0.2,3.1,81.7,0.2
E00058687,14.7,0.9,5.2,77.4,1.8
E00058688,13.9,3.8,5,76.1,1.2
E00058689,11,3,4.5,76.6,5
E00058690,9.7,1.4,4.7,81.3,2.8
E00058691,9.2,0.5,3.2,83.8,3.2
E00058692,6.5,2.1,4.1,84.5,2.7
E00058693,9.8,1.7,4.8,83.7,0
E00058694,12.4,2.4,8,74.8,2.4
E00058695,9.6,3.8,5.2,81.4,0
E00058696,7.9,3.9,5,82.8,0.4
E00058697,9.8,1,2,82.4,4.9
E00058698,28.8,1.1,5.8,62.2,2.1
E00058700,15.1,0,2.2,81.7,1.1
E00058701,23.1,1,6.4,69.4,0
E00058703,14.2,1,5.6,76.8,2.4
E00058704,19.6,1.9,3.8,72.3,2.4
E00058705,5,2.1,7.1,82.3,3.5
E00058708,12.5,3.3,3.5,78.7,1.9
E00058709,25.2,3.4,8.6,58.2,4.6
E00058710,41.9,7.7,5.5,41.9,2.9
E00058711,14.8,3.1,5.5,74.6,2.1
E00058713,26.2,4.4,4.1,57.4,7.9
E00058714,57.5,4.3,4.6,30.1,3.5
E00058715,44.3,8.6,4.4,40.8,1.8
E00058716,66.5,5,2.2,23.6,2.7
E00058717,57.6,7.3,2.3,23.8,9
E00058718,60.5,9.9,1.9,26.5,1.1
E00058719,70.1,6,3.2,16.2,4.6
E00058720,66.4,5.1,4,18.2,6.3
E00058721,14,0,3.1,80,2.9
E00058722,9.1,12,14.9,56.8,7.1
E00058723,12.1,0.3,4.4,79.5,3.7
E00058724,20.6,6.2,2.2,68.3,2.8
E00058725,8.5,1.8,1.3,86.5,1.8
E00058726,4.2,4.2,6.6,83.6,1.4
E00058727,12.1,0.3,4.2,81,2.3
E00058728,15.1,2.8,3.4,77.1,1.7
E00058729,7.3,2.1,4.2,85.5,1
E00058730,11.1,0,4.3,84.2,0.4
E00058731,5.8,0.3,10.8,81.8,1.2
E00058732,8.9,2.8,6,79.7,2.5
E00058733,11.5,2,2.3,81.9,2.3
E00058800,13,15.7,5.9,61,4.3
E00058801,6.9,10,6,75.5,1.6
E00058802,10.2,17,8.3,58.7,5.8
E00058803,7,14.8,5.2,42.1,31
E00058805,37.3,23.1,2.4,26.9,10.3
E00058806,32.2,26.3,5.3,27.8,8.4
E00058807,23.6,29.3,7.7,34.3,5.1
E00058808,24.9,29.8,6.1,30.4,8.7
E00058809,29.3,30.5,5.5,24,10.7
E00058810,26,19.7,3.6,45.8,4.9
E00058811,17.9,2.9,5.5,68.9,4.8
E00058812,21.4,4.5,2,62.2,10
E00058813,25.8,8.1,2.6,53.9,9.6
E00058814,28,2.6,5.6,53.4,10.3
E00058816,10.5,47.2,6.1,22.4,13.8
E00058818,26.4,5.4,8.4,54.4,5.4
E00058821,7.5,2.8,6.4,81.5,1.9
E00058823,9.4,5.1,5.5,76.2,3.9
E00058826,8.6,3.9,5.9,79.3,2.3
E00058827,7.6,1.2,5.3,85.3,0.6
E00058828,7.4,4.6,7.8,75.3,4.9
E00058829,12.2,36.7,7.7,40.3,3.1
E00058830,11.9,42.8,13.8,23.9,7.5
E00058831,12.5,8.2,6.5,69.6,3.3
E00058832,17.9,13.6,8.3,45.5,14.7
E00058833,6.3,18.3,8.2,61.5,5.8
E00058834,19.2,5,4.6,61.9,9.2
E00058836,20.5,21.1,5.4,44.6,8.4
E00058837,20.6,10.9,7.4,50.5,10.6
E00058838,22.9,34.7,1,20.8,20.5
E00058840,24.3,19.4,11.2,31.7,13.4
E00058842,17.3,4,4.4,68.9,5.3
E00058843,20.2,28.5,12,35.1,4.1
E00058844,15.3,43.4,7.2,29.7,4.4
E00058847,20.5,28,12.1,28.9,10.5
E00058849,23.1,25.5,5.3,40.2,5.9
E00058850,12.2,42,5.5,35.3,5.1
E00058851,18.3,26,11.5,34,10.2
E00058852,32,19.9,9,32.4,6.6
E00058853,24,10.1,19.9,34.5,11.6
E00058854,21.7,13.9,4.7,41.4,18.3
E00058855,17.4,20.2,9.7,44.6,8.1
E00058856,11.1,3.9,5.7,74.5,4.7
E00058858,12.3,28.3,2.4,50.2,6.8
E00058859,17.5,2.9,4.1,63.2,12.3
E00058861,9.2,26.1,5.3,35.9,23.6
E00058862,30.5,9.8,3.3,44.4,12
E00058864,11.6,61.1,2.2,14.6,10.5
E00058865,29.9,15.6,2.2,41.5,10.8
E00058866,18.7,6,4.9,64.8,5.6
E00058867,11.7,35.2,0,46.9,6.3
E00058869,16.4,61.3,3.8,8.8,9.7
E00058870,16.8,5.3,3.9,70.5,3.5
E00058871,14.1,31.5,7.4,40.3,6.7
E00058872,9.9,9.9,5.2,66.9,8.1
E00058873,7.7,61.1,3.4,15.9,12
E00058874,11,48.7,6.2,22.1,12
E00058875,5.5,26.2,4.1,57.2,6.9
E00058876,8.1,52.2,6.1,20.2,13.4
E00058877,17.4,56.6,2.1,12.1,11.9
E00058878,25.2,13.7,2.1,47,12
E00058879,7.8,59.6,4.8,21.7,6
E00058880,8.8,46.9,13.2,12.7,18.4
E00058881,35.6,5.8,4,51.8,2.9
E00058884,8.3,0.8,12,72.2,6.8
E00058885,18.5,4.6,4.3,67.3,5.3
E00058887,3.5,5.9,4.3,83.9,2.4
E00058889,21.1,13,16.1,37.7,12.1
E00058890,11.9,18.4,16.4,53.2,0
E00058891,1,2,0.5,95.5,1
E00058892,7,6.4,6.4,79,1.3
E00058893,1.1,2.2,4.5,90.3,1.9
E00058894,9,1.8,3,84.2,2
E00058904,0.5,0,4.1,94,1.4
E00058906,17.2,5.3,6.5,67.6,3.4
E00058907,7.1,2.4,4.7,83.2,2.6
E00058909,13.5,8.8,6.4,71.3,0
E00058910,2,0,2.4,95.6,0
E00058912,5.1,5.1,2.4,86.9,0.6
E00058913,16.3,9.9,4.3,69.5,0
E00058914,9.6,3.2,2.3,82,2.9
E00058915,2.7,0,3.8,91.8,1.6
E00058917,5,2.7,4.3,88,0
E00058918,15.3,14.8,17.9,44.4,7.7
E00058920,6.7,11.9,5.2,75.6,0.7
E00058921,3.9,0,5.2,90.4,0.4
E00058922,7.4,9,7.9,69.8,5.8
E00058923,0.8,1.6,4.4,91.6,1.6
E00058924,2.3,1.9,2.7,93.2,0
E00058925,9.2,1.8,3.1,85.5,0.4
E00058926,4,2,6.8,84.5,2.8
E00058927,1.1,5.3,6.3,87.3,0
E00058928,4.5,1.1,3.8,88.7,1.9
E00058929,3.4,11.7,4.5,78.1,2.3
E00058930,8,3.4,6.9,81.2,0.4
E00058947,1.2,1.5,3.3,91,3
E00058955,3.2,1.4,2.1,92.9,0.4
E00058956,1.2,1.2,2.4,95.3,0
E00058958,1.2,0,3.5,95,0.4
E00058959,18.1,3.2,6.1,68,4.5
E00058960,6.1,2.9,0.4,84.4,6.1
E00169587,8,33.8,7.7,48.3,2.3
E00169589,19,1.2,7.8,68.6,3.5
E00169590,13.4,3,5.7,75.6,2.3
E00169592,11.7,3,6.8,75.1,3.4
E00169593,10.3,7.8,5.2,75,1.7
E00169598,6.6,27.9,11.5,50.8,3.3
E00169609,4.2,2.8,5.2,85.1,2.7
E00169611,2.8,2,6.3,87.4,1.6
E00169612,11,2.8,5.6,77.3,3.2
E00169617,7.2,5.6,6.1,77.1,4
E00169618,3.1,8.8,6.2,78.9,3.1
E00169620,57.3,16.8,1.8,19.8,4.3
E00169621,22.4,40.3,9.4,21.3,6.7
E00169625,15.5,15.5,5.1,53.4,10.5
E00169626,25.8,2.3,4.2,36.2,31.6
E00169629,26.8,9.3,5.6,51.1,7.2
E00169738,16.6,12.4,6.7,61.8,2.5
E00169739,71.7,7.3,2.4,10.6,8.1
E00169740,52.2,10.7,2.9,24.5,9.8
E00169741,67.1,4.1,3.2,18.5,7.1
E00169742,25.1,12.4,6.8,49.8,6
E00169744,17.9,36.6,12.2,30.5,2.7
E00169745,50.2,16,2.2,26.9,4.7
E00169746,35.1,3.4,4.8,53,3.8
E00169747,15.3,23.4,7.3,37.1,16.9
E00169748,19.8,6.3,4.6,65.9,3.3
E00169751,24.2,36.1,9.9,27.4,2.4
E00169752,22.9,45.1,10.4,16,5.6
E00169755,35,16.8,4,40.3,4
E00169780,20.8,3.4,3.8,59.8,12.1
E00169783,7.4,4.9,2.5,58.3,27
E00170048,19.2,13.1,2.5,56.1,9.1
E00170049,6.2,60.2,4.7,16.1,12.8
E00170332,14.3,55.9,5.1,12.5,12.1
E00170433,10.4,24,3.9,52,9.7
E00170581,4.9,4.4,6.6,82.1,2
E00170582,4.2,3.8,6,84,2
E00170584,40.3,26.7,12.9,9.2,10.9
E00170600,29.2,21.8,3.2,39.3,6.6
E00170601,33.3,41.7,5.6,15.4,4
E00170603,45.4,27.9,7.3,14.3,5.2
E00170621,5.6,0,3,89,2.3
E00187025,11.2,10.5,4.9,68,5.5
E00187030,6.9,21.8,2.9,67.1,1.3
E00187037,28.5,2.4,3,52.1,13.9
E00187038,75.2,9.8,3.9,7.9,3.1
E00187047,34,3.3,4.4,53.3,5
E00187048,23.7,0.9,4.7,65.3,5.3
E00187050,24.4,7.6,8.4,49.2,10.3
E00187051,21.4,20,5.5,51,2.1
E00187057,64.5,14.9,5.8,9.1,5.8
E00187062,11.4,4,4.4,79.2,1
E00187067,29,5.5,2.2,58.1,5.1
E00187083,14.8,3.2,3.7,66.7,11.6
E00187093,14.6,0.9,2.8,81.6,0
E00187113,10.3,0,11.1,63.2,15.4
E00187119,29.4,2.3,2.9,57.1,8.3
E00187120,7.9,4.3,3.3,75.7,8.7
E00187123,20.8,3.3,0.5,73.8,1.6
E00187127,15.8,14.7,4.5,51.7,13.2
E00187134,60.6,9.6,2.8,21.1,6
E00187135,36,1.9,5.1,51.9,5.1
E00187136,25.8,11.5,2.2,55.5,4.9
E00187137,51,3.4,2.2,39.2,4.1
E00187144,14.5,15.1,0.6,67.6,2.2
E00187145,33.6,4.5,3.5,50.6,7.8
E00187152,17.3,4.1,4.4,71.8,2.4