areacd,hh_language-001,hh_language-002,hh_language-003,hh_language-004
E00084753,95.8,3,0.6,0.6
E00138025,86,2.3,2.3,9.3
E00138026,73.5,7.2,3,16.3
E00138027,69.2,9.6,2.7,18.5
E00138028,77.3,7.6,2.3,12.9
E00138029,63.4,9.9,1.4,25.4
E00138030,70.9,10.2,2.4,16.5
E00138031,95.7,1.7,0,2.6
E00138032,66.7,6.8,4.3,22.2
E00138033,83.1,10.8,0.8,5.4
E00138034,80.7,5.9,2.5,10.9
E00138035,89.4,5.3,3,2.3
E00138036,90.7,4,1.3,4
E00138037,78.6,5.8,3.2,12.3
E00138038,92,3.6,1.8,2.7
E00138039,79.1,10.1,2.9,7.9
E00138040,77.5,0.7,1.4,20.4
E00138041,80.4,2.9,2,14.7
E00138042,81.6,2.7,2.7,12.9
E00138043,67.7,13.7,1.6,16.9
E00138044,65.7,7.1,3,24.3
E00138045,66.9,8.3,6,18.8
E00138046,82.1,8,1.9,8
E00138047,71.1,7,3.9,18
E00138048,77.4,6.6,0,16.1
E00138049,61.4,8.9,0,29.7
E00138050,76.9,3.8,3.3,15.9
E00138051,66.9,16.6,2.8,13.8
E00138052,85,3.8,2.3,9
E00138053,87,4.6,1.5,6.9
E00138054,69.5,2,8.6,19.9
E00138055,78.8,6.1,3.8,11.4
E00138056,76,7.4,3.3,13.2
E00138057,83.7,6.4,2.9,7
E00138058,84.7,8.5,0.8,5.9
E00138059,78.5,2.5,3.3,15.7
E00138060,96,1.5,1.1,1.5
E00138061,82.5,8.2,1,8.2
E00138062,81.7,5,5,8.3
E00138063,77.2,5.9,3.7,13.2
E00138064,76.9,6.9,3.1,13.1
E00138065,89.9,6.5,1.4,2.2
E00138066,87.5,5.5,1.6,5.5
E00138067,88.2,3.4,2.5,5.9
E00138068,85.4,11.7,2.2,0.7
E00138069,76.1,9.4,4.3,10.3
E00138070,82.8,2.5,2.5,12.3
E00138071,94.4,4.2,0,1.4
E00138072,87.7,0.9,2.8,8.5
E00138073,79.5,6.3,5.4,8.9
E00138074,77.1,7.8,3.3,11.8
E00138075,71.4,8.4,5,15.1
E00138076,78.7,4.7,1.6,15
E00138077,89.1,6.5,0.7,3.6
E00138078,92,2.9,0,5.1
E00138080,91.7,6.7,1.7,0
E00138081,93.5,4,0.8,1.6
E00138212,75,7.2,0,17.8
E00138213,94.5,1.6,0.8,3.1
E00138214,76,9.6,1.6,12.8
E00138215,75.2,13.2,4.1,7.4
E00138216,80.9,7.8,4.3,7
E00138217,71.5,10.6,4.1,13.8
E00138218,78.1,7.8,4.7,9.4
E00138219,73.5,15.9,4.4,6.2
E00138220,76.3,7.4,3,13.3
E00138221,79.8,8.1,4,8.1
E00138222,77.4,5.5,2.7,14.4
E00138223,86.6,3.6,1.8,8
E00138224,79.8,7.6,2.5,10.1
E00138225,78.8,5.9,4.2,11
E00138226,93,3.5,0.9,2.6
E00138227,89.6,2.6,3.5,4.3
E00138228,76.2,12.7,3.2,7.9
E00138229,80.2,4.5,4.5,10.8
E00138230,89.4,1.8,1.8,7.1
E00138231,87.8,1.7,1.7,8.7
E00138232,84.7,4.5,5,5.9
E00138233,80.4,4.7,5.5,9.4
E00138234,94.6,3.1,1.5,0.8
E00138235,75,9.5,4.3,11.2
E00138236,79.2,7.2,4,9.6
E00138237,68.1,6.5,5.8,19.6
E00138238,79.4,7.1,1.6,11.9
E00138239,88.4,5.8,1.4,4.3
E00138240,93.2,3.4,2.1,1.4
E00138242,74.3,9.3,2.9,13.6
E00138244,84.6,4.6,0.8,10
E00138246,82.4,3.2,4,10.4
E00138247,96.9,2.3,0,0.8
E00138248,78.3,7.5,2.5,11.7
E00138249,79.3,3.3,5,12.4
E00138250,96.4,0.7,0,2.9
E00138251,82.2,3.7,3.7,10.3
E00138255,83,1.5,5.9,9.6
E00138256,86.7,3.3,3.3,6.7
E00138257,71.4,8.7,2.4,17.5
E00138258,92.7,2.6,2.1,2.6
E00138259,87.6,3.1,4.7,4.7
E00138260,92.9,3.6,1.8,1.8
E00138261,84.7,3.4,3.4,8.5
E00138262,91,3.3,2.5,3.3
E00138263,83.1,5.1,1.7,10.2
E00138264,84,2.5,1.7,11.8
E00138265,83.9,4,4,8.1
E00138266,82.9,8.9,1.4,6.8
E00138267,92.2,2.6,1.9,3.2
E00138268,91.4,2.3,0.8,5.5
E00138270,94.1,1.7,0,4.2
E00138271,88.1,4.2,4.2,3.4
E00138272,82.4,7.3,3.6,6.7
E00138273,89.4,3.3,0,7.3
E00138274,81.6,4.8,4.8,8.8
E00138275,78,9.8,5.3,6.8
E00138276,94.8,1.3,1.3,2.6
E00138277,76.7,5.4,3.1,14.7
E00138278,86,5,2.5,6.6
E00138279,93.9,1,0,5.1
E00138280,81.7,3.4,6.3,8.6
E00138281,93.2,3.4,0,3.4
E00138282,89.1,7.9,1,2
E00138283,87,2.3,0,10.7
E00138284,93.5,3.3,1.3,2
E00138285,79,5.9,6.7,8.4
E00138286,89,6.6,0.7,3.7
E00138287,94.6,0.8,0.8,3.8
E00138291,91.3,2.6,0,6.1
E00138292,82.8,9,0.8,7.4
E00138293,88.8,4,2.4,4.8
E00138294,81.1,6.6,0,12.3
E00138296,81,6.6,4.1,8.3
E00138297,78,5.3,2.7,14
E00138300,89.8,6.8,0,3.4
E00138301,75.6,10.1,5,9.2
E00138303,89.5,2.3,2.3,6
E00138307,80,7.3,0,12.7
E00138309,86.9,5.1,0.7,7.3
E00138314,73.7,6.8,1.5,18
E00138316,91.1,4.1,0.8,4.1
E00138318,88.2,4.4,0,7.4
E00138319,84.7,5.6,0.7,9
E00138348,81.3,6,3.7,9
E00138349,76.9,4.2,1.4,17.5
E00138350,73.2,7.3,7.3,12.2
E00138351,75.4,7.7,3.8,13.1
E00138352,76.9,6.6,8.3,8.3
E00138353,58.7,11.9,4,25.4
E00138354,74.8,1.6,8.1,15.4
E00138355,88.3,3.9,2.3,5.5
E00138356,65.3,9.7,4.8,20.2
E00138357,68.7,5.3,3.1,22.9
E00138358,80,9.3,2.9,7.9
E00138359,78.5,7.6,3.5,10.4
E00138360,81.9,1.3,2,14.8
E00138361,74.7,5.1,6.1,14.1
E00138362,80.9,8.8,2.2,8.1
E00138363,66.2,12.8,4.7,16.2
E00138364,64.9,9.1,7.8,18.2
E00138365,78.8,4.8,2.9,13.5
E00138366,81.7,3,5.1,10.2
E00138367,82.7,1.8,0,15.5
E00138373,72.3,11.6,5.4,10.7
E00138374,64.5,9.9,1.7,24
E00138375,69.9,12,7.5,10.5
E00138379,97.4,2.6,0,0
E00138380,98.4,0.8,0.8,0
E00138381,98.3,0.9,0.9,0
E00138385,93.3,2.7,0,4
E00138392,88.9,3.7,2.2,5.2
E00138393,87.8,1.4,4.1,6.8
E00138394,91.9,4,1.7,2.3
E00138397,87,4.3,4.3,4.3
E00138398,83.7,4.9,5.7,5.7
E00138402,96.4,1.8,1.8,0
E00138472,95.5,0.9,2.7,0.9
E00138473,90.1,1.8,2.7,5.4
E00138474,88.8,2.2,2.2,6.7
E00138475,89.2,3.8,1.5,5.4
E00138476,93.4,2.5,1.6,2.5
E00138477,94.2,5.8,0,0
E00138478,90.2,2.4,0.8,6.5
E00138479,88.5,1.5,1.5,8.5
E00138503,66.7,5.8,2.9,24.6
E00138508,72.7,5.6,1.4,20.3
E00138510,72.9,4.2,0.7,22.2
E00138644,92.8,4.7,1.3,1.3
E00138645,91.8,4.5,0,3.6
E00138646,94.2,4.8,0,1
E00138647,95.2,0.8,2.4,1.6
E00138648,83.5,9.4,3.1,3.9
E00138649,95.3,4.7,0,0
E00138650,89.2,4.5,3.6,2.7
E00138651,93.2,4.5,0.8,1.5
E00138652,98.9,1.1,0,0
E00138653,66.7,8.3,3.7,21.3
E00138654,80.9,8.7,1.7,8.7
E00138655,69.3,18.1,1.6,11
E00138656,70.2,8.9,1.6,19.4
E00138657,74.2,6.1,3.8,15.9
E00138658,92,3.5,2.7,1.8
E00138659,93.9,1.8,1.2,3
E00138660,93.9,3.8,0,2.3
E00138661,91.4,6.4,0.7,1.4
E00138662,97.7,1.6,0,0.8
E00138663,96.2,1.5,0.8,1.5
E00138664,86.6,4.5,1.8,7.1
E00138665,91.7,1.5,3.8,3
E00138666,86.7,2.2,3,8.1
E00138667,95.7,1.4,0,2.9
E00138668,85.9,5.9,1.5,6.7
E00138669,90.2,6,0.8,3
E00138670,85,4.7,0.8,9.4
E00138734,99.3,0.7,0,0
E00138735,99.3,0,0,0.7
E00138736,99.3,0.7,0,0
E00138737,98.4,1.1,0,0.5
E00138738,98.4,0.8,0,0.8
E00138739,98.8,0.6,0,0.6
E00138740,97,2.4,0,0.6
E00138742,98.3,0.9,0,0.9
E00138743,94.9,5.1,0,0
E00138744,94.6,3.9,0.8,0.8
E00138745,97.8,0.7,0,1.5
E00138746,99.1,0.9,0,0
E00138747,97.6,1.6,0,0.8
E00138748,99.3,0.7,0,0
E00138927,98.3,1.7,0,0
E00138928,95.2,1.9,0,2.9
E00138929,99.1,0.9,0,0
E00138930,99.1,0.9,0,0
E00138931,99,1,0,0
E00138932,99.1,0.9,0,0
E00138933,99.1,0,0,0.9
E00138998,98.4,0.8,0,0.8
E00138999,96.8,1.6,0,1.6
E00139000,97.6,0.6,0,1.8
E00139001,98.5,0.5,0.5,0.5
E00139007,98.6,0.7,0.7,0
E00139008,93.7,2.5,0,3.8
E00139009,97.3,0.9,0,1.8
E00139010,97.9,0.5,0.5,1.1
E00139011,99.2,0,0,0.8
E00139012,97.1,0.7,0.7,1.5
E00139013,100,0,0,0
E00139014,99.4,0,0,0.6
E00139015,100,0,0,0
E00139156,99.2,0.8,0,0
E00139157,99,1,0,0
E00139163,99.3,0.7,0,0
E00139164,97.7,1.1,0,1.1
E00169247,84,4.9,2.5,8.6
E00169248,84.7,4.4,0.7,10.2
E00169300,90.8,3.1,1.5,4.6
E00169302,85.2,4.7,3.1,7
E00188970,84.3,4.1,5,6.6
E00188975,94.7,0,1.5,3.8
E00189006,91.2,4.4,1.5,2.9
E00189013,86.8,4.6,3.9,4.6
E00189145,93.3,3,0.7,3
E00189156,90.9,5,0.8,3.3
E00189172,83.2,7.1,1.8,8