geography_code,has_ever_worked-001,has_ever_worked-002,has_ever_worked-003
E00070666,23.1,74.4,2.6
E00070671,12.3,71.9,15.8
E00070741,12.5,75,12.5
E00070752,10.3,79.5,10.3
E00070820,16.2,56.6,27.3
E00070822,13.7,71.8,14.5
E00070823,8.1,73.8,18.1
E00070824,9.3,78.4,12.3
E00070825,12.1,72.9,15
E00070826,9,82.8,8.2
E00070827,6.5,81.5,12
E00070828,7.7,86.9,5.4
E00070829,7.1,83,9.9
E00070830,9.1,84.4,6.5
E00070831,8.3,85.5,6.2
E00070832,12.9,72.1,15
E00070833,13.2,75.5,11.3
E00070834,9.6,80.1,10.3
E00070835,15.2,73.2,11.6
E00070836,7.6,79.7,12.7
E00070837,9.5,86.2,4.3
E00070838,11.2,81.3,7.5
E00164127,8.8,83,8.2
E00164128,3.5,85.2,11.3
E00164129,7.3,75.8,16.9
E00164130,7.3,73.2,19.5
E00164131,8.5,77.6,13.9
E00164132,9.5,81.6,8.8
E00164133,11.3,76.6,12.1
E00164134,14.7,72.1,13.2
E00164135,8.3,78.1,13.5
E00164136,7.6,69.6,22.8
E00164137,11.8,82.4,5.9
E00164141,11.5,69.2,19.2
E00164142,7.7,77.9,14.4
E00164144,11.9,72.6,15.4
E00164145,13.3,75.6,11.1
E00164146,12.2,76.3,11.5
E00164147,6.7,76.9,16.3
E00164148,5.2,82.6,12.2
E00164149,7.8,79.9,12.3
E00164150,16.8,70.5,12.6
E00164152,8.9,75,16.1
E00164153,5.9,74.1,20
E00164154,12.2,69.8,18
E00164155,10.4,69.8,19.8
E00164156,7.8,62.1,30.1
E00164157,6.6,79.1,14.3
E00164158,7.6,84.8,7.6
E00164159,5.4,84.4,10.2
E00164160,8.4,77.4,14.2
E00164161,14.2,83.3,2.5
E00164162,8.5,84.3,7.2
E00164163,9.7,76.6,13.7
E00164164,9.6,78.1,12.3
E00164165,10,68.9,21.1
E00164166,12.9,57.4,29.7
E00164167,9.5,75.2,15.3
E00164168,11.6,58.9,29.5
E00164169,8.1,85.9,5.9
E00164170,3.4,89.9,6.7
E00164171,10.7,81.7,7.6
E00164172,6.3,78.3,15.4
E00164173,13.6,80,6.4
E00164174,6.3,87.5,6.3
E00164175,8.9,73.2,17.9
E00164176,9.2,80.1,10.6
E00164179,10.7,64.3,25
E00164180,9.9,83.2,6.9
E00164181,14.8,64.8,20.4
E00164182,13.7,55.9,30.4
E00164183,13.1,63.6,23.2
E00164184,6.9,58.8,34.3
E00164185,15.1,71.9,12.9
E00164186,15.1,68.3,16.7
E00164187,13.7,67.7,18.5
E00164188,10.1,69.7,20.2
E00164189,9.6,71.7,18.7
E00164190,12.4,70.1,17.5
E00164191,7.9,82.9,9.2
E00164192,4.1,81.3,14.6
E00164193,9.9,71.8,18.3
E00164196,13.6,71.8,14.6
E00164197,11.7,75.8,12.5
E00164198,10.6,75.2,14.2
E00164199,8.3,78.2,13.5
E00164200,15,70,15
E00164201,11.5,66.2,22.3
E00164202,16,71.4,12.6
E00164203,7.8,80.4,11.8
E00164211,7.8,63.6,28.7
E00164212,4.7,75.7,19.6
E00164213,7.9,71.7,20.4
E00164214,18.1,66.7,15.3
E00164215,6.7,88.2,5
E00164216,8.2,69.8,22
E00164217,11.4,70.9,17.7
E00164218,12.5,73.3,14.2
E00164219,2.7,79.6,17.7
E00164220,8,76,16
E00164221,6.9,83.1,10
E00164222,7.3,76.8,15.9
E00164223,13.3,68,18.7
E00164224,12.4,68.5,19.1
E00164225,8,75,17
E00164226,12.4,76.9,10.7
E00164227,3.4,84.6,12
E00164228,7.8,65.6,26.7
E00164229,5,81.2,13.9
E00164230,15.3,62.1,22.6
E00164231,9.4,77.9,12.8
E00164232,5.3,85.1,9.6
E00164240,10.4,71.5,18.1
E00164241,5.6,85.2,9.3
E00164242,14.3,70.1,15.6
E00164243,7,65,28
E00164244,13.5,73.9,12.6
E00164248,14.1,74.2,11.7
E00164249,13.7,70.5,15.8
E00164251,8,70.5,21.4
E00164252,16.5,58.7,24.8
E00164253,14.5,65.2,20.3
E00164254,11.3,74.2,14.4
E00164255,14.5,52.9,32.6
E00164256,8.7,69.6,21.7
E00164257,16,57,27
E00164258,14.7,47.4,37.9
E00164259,15.7,54.8,29.6
E00164260,14.1,56.3,29.7
E00164261,8.7,73.8,17.5
E00164262,13,75,12
E00164263,7.3,69.3,23.3
E00164264,11.6,78.5,9.9
E00164265,5.5,70.7,23.8
E00164266,7.3,54.8,37.9
E00164267,10.5,54.4,35.1
E00164268,7.6,58.8,33.6
E00164269,6.1,78.8,15.2
E00164270,13.5,54,32.5
E00164271,7.5,67.3,25.2
E00164272,8.8,69.9,21.2
E00164273,6.3,90.1,3.6
E00164274,11.1,71.1,17.8
E00164275,6.3,77.8,15.9
E00164276,1,88.8,10.2
E00164277,10.8,68.2,20.9
E00164278,7.1,81.4,11.4
E00164279,17.7,69.5,12.8
E00164280,14.3,66.7,19
E00164281,6.5,81.8,11.7
E00164282,8.4,73.1,18.5
E00164283,10.4,76.3,13.3
E00164284,9.1,77.3,13.6
E00164285,6.5,80.4,13.1
E00164286,11.6,75.6,12.8
E00164287,7.3,85.4,7.3
E00164288,17.2,75.4,7.4
E00164289,2.9,87.4,9.7
E00164290,4.8,82.5,12.7
E00164291,11.4,75.7,12.9
E00164292,13.7,76.3,10.1
E00164293,13.8,71.3,14.9
E00164294,4.5,80.3,15.2
E00164295,4.8,93.2,2.1
E00164296,10.4,79.3,10.4
E00164298,7.3,84.9,7.8
E00164299,4.3,82.2,13.5
E00164300,16.7,65.3,18.1
E00164301,12.7,67.3,20
E00164302,6.2,79.6,14.2
E00164303,10.7,75,14.3
E00164305,5.4,90.6,4
E00164306,6.6,80.2,13.2
E00164307,14.2,68.2,17.6
E00164308,7.5,74.6,17.9
E00164312,11.4,73.4,15.2
E00164330,6.4,77.1,16.6
E00164331,8,62.7,29.2
E00164332,9.5,81.7,8.7
E00164333,9.2,80,10.8
E00164334,5.1,83.9,10.9
E00164335,6.4,75.2,18.4
E00164336,16.3,68.8,15
E00164337,10.4,68.8,20.8
E00164338,8.8,81.4,9.8
E00164339,5.7,79.2,15.1
E00164340,14,76,10
E00164341,15.2,70.7,14.1
E00164342,9.4,71.8,18.8
E00164343,8.1,78.4,13.5
E00164345,13.2,53,33.8
E00164346,12.9,72,15.1
E00164347,4.6,87,8.4
E00164348,9.4,76.4,14.2
E00164349,12.5,81.6,5.9
E00164350,2.4,80,17.6
E00164351,7.1,85.7,7.1
E00164352,8.9,88.9,2.2
E00164353,19.8,69.8,10.5
E00164354,9.9,71.3,18.8
E00164355,12.8,79.9,7.4
E00164356,18.5,69.6,12
E00164357,12.2,64.3,23.5
E00164358,8.2,83.6,8.2
E00164359,6,60,34
E00164360,15.4,65.4,19.2
E00164361,9.5,71.4,19
E00164362,7.6,79.3,13
E00164363,12.6,78.7,8.7
E00164364,10.1,77.5,12.4
E00164365,8.7,77.2,14.1
E00164366,14.9,77.7,7.4
E00164367,11.9,76.9,11.2
E00164368,17.6,72.9,9.4
E00164369,15.2,69.6,15.2
E00164632,14.2,57.4,28.4
E00164633,12.4,70.1,17.5
E00164634,23,62.1,14.9
E00164635,18.7,57.3,24
E00164636,14.7,60,25.3
E00164637,11.9,72.6,15.5
E00164638,18.3,56.3,25.4
E00164639,24.1,44.8,31
E00164640,14.4,65.6,20
E00164641,14.3,58.7,27
E00164642,12.2,51.2,36.6
E00164643,36.8,40.4,22.8
E00164644,34.9,48.8,16.3
E00164645,23.4,59.7,16.9
E00164646,15.2,54.3,30.4
E00164647,28,44,28
E00164649,15.9,72,12.2
E00164650,14.1,64.1,21.8
E00164651,8.7,79.7,11.6
E00164652,8.9,73.4,17.7
E00164653,11.1,75.8,13.1
E00164654,11.5,56.4,32.1
E00164655,9.3,73.8,16.8
E00164656,16.7,53.6,29.8
E00164657,18.9,64.2,17
E00164658,15.4,62.6,22
E00164659,4.8,83.6,11.6
E00164660,14.9,57.9,27.2
E00164661,7.3,62.8,29.9
E00164662,15.8,65.8,18.4
E00164663,18.2,52.9,28.9
E00164664,9.6,72.1,18.4
E00164665,14.6,53.9,31.5
E00164666,7,77.4,15.7
E00164667,18.5,64.6,16.9
E00164668,14.3,68.8,16.9
E00164669,8,73,19
E00164671,21.5,49.2,29.2
E00164672,7.4,80.7,11.9
E00164673,15.2,54.5,30.3
E00164674,8.2,86.3,5.5
E00164675,8.1,74.7,17.2
E00164676,5.7,86.7,7.6
E00164677,6,87.1,6.9
E00164678,5.7,75.6,18.7
E00164679,8.3,76.7,15
E00164680,13.8,75.9,10.3
E00164681,15.5,67.2,17.2
E00164682,16.3,55.1,28.6
E00164683,20.4,54.6,25
E00164685,13.6,63,23.4
E00164686,17.1,59.2,23.7
E00164687,9,82,9
E00164688,11,70,19
E00164689,9.7,77.7,12.6
E00164690,10.8,74.3,14.9
E00164691,10.6,70.8,18.6
E00164692,14.1,63.5,22.4
E00164693,10.6,77.7,11.7
E00164694,7.6,77.9,14.5
E00164695,8.7,73.2,18.1
E00164697,12.9,61.2,25.9
E00164698,16.8,56.8,26.4
E00164700,20.4,41.7,38
E00164701,21.1,55.6,23.3
E00164702,8.8,68.1,23.1
E00164704,18.2,51.5,30.3
E00164705,10.9,53.3,35.9
E00164706,12.7,60.3,27
E00164709,19.7,62,18.3
E00164710,16.9,37.7,45.4
E00164711,17,51,32
E00164712,9.9,75.8,14.3
E00164714,14.7,50.5,34.7
E00164715,17.7,41.8,40.4
E00164716,11.7,59.2,29.1
E00164717,12,47,41
E00164719,20,52,28
E00164721,9,78.7,12.4
E00164722,41.9,29.8,28.3
E00164723,16.1,66.7,17.2
E00164724,19.7,63.4,16.9
E00164725,21.7,65,13.3
E00164726,9.1,79.8,11.1
E00164727,11.5,83.7,4.8
E00164728,12.7,75.5,11.8
E00164729,11.3,70.7,18
E00164730,12.5,69.4,18.1
E00164731,5.7,83.6,10.7
E00164732,10,79.1,10.9
E00164733,8.5,74.5,17
E00164734,15.3,58.2,26.5
E00164735,17.4,75,7.6
E00164736,14.2,60.8,25
E00164737,19,65.8,15.2
E00164738,8.9,81.3,9.8
E00164739,14.3,64.3,21.4
E00164740,13.5,65.4,21.2
E00164741,14.8,64.2,21
E00164742,17.6,69.4,12.9
E00164743,9.9,81,9.1
E00164744,7.9,81.9,10.2
E00164745,15,61.3,23.8
E00164746,25,63.6,11.4
E00164747,11.7,68,20.4
E00164748,11.2,75.7,13.1
E00164749,4,90.3,5.6
E00164750,12.4,74.3,13.3
E00164751,13.9,56.2,29.9
E00164752,8.7,67,24.3
E00164753,15.3,65.9,18.8
E00164754,6.1,66.3,27.6
E00164755,12.2,68.4,19.4
E00164756,8.3,53.2,38.5
E00164757,8,61.6,30.4
E00164758,12,66.7,21.3
E00164759,20.6,39.7,39.7
E00164760,14.9,54.5,30.7
E00164761,10.8,51.6,37.6
E00164762,6.6,61.5,31.9
E00164763,12.9,64.7,22.4
E00164764,11.6,53.6,34.8
E00164765,10.7,62.1,27.2
E00164766,13.8,56.9,29.4
E00164767,11.5,53.4,35.1
E00164768,14.4,54.4,31.1
E00164769,18.4,57.9,23.7
E00164770,15,52,33
E00164771,14.5,53.6,31.8
E00164772,13,55,32
E00164773,14.8,57.4,27.8
E00164774,8.7,52.4,38.9
E00164775,14.3,67.9,17.9
E00164776,13.7,38.6,47.7
E00164777,11.8,70.6,17.6
E00164778,7.9,49.6,42.5
E00164779,14.9,70.1,14.9
E00164780,4.1,66.4,29.5
E00164781,10.8,79.2,10
E00164782,9.3,70.5,20.2
E00164783,9.5,36.8,53.7
E00164784,13.9,68.7,17.4
E00164785,2.7,78.8,18.6
E00164786,16.5,60.9,22.6
E00164787,18.6,54.7,26.7
E00164788,13,66.3,20.7
E00164789,16.7,59.4,24
E00164790,11.5,56.6,31.9
E00164791,13.7,61.6,24.7
E00164792,7.8,64.8,27.3
E00164793,10.7,45.8,43.5
E00164794,16.9,66.1,16.9
E00164795,14.8,55.7,29.6
E00164796,17.3,58.7,24
E00164797,12.7,67.6,19.6
E00164798,9.2,60.8,30
E00164799,16.7,68.9,14.4
E00164800,20.5,52.1,27.4
E00164801,12.1,75.8,12.1
E00164802,7.1,57.1,35.7
E00164803,10.9,54.5,34.5
E00164804,18.7,60,21.3
E00164805,10.7,62.7,26.7
E00164806,15.6,61.1,23.3
E00164807,13.9,52.5,33.7
E00164808,10.2,53.4,36.4
E00164809,11.8,59.1,29.1
E00164810,13.2,63.2,23.7
E00164811,17,48.9,34.1
E00164812,14.1,56.5,29.3
E00164813,22.1,63.2,14.7
E00164814,6.3,83.9,9.8
E00164815,17.7,66.4,15.9
E00164816,42.3,39.6,18.1
E00164818,33.7,52.6,13.7
E00164819,35.6,42.4,22
E00164820,28,56,16
E00164821,16.8,70.3,12.9
E00164822,20,64.3,15.7
E00164823,7.4,76.9,15.7
E00164824,9.4,78,12.6
E00164825,15,70.1,15
E00164826,8.6,72.4,19
E00164827,15.6,62.4,22
E00164828,7.7,70.3,21.9
E00164829,8,72,20
E00164830,12.8,44.4,42.7
E00164831,14.4,57.6,28
E00164832,12.3,65.4,22.3
E00164833,9.8,76.5,13.7
E00164834,26.9,57.3,15.8
E00164835,10.6,57.4,31.9
E00164837,17.7,63.8,18.4
E00164838,24.4,62.8,12.8
E00164839,13,52.2,34.8
E00164840,21,65.4,13.6
E00164841,20.1,54,25.9
E00164842,27.2,50,22.8
E00164843,13.8,44.8,41.4
E00164844,26,58,16
E00164845,9.6,67.6,22.8
E00164846,17.1,61.3,21.6
E00164847,1.4,86.4,12.1
E00164848,13.6,71.6,14.8
E00164849,28.8,42.4,28.8
E00164850,33.1,51.7,15.3
E00164851,19.8,56.3,23.8
E00164852,24.2,56,19.8
E00164853,17.5,53.5,28.9
E00164854,14.9,60.4,24.6
E00164855,18.5,56.3,25.2
E00164856,22.2,59.5,18.4
E00164857,12.2,75.5,12.2
E00164858,8.5,78.3,13.2
E00164859,20,57.8,22.2
E00164860,18.4,55.3,26.3
E00164861,21.2,63.5,15.4
E00164862,19.7,56.1,24.2
E00164863,23.5,66.2,10.3
E00164864,10,85,5
E00164865,9.3,77.3,13.3
E00164866,14.5,61.8,23.6
E00164867,8.8,69.2,22
E00164868,13,66.7,20.4
E00164869,19.4,75.8,4.8
E00164870,4,77.4,18.5
E00164871,18.8,51.8,29.4
E00164872,12.4,76.6,11
E00164873,13.1,63.4,23.5
E00164874,19.7,68.9,11.5
E00164875,16.3,67.4,16.3
E00164876,12.4,74.3,13.3
E00164877,15.4,70.5,14.1
E00164878,8.7,59.6,31.7
E00164879,5.7,72.4,21.8
E00164880,13.5,73.1,13.5
E00164881,12.8,68.8,18.4
E00164882,6.3,69.4,24.3
E00164883,5.1,74.6,20.3
E00164884,16,74,10
E00164885,10.8,73.5,15.7
E00164886,7.5,77.5,15
E00164887,6.9,65.5,27.6
E00164888,13.7,72.6,13.7
E00164889,9.6,68.3,22.1
E00164890,4.2,88.5,7.3
E00164891,13.9,70.8,15.3
E00164893,15,61.3,23.8
E00164895,11,72.6,16.4
E00164896,7.4,57.4,35.1
E00164897,14.4,56.7,28.9
E00164898,10.8,61.8,27.5
E00164899,15.5,56,28.4
E00164900,16.5,62.9,20.6
E00164901,14.5,63.6,21.8
E00164902,12.4,55.4,32.2
E00164903,13.7,58.1,28.2
E00164904,9.3,44.1,46.6
E00164905,15,55,30
E00164906,11.5,55.2,33.3
E00164907,10.3,57.7,32
E00164908,14.3,61.9,23.8
E00164909,13.9,47.4,38.7
E00164910,30,58,12
E00164911,15.6,66.2,18.2
E00164912,16.7,60,23.3
E00164913,19.3,67.5,13.3
E00164914,20.9,59.7,19.4
E00164915,17.7,58.1,24.2
E00164916,19.4,69.4,11.1
E00164917,17.6,67.6,14.9
E00164918,16.2,67.6,16.2
E00164919,17.2,62.6,20.2
E00164920,12.5,70,17.5
E00164921,10.6,75.8,13.6
E00164922,16.9,46.2,36.9
E00164923,18.4,70.1,11.5
E00164924,20.2,51.2,28.6
E00164925,20,76.4,3.6
E00164926,15.8,56.6,27.6
E00164927,11.5,66.7,21.8
E00164928,26.4,50.9,22.6
E00164929,18.2,62.1,19.7
E00164931,22.7,57.6,19.7
E00164932,14.1,64.7,21.2
E00164933,29.6,53.7,16.7
E00164934,11.5,71.3,17.2
E00164935,6.7,80.9,12.4
E00164936,28.3,58.3,13.3
E00164937,17,70.5,12.5
E00164938,21.2,55.8,23.1
E00164939,20.4,49.1,30.6
E00164940,22.7,57.6,19.7
E00164941,16.8,63.2,20
E00164942,19.6,58.7,21.7
E00164943,18.9,69.7,11.4
E00164944,17.4,58.7,23.9
E00164945,12.1,72.9,15
E00164946,9.7,64.8,25.5
E00164973,10.7,77.7,11.6
E00164974,12.5,75.7,11.8
E00164976,11,74.5,14.5
E00164978,15.9,69.2,15
E00164979,11.4,75.4,13.2
E00164980,10,74.2,15.8
E00165030,9.5,69,21.4
E00165031,7.8,75.3,16.9
E00165033,7.1,60.2,32.7
E00165034,8.9,66.1,25
E00165035,9.2,69.4,21.4
E00165036,8.3,73.1,18.5
E00165037,12.4,63.8,23.8
E00165038,13.2,64,22.8
E00165039,16.2,66.7,17.2
E00165041,11.8,66.7,21.5
E00165042,8.1,84.7,7.3
E00165043,8.5,79.3,12.2
E00165044,9.3,80.4,10.3
E00165047,9.4,73.2,17.4
E00165051,11.3,66.2,22.5
E00165052,7.1,69.7,23.2
E00165053,1.7,80.2,18.1
E00165054,5.1,81.6,13.2
E00165055,8,83.2,8.8
E00165056,7.9,82.5,9.5
E00165057,16.3,62.2,21.4
E00165058,9.1,81,9.9
E00165059,18.1,77.8,4.2
E00165060,15.7,76.5,7.8
E00165061,12,80.5,7.5
E00165062,5.8,79.2,15
E00165063,8.9,75.6,15.6
E00165064,13.4,76.8,9.8
E00165065,15.4,64.1,20.5
E00165066,5.8,83.5,10.8
E00165069,10.7,77.7,11.6
E00165070,11,82,7
E00165071,14.7,70.6,14.7
E00165072,10.1,78.8,11.1
E00165073,8.7,77.8,13.5
E00165074,10.9,71.7,17.4
E00165075,16,72.8,11.1
E00165076,10.5,70.2,19.4
E00165077,9.8,72.4,17.9
E00165078,6.9,73.3,19.8
E00165079,14,77.2,8.8
E00165080,6.1,86.7,7.2
E00165081,9.2,74.3,16.4
E00165082,9.3,77.5,13.2
E00165083,5.8,70.2,24
E00165084,7.3,74.5,18.2
E00165085,7.3,86.2,6.5
E00165086,7.3,75.2,17.4
E00165087,8.9,61.6,29.5
E00165088,16.7,67.9,15.5
E00165089,8.7,66,25.2
E00165090,11.9,68.3,19.8
E00165091,7.5,73.6,18.9
E00165093,17.5,63.9,18.6
E00165104,4.5,82.9,12.6
E00165105,12,57,31
E00165106,10.2,71.6,18.2
E00165107,7.4,61.1,31.5
E00165108,9.4,67,23.6
E00165109,10.3,73.3,16.4
E00165111,9,77.5,13.5
E00165112,4.6,88.8,6.6
E00165113,15.7,70.1,14.2
E00165114,6.7,79.9,13.4
E00165117,10.6,69.9,19.5
E00165247,7.7,67.7,24.6
E00165248,8.9,83.3,7.8
E00165249,8,75,17
E00165251,9.7,75.8,14.5
E00165252,10.1,66.7,23.2
E00165253,4.9,70.6,24.5
E00165254,7.5,78.5,14
E00165255,7.9,70.3,21.8
E00165256,11.1,72.2,16.7
E00165257,13.3,73.3,13.3
E00165258,3.1,83.2,13.7
E00165259,17.8,66.7,15.6
E00165262,9.4,76,14.6
E00165263,26.7,54.3,19
E00165264,23.2,52.2,24.6
E00165265,4.3,78.4,17.3
E00165266,11.6,71,17.4
E00165267,16.4,63.6,20
E00165268,19.7,68.4,11.8
E00165270,10.3,61.5,28.2
E00165330,11.4,68.6,20
E00165337,10.3,64.1,25.6
E00165339,13.2,73.7,13.2
E00168514,8.5,83.4,8
E00171597,22.7,49.3,28
E00172253,18,14.8,67.3
E00172254,2.7,90.7,6.7
E00172255,13.6,60.2,26.2
E00172257,53.2,27.7,19.1
E00172258,22.4,67.2,10.4
E00172259,17.8,64.4,17.8
E00172261,35.8,47,17.2
E00172263,30.7,34.7,34.7
E00172264,14.3,50,35.7
E00172265,11.4,46.6,42
E00172266,8.1,45.9,45.9
E00172267,20.8,72.9,6.3
E00172268,17.9,58.9,23.2
E00172269,16.7,63.3,20
E00172270,14.3,71.4,14.3
E00172271,20.3,67.8,11.9
E00172272,22.9,52.1,25
E00172274,20,66.7,13.3
E00181271,37.2,46,16.8
E00181272,10.7,78.1,11.2
E00181273,23,55,22
E00181276,10.9,71,18.1
E00181278,7,78.9,14
E00181279,11.3,76.3,12.4
E00181280,26.1,58.7,15.2
E00181283,11.1,70.6,18.3
E00181284,15.5,66.4,18.2
E00181285,14.5,67.3,18.2
E00181286,6.8,79.5,13.7
E00181288,10.3,66.2,23.5
E00181296,12.9,72,15.1
E00181302,12.6,60.9,26.4
E00181303,22.5,61.8,15.7
E00181305,30,52,18
E00181307,10.7,50,39.3
E00181309,20.3,50,29.7
E00181310,13.3,68.9,17.8
E00181314,6,83.6,10.4
E00181315,7.5,71.3,21.3
E00181316,9.5,78.6,11.9
E00181317,13.8,63.8,22.4
E00181318,9,80.8,10.2
E00181320,9.9,63.7,26.4
E00181321,16.9,67.5,15.6
E00181323,20,48,32
E00181326,9.1,54.5,36.4
E00181333,13.8,51.7,34.5
E00181336,40,48,12
E00181338,20.4,67.3,12.2
E00181339,20,40,40
E00181342,14.1,66.2,19.7
E00181344,25,45.5,29.5
E00181347,20.5,61.5,17.9
E00181352,6.9,85.1,8
E00181353,8.8,64.7,26.5
E00181355,13,58,29
E00181359,9.1,67,23.9
E00181362,14.3,64.3,21.4
E00181364,3.6,64.3,32.1
E00181369,18.2,61.4,20.5
E00181371,4.5,79.9,15.7
E00181372,11.8,76.9,11.3
E00181374,4.3,82.6,13
E00181375,3,65.3,31.7
E00181376,11.5,83.6,4.9
E00181379,1.4,84.5,14.1
E00181381,25.7,54.3,20
E00181382,31.1,57.8,11.1
E00181385,18.6,64.4,16.9
E00181386,6.9,77.8,15.3
E00181387,10.4,85.8,3.8
E00181390,17,44.7,38.3
E00181395,15.5,62,22.5
E00181397,13.9,55.7,30.4
E00181398,25,55,20
E00181399,6.1,77.6,16.3
E00181405,13.7,64.4,21.9
E00181406,22.3,57,20.7
E00181407,18.9,48.1,33