geography_code,economic_activity_status_4a-001,economic_activity_status_4a-002,economic_activity_status_4a-003
E00000622,43.4,7.1,49.6
E00000624,65.9,7.2,26.9
E00000626,50.2,5.4,44.4
E00000628,59.5,6.2,34.3
E00000629,60.4,0.6,39.1
E00000630,59,4.6,36.4
E00000631,64.4,6.8,28.8
E00000632,58.1,2.2,39.7
E00000633,60.3,6.6,33.1
E00000634,58.5,8.2,33.3
E00000635,60.5,5.2,34.3
E00000637,60.7,6.7,32.6
E00000638,57.8,7.6,34.6
E00000640,58.5,5,36.5
E00000641,60,4.3,35.7
E00000642,58.4,3.4,38.2
E00000644,51.5,4.9,43.6
E00000645,51.9,3.4,44.7
E00000647,55.3,7.1,37.6
E00000648,54.7,9.4,35.9
E00000650,58.3,4.7,37.1
E00000651,54.2,14.4,31.4
E00000653,57.5,3.5,39
E00000654,62.6,5.2,32.2
E00000655,71.6,4.2,24.2
E00000656,62,6.6,31.4
E00000657,51.4,7.7,40.9
E00000659,49.2,2.9,47.9
E00000660,51.6,2.8,45.7
E00000661,62.6,4.5,32.9
E00000662,56.7,6.3,36.9
E00000667,53.1,4.3,42.5
E00000687,67.7,6,26.3
E00000688,56.3,4.8,38.9
E00000689,59.9,8.1,32
E00000690,49.5,2.3,48.2
E00000691,66.3,4.7,29
E00000692,54.8,4.6,40.6
E00000693,57.4,5.5,37.1
E00000694,57.4,5.2,37.4
E00000695,55.5,2.5,42
E00000697,57.2,2.1,40.8
E00000698,55.3,4.1,40.6
E00000699,66.9,2,31.1
E00000700,63.8,1.9,34.2
E00000701,58.8,2.8,38.4
E00000702,65.8,5.6,28.6
E00000703,46.6,2,51.4
E00000704,63.9,3.5,32.6
E00000705,60,4.6,35.4
E00000706,55.4,1.1,43.5
E00000707,58.2,2.7,39.1
E00000708,57.6,4,38.4
E00000709,50.9,8.6,40.5
E00000710,53.8,7.3,38.9
E00000711,62,3.7,34.3
E00000712,58.3,3.6,38.2
E00000713,57.4,4,38.6
E00000714,53.9,3.9,42.2
E00000716,62.1,3.8,34.1
E00000717,56.9,3.8,39.3
E00000720,58.8,4.3,36.9
E00000723,60.5,2.9,36.6
E00000724,69.7,1.8,28.5
E00000725,58.6,2.4,39.1
E00000726,58.9,3.3,37.8
E00000727,52.7,3.7,43.6
E00000728,64.7,3.7,31.6
E00000730,62.8,2,35.2
E00000732,59.2,2.6,38.2
E00000737,56.7,10,33.3
E00000738,51.1,4.8,44.1
E00000739,51.6,5,43.4
E00000740,48.6,8.5,42.9
E00000742,47.9,8.4,43.7
E00000743,45.5,4.5,50
E00000745,42.7,5.4,51.9
E00000746,64.3,7.6,28
E00000747,39,5.5,55.5
E00000748,55.1,5.9,39.1
E00000749,56.3,8.5,35.2
E00000750,47.5,8.6,43.9
E00000751,53.3,9.9,36.8
E00000752,58.4,8.6,33
E00000754,59.3,8.3,32.4
E00000755,69.9,5.7,24.4
E00000756,58.9,5.8,35.3
E00000757,63.4,5.6,31
E00000758,70.3,1.6,28
E00000761,34.8,8,57.2
E00000763,52.9,7.6,39.6
E00000767,52.2,6,41.9
E00000768,50,1.6,48.4
E00000870,75.4,0.5,24.1
E00000875,61.3,4.7,34
E00000880,45.3,7.5,47.2
E00000888,72.7,3.5,23.7
E00000890,61.6,9.5,28.8
E00000894,55.7,6.9,37.4
E00000897,40.2,7.1,52.7
E00000900,73.9,4.5,21.6
E00000904,40.3,7,52.7
E00000906,78.9,2.2,18.9
E00000908,68.4,5.2,26.4
E00000914,61,3.1,35.9
E00000966,57.1,3.3,39.6
E00000967,56,6.4,37.6
E00000968,64.5,5.9,29.6
E00000969,49.8,3.2,47
E00000970,64.2,1.5,34.3
E00000971,55,2.9,42.1
E00000972,57.3,3,39.7
E00000973,65.2,5.1,29.7
E00000974,76,6.9,17.1
E00000975,62.2,3.1,34.6
E00000976,47.5,16.8,35.8
E00000977,57.3,8,34.7
E00000978,67.1,2.1,30.9
E00000979,55.9,0.7,43.4
E00000980,46.2,10.1,43.7
E00000981,57.2,2.1,40.7
E00000982,60,2.5,37.5
E00000983,63.2,1.4,35.5
E00000984,70.5,4.8,24.7
E00000985,55.6,1.5,43
E00000986,65.6,4.7,29.8
E00000987,58.2,2.1,39.7
E00000988,62.4,2.4,35.3
E00000990,45.5,3,51.5
E00000991,45.8,20.3,33.9
E00000992,72,6.2,21.8
E00000993,58.5,1.8,39.7
E00000994,42,4.4,53.7
E00000995,71.5,3.1,25.4
E00000996,74.7,2.7,22.6
E00000997,58.7,5,36.3
E00000998,51.4,5.4,43.2
E00000999,52.8,2.3,44.9
E00001000,49.4,2.5,48.1
E00001001,45.7,4.6,49.8
E00001002,62.9,3.1,34
E00001003,56,4.8,39.2
E00001004,65.4,3.2,31.4
E00001005,69.2,4.4,26.4
E00001006,60.3,3.2,36.5
E00001007,59.8,3.4,36.8
E00001008,53.9,4.2,41.8
E00001009,50.5,5.3,44.1
E00001010,60.9,3.3,35.9
E00001011,57.7,0.7,41.6
E00001012,51.7,6.6,41.7
E00001013,68.2,2.9,28.9
E00001014,55,2.3,42.7
E00001015,56.2,1.9,42
E00001016,75.9,3.8,20.3
E00001017,55.3,2.4,42.3
E00001018,59.6,3.8,36.6
E00001019,66.8,3.5,29.6
E00001020,62,2.9,35
E00001021,58.5,3.5,38
E00001022,71.2,2.7,26.1
E00001023,67,0,33
E00001024,69.7,1.2,29
E00001025,66,3.2,30.9
E00001026,60.1,6.2,33.6
E00001027,68.6,5,26.4
E00001029,57.5,3.3,39.2
E00001032,58.9,3.6,37.5
E00001033,52.6,4.8,42.6
E00001034,55.6,4.6,39.8
E00001036,62.7,1.5,35.8
E00001037,48,2.7,49.3
E00001039,54.9,4,41.1
E00001040,59,2.8,38.2
E00001041,27.2,1.5,71.3
E00001042,56.6,3,40.4
E00001043,59.1,2.6,38.3
E00001044,55.6,1.3,43.2
E00001045,50.8,2.4,46.8
E00001047,64.4,2,33.6
E00001048,66.1,4.9,28.9
E00001049,54.7,4,41.3
E00001050,59.6,3.2,37.2
E00001051,49.8,1.2,49
E00001052,51.5,3.3,45.2
E00001053,55.8,0,44.2
E00001054,52.2,0,47.8
E00001055,65.2,4.5,30.4
E00001056,66,4,30
E00001058,57.8,4.1,38.1
E00001059,62.1,1.8,36.1
E00001060,63.2,4.9,31.9
E00001061,50.3,6.1,43.6
E00001062,62.5,4.3,33.2
E00001063,59.8,4.2,35.9
E00001064,59.8,4.2,36
E00001065,58.3,1.8,39.9
E00001066,60.1,3.4,36.5
E00001067,54.4,3.2,42.3
E00001068,59.9,1.9,38.2
E00001069,38.3,2.1,59.5
E00001071,58.3,1.7,40
E00001072,68,2.1,29.9
E00001073,63.6,4,32.4
E00001074,61.6,5,33.4
E00001075,64.2,4.8,30.9
E00001076,50.8,5.7,43.5
E00001077,67.4,4.3,28.3
E00001078,43.3,10.7,46
E00001079,43.8,10.9,45.3
E00001081,48.4,5.4,46.3
E00001082,55.6,5.7,38.7
E00001083,57.1,6.9,36
E00001084,53.4,7.1,39.5
E00001085,46.5,2.5,51
E00001086,50.6,5.6,43.9
E00001087,54.4,5.1,40.5
E00001089,53.1,4.9,42
E00001090,50.9,3.5,45.6
E00001091,57.5,3.6,38.9
E00001092,53.2,5,41.8
E00001093,60.5,2.4,37.1
E00001094,59.5,1.4,39.1
E00001095,65.1,3.6,31.3
E00001096,48,3,49
E00001097,58.6,4,37.4
E00001098,65.3,3,31.7
E00001099,59,4.4,36.6
E00001100,54,0,46
E00001101,57.5,5.7,36.8
E00001102,56,3.4,40.6
E00001103,65.9,1.3,32.8
E00001104,48.3,2.1,49.7
E00001105,62.7,2.9,34.4
E00001106,61.3,3.2,35.5
E00001107,60.5,5.4,34.1
E00001109,57.1,4.1,38.9
E00001111,61.3,6.8,31.9
E00001112,58.8,9.2,32
E00001113,55.1,5.9,39
E00001114,57.9,2.1,40
E00001135,67.7,0.4,31.9
E00001141,70.6,3.2,26.2
E00001142,63.6,4.2,32.2
E00001143,66.3,3.7,30
E00001144,68.1,5.5,26.4
E00001149,68.7,0.4,30.9
E00001150,62.9,2.1,35
E00001151,65.8,4.6,29.7
E00001152,65.8,4.9,29.3
E00001153,67.3,2.2,30.6
E00001155,52.4,5.3,42.3
E00001156,47.6,4.9,47.6
E00001157,65.4,4.2,30.4
E00001158,60.4,7.4,32.1
E00001159,63.9,7,29.1
E00001160,66.4,5.5,28.1
E00001161,65.3,7.4,27.4
E00001162,46.8,10.2,42.9
E00001163,73.9,3.6,22.5
E00001164,64.9,5.4,29.8
E00001165,63.4,6.2,30.5
E00001166,61.1,7.8,31.1
E00001167,58.4,3.9,37.6
E00001168,63.2,2.8,34
E00001169,55.4,4.3,40.3
E00001170,49.3,12.3,38.4
E00001171,52.4,2.9,44.7
E00001172,61.2,3.8,34.9
E00001173,66,1.8,32.2
E00001174,60.3,10.4,29.3
E00001175,52.4,4.8,42.7
E00001176,63,2.1,34.9
E00001177,65.5,6,28.5
E00001178,63,3.6,33.4
E00001179,57.8,3.1,39.1
E00001180,55,4.1,40.9
E00001181,59.5,4.1,36.4
E00001182,63.9,2.5,33.6
E00001183,58.9,1.3,39.8
E00001184,66.6,6.4,27.1
E00001185,59.5,3.4,37.1
E00001186,58.3,4,37.8
E00001187,54.8,6,39.2
E00001188,70.3,6.1,23.6
E00001189,62.1,3.2,34.8
E00001191,59.1,4.1,36.9
E00001192,58.1,4.3,37.6
E00001193,58.8,4.9,36.2
E00001194,61.3,4.6,34.2
E00001195,58.1,0,41.9
E00001196,68.1,7.2,24.6
E00001197,62.9,4.4,32.7
E00001198,50.6,7.6,41.8
E00001199,63.7,7.6,28.7
E00001200,52.2,5.1,42.7
E00001201,64.1,3.9,32
E00001202,59.7,5.5,34.8
E00001203,73.6,1.8,24.5
E00001204,63,2.8,34.3
E00001205,54.1,11.8,34.1
E00001255,60.4,3.3,36.3
E00001256,62.4,1.5,36.2
E00001257,60,1,39
E00001258,65.4,3.1,31.6
E00001261,64.8,3.7,31.5
E00001262,63,1.5,35.5
E00001265,51.6,3.3,45.1
E00001268,60,3.6,36.4
E00001269,61.4,4.5,34.1
E00001270,79,4.8,16.1
E00001271,52.2,3,44.8
E00001272,63.9,6.8,29.3
E00001273,61,4.4,34.5
E00001274,63.5,1.8,34.7
E00001275,55.9,4,40.2
E00001276,58,2.1,39.9
E00001277,58.1,3,38.9
E00001278,59.8,3.3,36.9
E00001279,63.8,5.7,30.5
E00001280,51.2,5.2,43.7
E00001281,50.1,5,44.9
E00001282,63.5,5.4,31.1
E00001283,59.1,5,35.9
E00001284,61.1,4.7,34.1
E00001285,56.4,1.8,41.8
E00001286,61.1,5.3,33.6
E00001288,65.9,5.3,28.8
E00001289,54.2,3.1,42.7
E00001290,65.3,3.7,31
E00001291,57.5,5.7,36.8
E00001292,57.1,2.4,40.6
E00001293,55.8,4.4,39.9
E00001294,63.4,5.2,31.4
E00001352,71.3,3.4,25.3
E00001358,66.3,3.6,30.1
E00001359,51,4.8,44.3
E00001360,62.3,1.7,36
E00001362,65.8,1,33.2
E00001363,62.1,3.9,34
E00001364,59.7,2.2,38.1
E00001365,53,3.5,43.6
E00001366,61.7,4.3,33.9
E00001446,65.7,2.5,31.8
E00001447,70.5,4.2,25.3
E00001448,71,2.5,26.4
E00001449,63,5.3,31.7
E00001450,53.8,3.2,43
E00001451,57.3,3.8,38.9
E00001452,78.2,1.4,20.4
E00001453,63.4,4.3,32.3
E00001454,53.9,5.2,40.8
E00001455,77.5,5.2,17.3
E00001456,63.2,3.1,33.7
E00001457,64.8,4.6,30.6
E00001458,66.3,8.7,25
E00001459,69.4,3.5,27.1
E00001460,70.2,2.3,27.4
E00001461,59.3,3.3,37.4
E00001462,59.9,1.4,38.7
E00001463,58.9,5.6,35.5
E00001464,67.7,3.5,28.8
E00001465,69.6,2.4,28
E00001466,70.4,5.8,23.8
E00001467,68.4,5.1,26.5
E00001468,64.7,6.1,29.2
E00001469,55.5,5.5,39
E00001470,58.2,4.5,37.3
E00001471,62,6.6,31.5
E00001472,63.4,0.4,36.2
E00001474,72.7,3.1,24.1
E00001475,66.3,5.1,28.6
E00001476,51.1,4.2,44.7
E00001477,55.9,4.7,39.4
E00001478,51.7,5.5,42.8
E00001479,48.1,3.3,48.6
E00001480,62.4,4.4,33.2
E00001481,62.3,4.7,33
E00001482,59.4,4.1,36.4
E00001483,59.6,2.1,38.3
E00001484,56.7,5.9,37.4
E00001485,65.5,5.1,29.4
E00001486,71,5.2,23.8
E00001487,61.6,3.8,34.6
E00001488,57.3,2.7,40
E00001489,56.8,5.2,38
E00001490,61.3,1.5,37.2
E00001491,68.7,5,26.3
E00001492,76.7,4.7,18.7
E00001493,73.8,5,21.2
E00001494,59.7,6.4,33.9
E00001495,62.1,5.6,32.3
E00001496,56,3.3,40.7
E00001497,61,5.7,33.3
E00001498,57.1,3.5,39.4
E00001499,58.7,3.5,37.8
E00001500,66.7,4.9,28.5
E00001503,60.9,2.3,36.8
E00001504,45.9,3.9,50.2
E00001505,60.8,4.3,34.9
E00001506,54,7.7,38.3
E00001507,73.3,3,23.7
E00001508,59.1,4.3,36.6
E00001509,65.3,6.2,28.5
E00001511,61.1,4.8,34.1
E00001512,50.4,15.5,34.1
E00001514,69.5,4.9,25.6
E00001516,61.6,4.1,34.3
E00001517,55.6,4.9,39.6
E00001518,52.8,2.9,44.3
E00001519,58.4,3.5,38.2
E00001520,60.5,4.7,34.8
E00001521,61.3,6.4,32.4
E00001522,72.5,4.9,22.7
E00001523,62.6,5.1,32.3
E00001524,52.4,3.1,44.4
E00001525,60.1,6.2,33.7
E00001526,57.4,3.6,39
E00001527,70.3,1.8,27.8
E00001528,66.7,3.8,29.5
E00001529,48.1,6.1,45.8
E00001530,63.3,6.2,30.5
E00001531,61.4,1,37.6
E00001534,61,4.2,34.8
E00001535,61,6.1,32.9
E00001536,68.3,3.8,27.9
E00001537,53.8,6.5,39.7
E00001538,65.6,6.3,28.1
E00001539,58.6,7.2,34.2
E00001541,60.2,4.2,35.5
E00001542,67.1,1.9,31
E00001554,59.2,2.7,38.1
E00001558,51.9,3.4,44.7
E00001560,63.7,3.7,32.7
E00001561,53.9,5.2,40.9
E00001563,66.3,3.3,30.5
E00001564,55.1,3.8,41.1
E00001565,64.1,6.3,29.7
E00001566,66.7,5.1,28.2
E00001567,64.7,4.1,31.2
E00001568,65.2,5.4,29.3
E00001570,60.2,4.8,34.9
E00001579,67.6,5.7,26.6
E00001581,48.1,11.5,40.4
E00002373,54.1,4.1,41.8
E00002426,50.8,3.9,45.3
E00002427,53,7,39.9
E00002428,46.5,4.7,48.7
E00002429,52.1,9.4,38.5
E00002430,46.7,6.7,46.7
E00002431,50.2,6.1,43.7
E00002432,43.2,4.9,51.9
E00002433,49.5,4.6,45.9
E00002434,45.6,9.6,44.8
E00002435,41.5,5.9,52.6
E00002436,40.4,4.9,54.7
E00002437,50.8,5.1,44.1
E00002438,61.6,2.2,36.2
E00002439,53.8,5.6,40.6
E00002441,55.7,4.9,39.4
E00002442,53,5.3,41.6
E00002444,49.6,4,46.4
E00002488,48.5,10.4,41.1
E00002496,58,4,37.9
E00002497,67.3,2.9,29.8
E00002499,58.9,5.2,35.9
E00002501,59,2.7,38.3
E00002502,60.3,5.6,34.1
E00002504,63.8,4.8,31.4
E00002505,60.3,2.6,37.1
E00002506,64.6,8.4,27
E00002509,60,3.6,36.4
E00002511,61.4,3.6,35.1
E00002513,55.5,3.6,40.9
E00002514,50.3,2.5,47.3
E00002520,61.6,4.4,33.9
E00002524,55.9,4.2,39.9
E00002526,58.6,4,37.4
E00002528,54.8,6.8,38.4
E00002529,63.2,4.9,32
E00002530,47.9,5.5,46.6
E00002866,49.3,8.8,42
E00002874,57.5,4.4,38.1
E00002875,57.9,5.8,36.2
E00003001,60.2,2.9,36.9
E00003002,55.1,2.5,42.4
E00003004,54.8,4.6,40.5
E00003005,56.6,7.2,36.2
E00003006,69.3,2.3,28.4
E00003007,56.1,4.6,39.3
E00003010,58.8,6.3,34.8
E00003011,47,4.5,48.5
E00003014,55.8,3.6,40.7
E00003015,64.9,3.5,31.6
E00003016,59.9,5.5,34.6
E00003017,46.7,4.1,49.2
E00003018,65.9,5.7,28.4
E00003019,62.8,5.6,31.6
E00003020,38.4,6.1,55.5
E00003021,57.9,8.1,33.9
E00003034,69.1,2.5,28.3
E00003035,48.5,7.4,44.1
E00003036,64.5,4.5,31
E00003037,55.8,2.2,41.9
E00003038,57.9,2,40.1
E00003039,58.1,4.5,37.3
E00004403,54.4,1.7,43.9
E00174896,66.4,4.3,29.4
E00174898,57.9,6.9,35.2
E00174899,65.6,4.2,30.2
E00174903,66.1,4.5,29.4
E00174906,50.8,3.8,45.4
E00174908,57.8,6.2,36
E00174910,72.8,8.6,18.6
E00174912,56.8,5,38.2
E00174913,70.7,8.8,20.5
E00174915,70.5,4.6,24.9
E00174916,61.8,9.9,28.2
E00174918,52,14.7,33.3
E00174919,60.6,7.5,31.8
E00174921,72.3,6.8,20.8
E00178723,66.9,3.8,29.3
E00178724,65.8,4.1,30
E00178727,59.7,4.3,35.9
E00178733,63,7.3,29.7
E00178734,57.7,7.4,34.9
E00178735,76.5,2.9,20.6
E00178740,74.4,1.4,24.2
E00178741,59.8,6.8,33.3
E00178743,77.5,4.3,18.2
E00178745,66.4,8.8,24.8
E00178749,74,2.3,23.7
E00178751,71,5.2,23.8
E00178754,59.6,5.1,35.3
E00178757,76.2,4.1,19.7
E00178758,38,8.5,53.5
E00178761,83.2,4,12.8
E00178765,66.1,5.7,28.3
E00178767,73.3,5.6,21.1
E00178769,59,5.5,35.5
E00178774,84.5,2.4,13.1
E00178775,49,5,46
E00178777,58.3,8.1,33.6
E00178780,70.8,3.9,25.2
E00178782,61.2,3.9,35
E00178783,69.8,5.8,24.4
E00178784,87.5,1.1,11.4
E00178785,75.7,2.2,22.1
E00178786,78.9,9.5,11.6
E00178787,69.4,5.1,25.5
E00178791,89.6,3,7.3
E00178792,60.3,4.1,35.5
E00178796,60.1,7,32.8
E00178797,69.7,2.9,27.3
E00178799,56.5,8.1,35.4
E00178800,49.6,5.5,44.9
E00178803,53.6,4.1,42.3
E00178806,44.8,9.6,45.6
E00178809,67.4,5.4,27.2
E00178810,72.6,8,19.5
E00178811,62.7,5.9,31.4
E00178812,57.3,5.7,37
E00178814,59.9,3.6,36.5
E00178815,32.1,19.1,48.9
E00178820,56.2,4.3,39.5
E00178821,62.7,5.4,32
E00178823,74.3,5.3,20.4
E00178824,65.3,8.5,26.1
E00178825,67.8,5.5,26.7
E00178826,59.8,7.9,32.3
E00178827,68.8,10.7,20.5
E00178828,55.7,6.4,37.8
E00178829,83.2,4.2,12.6
E00178830,41.5,6.3,52.2
E00178832,52.5,12.5,35
E00178833,71.4,2.8,25.8
E00178834,74.6,10.2,15.3
E00178836,81,2.8,16.2
E00178837,65.5,8.9,25.6
E00178838,62.9,5.3,31.8
E00178839,74.2,4.1,21.7
E00178841,66.9,6,27.1
E00178842,85.2,3.3,11.5
E00178844,73.1,5,21.9
E00178845,70.3,5.3,24.4
E00178846,45.1,11.3,43.6
E00178847,64.8,2.1,33.2
E00178849,70.6,3.7,25.7
E00178854,57.5,5.5,37
E00178857,78.5,4.8,16.7
E00178860,58.1,9.5,32.4
E00178863,89.2,2.8,8
E00178864,85.2,3.1,11.7
E00178865,48.5,11.8,39.7
E00178866,65.8,2,32.2
E00178869,47.7,6.6,45.7
E00178870,70.5,4.4,25.1
E00178871,75.2,4.9,19.9
E00178873,51,1.4,47.6
E00178876,61.9,4.9,33.2
E00178881,79,4.3,16.8
E00178882,57.7,6.8,35.5
E00178883,68.7,4.2,27.1
E00178885,78.8,5.4,15.8
E00178886,72.9,6.2,20.9
E00178887,78.2,4.2,17.6
E00178888,65.8,8.8,25.4
E00178889,68.9,6.6,24.5
E00178890,52.8,8.6,38.7
E00178891,56,6,38
E00178892,84.3,2.4,13.3
E00178893,63,4.4,32.6
E00178894,57.3,4.2,38.6
E00178895,45.8,4.2,50
E00178896,64.7,2.1,33.1
E00178897,63.9,6.5,29.6
E00178913,54.4,4.9,40.7
E00178928,57.3,10.8,31.8
E00178939,60.1,7.6,32.3
E00178970,73.9,1.2,24.8
E00178991,64.2,6.4,29.4
E00179000,58.6,4.2,37.1
E00179004,70.7,3.4,26
E00179008,60.6,9.6,29.8
E00179020,70.5,6.5,23
E00179035,80.7,4.1,15.2
E00179036,64.5,5.6,30
E00179055,76.3,4,19.8
E00179056,60,7.5,32.5
E00179059,55.1,4.3,40.6