geography_code,hh_size_5a-001,hh_size_5a-002,hh_size_5a-003,hh_size_5a-004
E00001591,15,17.3,19.7,48
E00001596,28,29,21,22
E00001598,19.9,28.7,19.9,31.6
E00001599,28.3,30,15.8,25.8
E00001600,25.4,26.2,20.8,27.7
E00001662,20.5,38.5,18.8,22.2
E00001664,25.2,36.8,16.1,21.9
E00001665,18.3,37.3,25.4,19
E00001666,27.7,31.1,23.6,17.6
E00001668,17.6,32.8,18.4,31.2
E00001669,22.6,29.3,21.1,27.1
E00001670,20.2,25.5,26.6,27.7
E00001671,55.6,32.3,7.5,4.5
E00001672,25.9,34.8,13.4,25.9
E00001673,14.7,27.6,20.7,37.1
E00001674,16.9,29.4,21.3,32.4
E00001675,22.6,31.3,22.6,23.5
E00001676,17.7,26.2,23.8,32.3
E00001677,29,34.7,22.6,13.7
E00001678,6.5,39.1,21,33.3
E00001679,26.7,34.2,14.2,25
E00001685,19.6,23.9,28.3,28.3
E00001686,18.7,27.6,20.3,33.3
E00001688,33,37.6,17.4,11.9
E00001689,25.6,25.6,21.8,27.1
E00001690,27.6,36.2,17.1,19
E00001691,24.3,25,21.5,29.2
E00001692,28.5,27.7,16.1,27.7
E00001693,23.3,30,19.2,27.5
E00001694,21.9,33.6,12.3,32.2
E00001695,18.7,30,22.7,28.7
E00001696,28.2,29,17.6,25.2
E00001697,17,40.2,13.4,29.5
E00001698,21.1,34.4,19.5,25
E00001699,6.7,30,19.2,44.2
E00001700,15.4,34.6,25.4,24.6
E00001701,12.2,30.1,17.1,40.7
E00001702,17,37.2,14.9,30.9
E00001703,20,36,20,24
E00001704,38.6,31.4,16.4,13.6
E00001705,30.6,27.4,17.7,24.2
E00001706,29.2,31.5,28.5,10.8
E00001707,35.3,22.1,13.2,29.4
E00001708,33.6,35.2,16,15.2
E00001709,26.1,33.3,14.5,26.1
E00001710,59.8,23.2,6.3,10.7
E00001711,21.4,28.6,23.8,26.2
E00001712,13.9,35.2,20.5,30.3
E00001713,30.2,29.3,14.7,25.9
E00001714,27.6,32.4,15.2,24.8
E00001715,17.1,34.1,13,35.8
E00001716,13.9,27.7,25.5,32.8
E00001717,21,35.3,18.5,25.2
E00001718,16.7,37.5,22.2,23.6
E00001719,16.9,26.3,19.5,37.3
E00001720,18.5,37,16.8,27.7
E00001721,23.5,34.1,20.5,22
E00001722,15.8,36.8,15,32.3
E00001723,17.3,33.1,15.8,33.8
E00001724,21.5,25.9,16.3,36.3
E00001725,10.7,31.4,20.7,37.1
E00001726,27.2,40.8,8.2,23.8
E00001727,23.8,33.3,20.6,22.2
E00001761,13.5,35.6,12.5,38.5
E00001762,28.6,28.6,15.1,27.7
E00001763,22.3,29.5,19.4,28.8
E00001780,21.6,30.4,18.6,29.4
E00001781,21.9,28.1,22.8,27.2
E00001782,40.8,24,14.4,20.8
E00001783,16.7,38.9,17.6,26.9
E00001786,17.2,25.8,21.9,35.2
E00001788,16.2,31.5,18.9,33.3
E00001789,15.5,27.2,29.1,28.2
E00001790,19.4,27.4,19.4,33.9
E00001791,46.9,24.6,15.4,13.1
E00001792,11.9,24.6,22.4,41
E00001845,50.4,26.8,13,9.8
E00001846,26.8,40.7,17.1,15.4
E00001849,39.3,20.5,20.5,19.7
E00001867,40.4,20.5,17.4,21.7
E00001868,19.8,31.7,22.2,26.2
E00001869,24.2,34.4,18,23.4
E00001870,26.5,31.6,25,16.9
E00001871,31.7,24.8,19.8,23.8
E00001872,16.1,39.8,18.6,25.4
E00001873,25.4,24.6,26.2,23.8
E00001874,32.4,22.9,17.1,27.6
E00001875,37,19.6,23.9,19.6
E00001876,24.1,30.8,20.3,24.8
E00001877,36.8,33.3,17.5,12.3
E00001878,28,25.9,18.9,27.3
E00001879,31.2,36.2,15.9,16.7
E00001880,18.6,26.5,16.8,38.1
E00001881,33.3,32.4,20.7,13.5
E00001882,20.2,29.2,25.8,24.7
E00001883,16.9,35.5,20.2,27.4
E00001884,13.8,33,21.3,31.9
E00001885,22.3,34.5,22.3,20.9
E00001886,35.9,32.4,15.5,16.2
E00001887,60.6,20.2,14.4,4.8
E00001888,29.1,26,16.5,28.3
E00001889,41.7,24.4,20.5,13.4
E00001890,24.6,33.3,19.8,22.2
E00001891,25.6,30.8,22.6,21.1
E00001892,20.1,39.6,17.3,23
E00001893,17.6,23.9,31,27.5
E00001894,36.2,21,13.3,29.5
E00001895,31.2,31.8,23.1,13.9
E00001896,29.5,25.4,16.8,28.3
E00001897,43.1,38.2,7.8,10.8
E00001898,30.3,29.4,17.6,22.7
E00001899,23.8,33.3,19,23.8
E00001900,21.7,37.5,17.5,23.3
E00001901,26.6,34.4,16.4,22.7
E00001902,23.1,37,22.2,17.6
E00001903,17.5,33.6,14,35
E00001919,22.6,32.3,17.3,27.8
E00001922,30.4,35.6,18.5,15.6
E00001924,20.5,29.1,19.7,30.8
E00001925,19.7,22.6,21.2,36.5
E00001926,18.1,34.6,11,36.2
E00001927,20.9,28.7,17.1,33.3
E00001928,28.7,24.6,20.5,26.2
E00002007,17.2,30.6,23.1,29.1
E00002032,24,34.9,17.1,24
E00002033,15,34.2,20,30.8
E00002034,28.5,31,20.9,19.6
E00002035,21.1,35.1,21.1,22.8
E00002073,43.8,25.8,10.9,19.5
E00002075,62.7,21.1,13.4,2.8
E00002076,23,32.8,14.8,29.5
E00002077,23.6,38.2,19.1,19.1
E00002078,19.2,32.3,15.4,33.1
E00002079,62,23.1,10.2,4.6
E00002080,53.9,29.4,9.8,6.9
E00002082,33.3,28.8,17,20.9
E00002083,21.1,26.3,18.4,34.2
E00002084,57.5,18.1,11.8,12.6
E00002085,24.5,33.8,16.2,25.5
E00002086,41.9,28.7,13.2,16.2
E00002087,23,27,27,23
E00002088,35.6,23.7,23.7,16.9
E00002089,35.3,33.8,15.8,15
E00002092,15.3,37.1,22.6,25
E00002096,45.4,33.1,7.7,13.8
E00002098,19.8,45.8,21.4,13
E00002101,55.1,36.2,5.5,3.1
E00002102,19.6,36.3,17.6,26.5
E00002104,41.6,34.4,12.8,11.2
E00002105,31.7,44.1,15.9,8.3
E00002107,34.2,33.3,14.4,18
E00002175,31.6,27.4,21.4,19.7
E00002176,17.1,38.8,13.2,31
E00002177,30.6,33.3,17.1,19
E00002178,25.4,32.1,17.9,24.6
E00002179,24.2,34.1,16.7,25
E00002180,18.4,44.7,10.5,26.3
E00002181,21.4,31.7,17.5,29.4
E00002182,17.6,42.7,15.3,24.4
E00002183,63.4,28.6,5.4,2.7
E00002184,17.9,41,17.1,23.9
E00002185,45.6,26.5,16.2,11.8
E00002186,28.2,29.1,21.8,20.9
E00002187,17.4,33,24.3,25.2
E00002188,22.1,38.5,16.4,23
E00002189,22.6,36.1,12.8,28.6
E00002190,35.4,35.4,15.6,13.7
E00002191,19.3,31.4,17.1,32.1
E00002192,19.1,33.6,14.5,32.7
E00002193,18.5,30,20.8,30.8
E00002194,24,33.3,12.4,30.2
E00002195,20.1,36,20.1,23.8
E00002196,22.3,33.1,18,26.6
E00002197,23.5,22.7,28.6,25.2
E00002198,37.6,24.8,19.2,18.4
E00002199,30.9,32.5,7.3,29.3
E00002200,17.2,31.1,24.6,27
E00002201,23.8,32.2,20.3,23.8
E00002202,23.7,33.1,21.6,21.6
E00002203,20.9,43.4,17.8,17.8
E00002204,23.8,37.7,17.2,21.3
E00002205,16.5,30.9,18.7,33.8
E00002206,23.8,34.1,21.4,20.6
E00002207,19.2,44.6,17.7,18.5
E00002240,34.2,33.7,13.6,18.5
E00002241,37.3,38.6,10.2,13.9
E00002242,30.5,26.3,13.6,29.7
E00002243,40.3,35.3,10.9,13.4
E00002244,25,21,24,30
E00002245,15,29.1,22,33.9
E00002246,11.9,33.1,16.1,39
E00002247,22.4,31.6,20.4,25.5
E00002248,17.2,29.5,18.9,34.4
E00002249,13.3,31.6,24.5,30.6
E00002250,13,39.7,16.8,30.5
E00002251,31.7,26.6,18,23.7
E00002252,41.7,43.9,5.8,8.6
E00002253,10.4,36,23.2,30.4
E00002254,48.4,24.6,16.4,10.7
E00002255,51.1,25,10.2,13.6
E00002256,18.9,38.6,15.9,26.5
E00002257,47.4,28.1,11.4,13.2
E00002258,43,25.8,14.8,16.4
E00002260,31.5,39.3,16.7,12.5
E00002261,23.8,35.7,21.4,19
E00002262,48.1,31.6,14.3,6
E00002263,31.7,31.7,17.9,18.8
E00002264,46.8,20.6,20.6,12.1
E00002265,25.5,32.8,24.1,17.5
E00002266,23.4,39.2,15.2,22.2
E00002267,70.3,20.9,6,2.7
E00002268,28,35.5,21.5,15
E00002269,16,33.6,19.2,31.2
E00002270,13.1,41,18.9,27
E00002271,6.9,36.3,20.6,36.3
E00002272,33.3,37.3,11.3,18.1
E00002273,20.2,31,20.2,28.7
E00002274,13.2,29.5,27.1,30.2
E00003344,15.5,48.3,13.8,22.4
E00003353,37,26.7,18.5,17.8
E00003540,44.1,27.3,14,14.7
E00003541,26.1,42.5,13.7,17.6
E00003542,25.5,36.2,17.7,20.6
E00003544,25,35,21.4,18.6
E00003547,18,31,23,28
E00003548,23.8,18.9,23.8,33.6
E00003549,28.8,17.9,24.5,28.8
E00003550,35,21.4,25.7,17.9
E00003551,52.5,24.5,10.1,12.9
E00003552,44.7,22.8,15.8,16.7
E00003553,23,32.7,23,21.2
E00003571,19.1,32.7,20,28.2
E00003572,16.7,26,19.8,37.5
E00003573,36.4,22.3,19,22.3
E00003574,31.5,28.5,16.2,23.8
E00003575,37.4,21.1,18.7,22.8
E00003576,13.4,33,22.7,30.9
E00003577,21.3,26.5,22.1,30.1
E00003578,25.2,37.8,21.8,15.1
E00003579,15.1,35.7,16.7,32.5
E00003580,14.8,31.3,20,33.9
E00003581,47.7,19.4,13.5,19.4
E00003582,15.7,29.1,23.1,32.1
E00003583,18.3,33.6,29.8,18.3
E00003584,30.7,21.3,19.7,28.3
E00003585,44.5,20.9,20,14.5
E00003586,74.4,14.4,5.6,5.6
E00003587,27.1,26.3,22,24.6
E00003588,33.1,21.3,19.7,26
E00003589,34.1,27.3,18.2,20.5
E00003590,24.6,28.8,21.2,25.4
E00003591,27.4,38.7,12.9,21
E00003592,24.4,26,22,27.6
E00003593,28.4,22.3,20.9,28.4
E00003594,11,15.3,26.3,47.5
E00122604,22.7,27.9,19.5,29.9
E00122605,19.7,36.6,17.6,26.1
E00122606,28.7,40.3,15.5,15.5
E00122607,24.3,34.6,18.4,22.8
E00122608,18.8,35.2,17.2,28.9
E00122609,29.2,32.3,16.2,22.3
E00122610,49.6,45.2,3.7,1.5
E00122611,16.3,38.2,20.3,25.2
E00122613,21.7,37.5,19.2,21.7
E00122614,19.4,44.4,16.9,19.4
E00122615,22.8,50.4,14.2,12.6
E00122617,31.6,27.9,14.7,25.7
E00122618,13.4,30.3,23.9,32.4
E00122619,26.9,38.7,19.3,15.1
E00122620,31.5,41.7,11.8,15
E00122621,32.8,42.9,11.8,12.6
E00124086,21.8,33.2,26.1,19
E00124231,22,39.2,12.9,25.8
E00124232,23.4,38.6,17.9,20
E00124240,34.3,26.3,19,20.4
E00124241,22.4,33.6,18.1,25.9
E00124245,18.6,32.1,18.6,30.7
E00124249,14.7,34.3,21,30.1
E00124250,29.7,36.7,16.4,17.2
E00124252,17.1,30.3,16.4,36.2
E00124253,35.5,34.1,18.1,12.3
E00124254,49.6,26.7,11.5,12.2
E00124255,40.9,30.7,15.3,13.1
E00124256,45.2,25.2,9.6,20
E00124257,40,23.7,20.7,15.6
E00124258,31,28.4,13.8,26.7
E00124263,47.9,26.8,9.9,15.5
E00124266,24,33.6,21.6,20.8
E00166760,23.9,40.4,20.2,15.6
E00166761,37,29,9,25
E00166762,13.4,23.2,30.4,33
E00167452,23.6,36,21.3,19.1
E00167453,19.5,31.9,20.4,28.3
E00167454,7.8,18.4,22.3,51.5
E00167455,15.5,20.9,29.1,34.5
E00176923,38.8,22.4,16.5,22.4
E00176933,51.9,29.1,11.7,7.3
E00176952,37.5,35.6,16.3,10.6
E00176957,41.3,17.4,13,28.3
E00176977,22.1,36.6,25.2,16