geography_code,passports_all_4a-001,passports_all_4a-002,passports_all_4a-003
E00081833,94.1,2.2,3.7
E00081834,65.8,13.7,20.5
E00081835,73.6,13.4,13
E00081836,90.6,2.7,6.7
E00081837,74.1,5.9,20.1
E00081838,87.1,4.6,8.4
E00081839,93.5,3.3,3.3
E00081840,90.2,4.4,5.3
E00081841,82.1,5.6,12.3
E00081842,85,6.1,8.8
E00081843,76,7.3,16.7
E00081844,75.9,11.6,12.4
E00081845,86.7,5.9,7.4
E00081846,92.2,4.2,3.6
E00081847,93.3,1.3,5.4
E00081848,86.6,8.8,4.6
E00081849,85.2,7,7.9
E00081850,89.1,7.7,3.2
E00081851,73.8,10.4,15.8
E00081852,74.5,11.5,14
E00081853,84.3,5.9,9.8
E00081854,81.2,3.7,15.1
E00081855,71.3,21.7,7
E00081856,82.8,6.9,10.2
E00081857,85.2,5.4,9.4
E00081858,92.2,2.4,5.4
E00081859,81.5,7.1,11.4
E00081860,81.9,12.5,5.6
E00081862,83.1,10.6,6.3
E00081863,87.3,8.7,3.9
E00081864,91.9,6.2,1.9
E00081865,92.6,3.1,4.3
E00081866,86.2,8.4,5.5
E00081872,81,8.2,10.8
E00081873,78.3,9.1,12.6
E00081874,74.5,10.2,15.4
E00081875,79.9,10.1,10.1
E00081876,76.4,7,16.6
E00081877,80.3,8.3,11.4
E00081878,75.5,12.6,11.9
E00081879,78.5,13.1,8.3
E00081880,80.1,11.3,8.6
E00081884,85.8,8.9,5.3
E00081885,83.8,7.9,8.3
E00081886,73.9,19.1,7
E00081890,80.3,12.9,6.8
E00081891,64.4,11.7,23.9
E00081892,87,7.7,5.3
E00081893,84.7,10,5.3
E00081894,83.1,10.2,6.7
E00081895,85.6,10.5,4
E00081896,93.5,3.7,2.8
E00081897,79.7,4.1,16.2
E00081898,83.5,1.9,14.6
E00081900,79.6,7.4,13
E00081901,86,9.9,4.1
E00081902,89,7.7,3.3
E00081903,88,6.6,5.4
E00081904,93.5,4.1,2.4
E00081905,90.4,3,6.6
E00081906,92.9,3.7,3.4
E00081907,84.4,8.9,6.6
E00081908,85.8,3.7,10.5
E00081910,64.8,16.6,18.6
E00081911,73.4,11.7,15
E00081912,88.8,5.8,5.4
E00081919,72.5,13.3,14.2
E00081921,70.7,14.8,14.5
E00081922,81.6,9.2,9.2
E00081923,87.6,7.5,4.9
E00081924,92.7,3.6,3.6
E00081925,76.7,4.9,18.4
E00081926,66.8,16.8,16.4
E00081927,69.8,14.7,15.5
E00081928,69.8,13.1,17.2
E00081929,71.1,7.3,21.6
E00081930,76.7,7,16.4
E00081931,71.4,13.3,15.3
E00081932,84.7,4.8,10.5
E00081933,74.6,14.5,10.9
E00081934,69.9,13.4,16.7
E00081935,90.7,2.3,7
E00081936,88.1,3.7,8.2
E00081937,90.3,2,7.7
E00081938,93.5,3.6,2.8
E00081939,79,9.8,11.1
E00081940,75.1,11.9,13
E00081941,86,5.9,8.1
E00081942,74.3,11.5,14.2
E00081943,83.3,5.7,11
E00081944,84.9,8,7
E00081945,91.6,5.1,3.3
E00081946,75.5,12.7,11.8
E00081947,61.3,20.1,18.6
E00081948,79,8.5,12.5
E00081949,76.6,12.1,11.3
E00081950,78,10.8,11.1
E00081951,76.6,8.2,15.2
E00081952,89.1,2.7,8.2
E00081953,79.5,12.7,7.9
E00081954,73.5,13.4,13.1
E00081955,80.1,7,12.9
E00081956,80,8.7,11.3
E00081957,73.5,17.7,8.8
E00081958,74.6,16.9,8.5
E00081959,75.5,11.9,12.6
E00081960,84.7,9,6.3
E00081961,78.5,7.4,14.1
E00081962,81.3,9.4,9.4
E00081963,65.9,16.6,17.6
E00081964,77.8,13.1,9.2
E00081965,65.2,13.2,21.6
E00081966,94.1,4.7,1.2
E00081967,74.8,11.2,14
E00081993,73.9,4.6,21.6
E00081994,83.7,9.3,7
E00081995,92.4,1.2,6.4
E00081996,91.9,3.8,4.3
E00081997,87.8,3.3,8.9
E00081998,93.3,2.6,4.1
E00081999,80,2.7,17.3
E00082000,81.4,9.9,8.7
E00082001,93.3,1.4,5.3
E00082002,88.9,4.4,6.7
E00082003,93.9,2.9,3.2
E00082004,89.8,4.4,5.7
E00082005,87.3,6.2,6.5
E00082006,85.1,3.9,11
E00082008,71.7,9.4,18.8
E00082010,80.3,13.9,5.8
E00082018,80.4,8.5,11.1
E00082019,85.8,4.8,9.3
E00082020,85.1,8.1,6.8
E00082024,89.6,6.9,3.5
E00082025,85.8,6.7,7.4
E00082026,90.6,2.9,6.5
E00082027,89,2.9,8.1
E00082028,89,6.4,4.5
E00082029,81.5,8,10.5
E00082030,88.2,6.8,4.9
E00082031,89.6,6,4.5
E00082032,74.2,10.2,15.5
E00082033,77.8,9,13.2
E00082034,94,3.3,2.7
E00082035,82,8.6,9.5
E00082036,91.6,3.7,4.7
E00082037,90.2,4.2,5.7
E00082038,86.6,5.8,7.6
E00082039,84.9,4,11.2
E00082040,76.8,9.8,13.4
E00083955,88.2,5.5,6.3
E00083969,92.7,3.7,3.7
E00083970,94,3,3
E00083978,90.3,6.5,3.2
E00083979,81,4,15
E00083980,91.5,4.7,3.8
E00083981,90.2,6,3.9
E00083982,90.6,7.3,2.1
E00083983,84.2,5.5,10.3
E00083984,90.5,6.6,2.9
E00083985,88.3,3.2,8.5
E00083986,89.9,4.5,5.5
E00083987,92.6,2.9,4.4
E00083988,90.6,6.7,2.8
E00083989,91,6.8,2.2
E00083990,91.6,5,3.4
E00083991,92.4,3.5,4.1
E00083992,88.8,9,2.3
E00083993,87.5,7.8,4.6
E00083994,89.7,7.2,3.1
E00083995,92,6.4,1.5
E00083996,78.5,5,16.5
E00083997,86.6,5.3,8.1
E00083998,69.8,4.2,25.9
E00083999,80.9,7.9,11.2
E00084000,63.9,13,23.1
E00084003,84.6,5,10.4
E00084004,91.4,6,2.6
E00084005,84.8,5.6,9.5
E00084006,82.5,13.3,4.1
E00084007,86.9,5.3,7.8
E00084009,92.7,4,3.3
E00084010,92.9,4.8,2.3
E00084011,93.3,3.4,3.4
E00084261,88.4,3.6,7.9
E00084276,95.7,3.5,0.9
E00084301,91.2,6.5,2.3
E00084302,85.6,6.2,8.2
E00084303,92,5,3
E00084304,93.5,1.9,4.7
E00084305,93,5,2
E00084306,89.8,4.7,5.6
E00084307,90.8,7.2,2
E00084308,89.4,6.1,4.6
E00084309,91.7,5.2,3.2
E00084310,85.4,6.5,8
E00084311,87.1,4.9,8
E00084312,95.3,0.9,3.9
E00084313,91.8,2.7,5.5
E00084314,77.1,17.9,5
E00084315,91.4,5.7,2.9
E00084316,57.9,20.3,21.8
E00084317,87.1,9.4,3.6
E00084318,86.8,5.2,8.1
E00084319,90.2,4.7,5.2
E00084320,86,7.4,6.7
E00084321,90.8,3.2,6.1
E00084322,93.3,3.1,3.7
E00084323,85.7,8.5,5.8
E00084324,92.8,2.2,5
E00116092,76.8,11,12.2
E00116094,79.9,11.5,8.7
E00116096,88.4,4.2,7.4
E00116097,73,11.5,15.6
E00116098,80.1,7.7,12.3
E00116099,86.2,5.7,8.2
E00116100,69.1,16.2,14.7
E00116101,85.4,7.4,7.1
E00116102,91.1,3.9,4.9
E00116103,86.3,4.7,9.1
E00116104,85.9,8.1,6
E00116105,91.8,4.4,3.8
E00116151,91.3,3.8,4.9
E00116152,88.6,5.5,5.9
E00116154,87.9,4.5,7.6
E00116155,91.1,2.6,6.3
E00116191,94.1,2.5,3.4
E00116192,88.1,7.3,4.7
E00116194,76.1,15.3,8.6
E00116195,92.5,5.6,1.9
E00116197,83.7,11.3,5
E00116198,81.6,8,10.4
E00116199,88.5,8.4,3.1
E00116200,73.9,19.5,6.6
E00116230,82.6,4.7,12.8
E00116231,88.7,4.9,6.5
E00116232,81.3,4.9,13.8
E00116233,58.2,11.3,30.4
E00116234,79.5,10,10.5
E00116235,78.7,7.5,13.9
E00116236,84.8,5.7,9.5
E00116237,85.7,3.4,10.9
E00116238,83.4,5.3,11.3
E00116239,76.9,14.3,8.8
E00116240,84.8,6,9.2
E00116241,88.6,3.9,7.6
E00116242,79.1,8.7,12.2
E00116243,80.5,8.2,11.2
E00116244,91.4,3.5,5.1
E00116245,90.2,3.3,6.4
E00116309,75.9,5.2,18.9
E00116310,86.6,2.3,11.1
E00116311,85.5,5.4,9.1
E00116312,87.4,4.8,7.8
E00116313,90.7,3,6.3
E00116314,86.5,4.8,8.7
E00116315,79.7,9,11.3
E00116316,90.6,4.4,5
E00116317,90.5,3.1,6.5
E00116318,91,3.9,5.1
E00116319,76.9,5.9,17.2
E00116320,90.5,2.5,7
E00116321,81.1,5.9,12.9
E00116322,86.9,2.8,10.2
E00116323,83.8,3.4,12.8
E00116324,79.7,2.6,17.7
E00116325,88.8,4.5,6.6
E00116326,91.9,5.6,2.5
E00116327,88.3,1.1,10.6
E00116328,86.4,5,8.6
E00116329,89.9,3.8,6.3
E00116330,86.3,6,7.7
E00116331,91.1,1.7,7.2
E00116332,92.4,5.7,1.9
E00116333,81.7,6.8,11.6
E00116334,89.6,3.4,7
E00116335,85.7,5,9.3
E00116336,92.3,1.8,5.9
E00116337,87.9,2.1,10
E00116338,84.1,3.4,12.5
E00116339,87.6,1.4,11
E00116340,87.3,1.6,11.1
E00116341,93.5,1.3,5.1
E00116342,93.4,1.3,5.4
E00116343,87.3,1.4,11.3
E00116344,94.2,1.7,4.2
E00116345,95.4,0.6,4
E00116346,87.8,1.6,10.6
E00116347,89.8,2,8.3
E00116348,87.1,4.7,8.2
E00116349,95.4,4,0.6
E00116350,87.8,1.4,10.9
E00116351,90.3,2.5,7.2
E00116352,87.5,3,9.5
E00116353,91.3,3.4,5.3
E00116354,92.2,0.9,6.9
E00116355,88.3,4.8,7
E00117330,82.1,8.4,9.5
E00117331,86.1,4.1,9.8
E00117336,85.8,4.9,9.3
E00117337,91,4.3,4.8
E00117338,81.6,11,7.4
E00117339,84.2,7.7,8.1
E00117340,82.5,5.7,11.8
E00117341,91.6,1.5,6.9
E00117342,66.3,12.4,21.3
E00117343,76.8,10.1,13.1
E00117344,84,7.6,8.4
E00117345,89.4,1.2,9.4
E00117346,64.9,5.4,29.7
E00117347,91.4,3.7,4.9
E00117352,92.1,1.8,6.1
E00117353,86.5,6.7,6.7
E00117354,94.1,3,3
E00117355,89,8.7,2.4
E00117357,80.9,12.5,6.6
E00117358,70.2,25.8,4
E00117359,77.5,13.9,8.6
E00117360,74.8,14.9,10.3
E00117361,86.2,6.3,7.4
E00117362,89.7,4.3,6
E00117363,69.9,20.7,9.4
E00117364,75.5,12.6,11.9
E00117365,63.9,18.6,17.5
E00117366,76.4,14.2,9.4
E00117368,94.4,4.1,1.5
E00117369,77.6,12.8,9.6
E00117371,84.9,3.7,11.4
E00117372,77.1,3.9,19
E00117373,76.5,6.8,16.6
E00117374,82.5,7.4,10
E00117375,88.6,3.1,8.2
E00117376,88.7,7.4,3.9
E00117377,82.8,4.8,12.4
E00117378,73.5,11.2,15.3
E00117379,62.2,11.5,26.3
E00117380,74.1,12.9,12.9
E00117381,70.4,7.7,21.9
E00117382,85.6,3.6,10.8
E00117383,92.4,3.6,4
E00117384,82.7,8.8,8.5
E00117385,81.1,7.6,11.3
E00117386,86.8,6.6,6.6
E00117387,83.1,8.3,8.6
E00117388,74.3,7.9,17.8
E00117389,68.8,19.7,11.5
E00117390,75.1,17.1,7.7
E00117391,89.1,6.1,4.8
E00117392,91.4,2.9,5.7
E00117393,90.6,4,5.4
E00117394,90.4,6.2,3.4
E00117395,82.6,9.5,7.9
E00117396,68.3,5.5,26.1
E00117397,72.1,7.4,20.4
E00117398,66.7,15.9,17.5
E00117399,64.5,21.4,14.1
E00117400,65.5,23.3,11.2
E00117401,62.3,24.5,13.2
E00117402,67.2,24.5,8.4
E00117403,70.7,15.5,13.9
E00117404,71.4,12.8,15.8
E00117405,59.2,28.5,12.3
E00117406,69.3,15.7,15
E00117407,65.8,13.8,20.5
E00117408,72.9,15.5,11.6
E00117439,87.9,7.8,4.3
E00117440,86.9,6.2,6.9
E00117441,83,7.2,9.8
E00117467,66.9,13.5,19.6
E00117468,52.7,12.9,34.4
E00117469,69,14.9,16.1
E00117470,82.9,9.2,7.9
E00117471,72.3,16.7,11
E00117472,62.6,23.5,13.9
E00117473,62.3,23.3,14.5
E00117474,66.3,20,13.7
E00117475,68.2,15.4,16.4
E00117476,64.7,18.8,16.4
E00117477,69.8,16.8,13.4
E00117478,71.4,13.6,15.1
E00117479,76.6,6.2,17.2
E00117480,75.4,8.6,16
E00117481,79.4,5.9,14.7
E00117482,73,10.2,16.8
E00117483,64.8,18.7,16.6
E00117484,83.9,6.2,9.8
E00117485,71.9,20.5,7.6
E00117528,90.4,4,5.6
E00117530,92.1,4.4,3.5
E00117531,79.2,6.7,14.1
E00117532,89.4,3.1,7.5
E00117533,84.4,4.8,10.8
E00117534,77.1,11.4,11.4
E00117535,90.6,3.8,5.7
E00117536,86.3,6.8,6.8
E00117537,81.6,6.3,12.2
E00117539,76.4,7.9,15.7
E00117540,71.7,10.4,17.9
E00117541,82.4,10.8,6.8
E00117542,86.7,4.1,9.3
E00117543,87.8,3.5,8.7
E00117545,71.3,13.1,15.6
E00117546,93,2.6,4.4
E00117547,79.1,7,13.9
E00117548,89.5,4.3,6.2
E00117594,80.1,15.1,4.8
E00117595,85.1,6.4,8.5
E00117596,78.4,8.2,13.4
E00117597,82.5,8.6,8.9
E00117598,77.3,11.8,10.9
E00117599,75,14.1,10.9
E00117600,85.7,5.2,9.1
E00117601,78.9,10.2,10.9
E00117602,77.7,9,13.3
E00117603,75.8,12.1,12.1
E00117604,78.4,12.8,8.8
E00117605,83.8,6.1,10.1
E00117606,78.7,9.1,12.2
E00117607,77.4,14.6,8
E00117608,72.6,18.6,8.8
E00117609,80.7,13,6.3
E00117610,72.1,17,10.9
E00117611,63.4,10.2,26.3
E00117612,67.3,11.6,21.1
E00156860,85.8,6.5,7.7
E00156891,71.7,13.5,14.8
E00156892,75.6,10.4,14
E00156893,85,9.7,5.3
E00156894,70.9,24.9,4.2
E00156895,89,5,6
E00156896,86.8,8.3,5
E00156897,86.6,9.7,3.8
E00156898,92,2.9,5.2
E00156899,76.6,17.3,6.1
E00156900,71.8,11.1,17.1
E00156901,72.8,11.4,15.8
E00156902,81.9,9.2,8.8
E00156903,87.7,8,4.3
E00156904,77.5,11.3,11.3
E00156905,77.6,10.3,12.1
E00156906,72.9,17.3,9.7
E00156907,84.5,10.4,5.2
E00156908,62.3,18.7,19
E00156909,93.8,4.2,2.1
E00156910,76.1,11,12.9
E00156911,89.4,6.1,4.4
E00156912,85,7.1,7.8
E00156913,86.9,6.3,6.8
E00156914,86.2,7.5,6.3
E00156915,87,4.5,8.5
E00156916,91.7,1.5,6.8
E00156917,94.5,1.5,4
E00156918,90.2,2.9,6.9
E00156919,85,9.1,5.9
E00156920,88.9,3.9,7.2
E00156921,89,5.5,5.5
E00156922,92.4,3.8,3.8
E00156923,84.7,9.9,5.5
E00156924,95,0.9,4
E00156925,79.9,14.2,5.8
E00156926,89.4,5.7,4.9
E00156927,84.4,9.2,6.3
E00156928,86.6,7.7,5.7
E00156931,84.1,10,5.9
E00156932,93.1,3,3.9
E00156934,91.1,6.1,2.8
E00156935,93.8,2.7,3.5
E00156938,93.1,5,1.9
E00156941,82,9.2,8.8
E00156942,90,4.6,5.4
E00156945,92.9,4.8,2.3
E00156970,82.9,8.5,8.6
E00156972,89.9,4.2,5.9
E00156973,81.4,4.5,14.1
E00156974,87.8,2.5,9.7
E00156975,76.8,8.9,14.3
E00156976,87.5,3.3,9.2
E00156977,89.8,2,8.2
E00156978,83.5,5.5,11
E00156979,86.6,5.9,7.4
E00156980,87.2,5,7.8
E00156986,75.5,3.9,20.5
E00156987,65.5,7.5,27
E00156988,72.2,13.9,13.9
E00156989,75.3,16,8.6
E00156990,76.2,8.3,15.5
E00156991,66,13.7,20.3
E00156992,71.8,15.7,12.5
E00156993,75.4,11.8,12.8
E00156994,76.8,8.1,15.1
E00156995,74,12.2,13.8
E00156996,69.2,12.9,17.9
E00156997,64.1,9,26.9
E00156998,71.2,10.6,18.3
E00156999,75.7,14.2,10.1
E00157000,87.2,8.3,4.5
E00157001,76.2,18.1,5.8
E00157002,81.2,9.7,9.1
E00157003,96.2,1.5,2.4
E00157004,86.7,5.9,7.4
E00157005,87.2,8.4,4.4
E00157006,88,8.4,3.7
E00157007,84.6,8.5,6.8
E00157008,84.9,9.1,6
E00157009,86,9.4,4.6
E00157010,93.2,4,2.8
E00157011,88.5,7.4,4.1
E00157012,93.3,2.5,4.1
E00157013,94.8,3.1,2.1
E00157014,96,3.1,0.9
E00157015,86.9,9.4,3.8
E00157016,90.5,6.4,3.2
E00157017,91.7,6.1,2.2
E00157018,72.9,17.5,9.6
E00157020,72.1,15.4,12.5
E00157021,89.2,7,3.8
E00157023,80.7,7.4,11.9
E00157024,72.1,21.9,6
E00157025,64.7,14.8,20.5
E00157026,82,11.8,6.3
E00157027,80.2,10.2,9.6
E00157028,87.7,5.8,6.5
E00157029,85.2,9.1,5.7
E00157031,59.4,20.8,19.8
E00157032,78.2,12.6,9.2
E00157033,88.4,7.9,3.7
E00157034,86,8.1,5.9
E00157035,93.1,5,1.9
E00157036,89.8,3.4,6.8
E00157037,92.5,4.8,2.7
E00157038,93.1,5.1,1.9
E00157039,90.3,6.4,3.3
E00157040,92.5,5.5,1.9
E00157041,90.3,4.3,5.4
E00157042,87.5,2.3,10.2
E00157043,95.3,3,1.7
E00157044,92.1,6,1.9
E00157045,92.4,5,2.5
E00157046,91.3,4.3,4.3
E00157047,92.2,3.6,4.2
E00157048,91.7,6.5,1.8
E00157049,91.9,3,5
E00157050,71.4,22.6,6
E00157051,81.2,12.3,6.5
E00157053,89.8,7.6,2.6
E00157054,81.4,7.5,11.1
E00157055,70.5,7,22.5
E00157056,75.6,18,6.4
E00157057,78.6,16.1,5.4
E00157058,70.9,22.1,7
E00157059,94,5.4,0.6
E00157061,92.5,4.6,3
E00157062,82.1,9.4,8.5
E00157063,69.8,13,17.3
E00157064,82.5,8.6,8.9
E00157065,84.9,8.9,6.2
E00157066,91.7,5.9,2.4
E00157067,92.4,5.6,2
E00157068,72.3,21.2,6.5
E00157069,91,4.8,4.2
E00157070,83.3,10.9,5.7
E00157071,82.4,3.4,14.2
E00157072,74,11.4,14.7
E00157073,81.7,13,5.3
E00157074,75.1,11,13.9
E00157075,62.4,19.7,18
E00157076,77,11.1,12
E00166652,73.3,12,14.7
E00166660,89.1,9.1,1.8
E00166671,89.3,6.3,4.4
E00166672,74.4,8.9,16.7
E00166674,82.4,9.6,8
E00166676,91.1,3.6,5.4
E00167808,66.5,28.3,5.1
E00167809,75.1,18.1,6.7
E00167810,86.9,8.1,5.1
E00167812,70.3,25.4,4.3
E00167814,83.4,7.7,8.9
E00167817,66.3,24.1,9.5
E00167818,86.8,10.6,2.6
E00167906,86.6,6.1,7.3
E00167907,88.3,10.6,1.1
E00167908,94.1,4.8,1
E00167909,89.6,6.7,3.7
E00167910,87.9,7.3,4.8
E00167911,89.4,5.5,5.2
E00167912,87,5.9,7.1
E00167913,79.4,17,3.6
E00167914,85,6.5,8.6
E00167915,91.3,5.8,2.9
E00167916,85.2,11.3,3.5
E00167917,84.7,12.4,2.9
E00167918,89.2,6.7,4.1
E00167919,88.4,9.1,2.4
E00167920,83.7,11.6,4.7
E00167929,78.7,3.4,18
E00167939,57.4,37.2,5.4
E00167940,79.3,9.8,10.9
E00167941,61.1,28.1,10.8
E00167946,80.5,4.6,14.9
E00167947,88.1,6,6
E00167948,77.3,13.1,9.6
E00167949,86.2,2.5,11.2
E00167950,78.6,12.2,9.2
E00167951,84.9,10,5
E00167952,77.5,4.9,17.6
E00180560,78.1,12,9.9
E00180628,71.4,15.3,13.3
E00180629,61.8,27.7,10.5
E00180641,48.4,45.4,6.2
E00180648,75.3,15.7,9
E00184955,76.8,13,10.2
E00184964,92.8,4.8,2.4
E00184987,60.5,24.6,14.8
E00184996,88.3,6.5,5.2
E00185031,77.6,17.4,5
E00188335,64.5,33.7,1.8
E00188365,82.4,11.5,6.1
E00188378,85.9,5.2,8.9
E00188392,78.8,17.5,3.7
E00188406,74.3,5.3,20.5
E00188407,81.2,6.7,12.1
E00188494,86.4,7,6.6