areacd,number_of_cars_5a-000,number_of_cars_5a-001,number_of_cars_5a-002,number_of_cars_5a-003
E00031574,23.6,43.3,24.4,8.7
E00031575,11.3,47.6,30.6,10.5
E00031576,4.8,32.8,44.8,17.6
E00031577,14.4,38.6,34.1,12.9
E00031578,3.2,24,50.4,22.4
E00031579,0.9,21.8,47.3,30
E00031580,10.1,36.5,41.9,11.5
E00031581,6.6,33.1,45.5,14.9
E00031582,11.7,31.1,40.8,16.5
E00031583,6.7,41,43.8,8.6
E00031584,4.7,21.1,55.5,18.8
E00031602,3.5,27.1,51.2,18.2
E00031603,14.6,46.1,29.8,9.6
E00031604,0.7,31.5,53.1,14.7
E00031605,29.5,47.3,19.4,3.9
E00031607,29.7,42.3,20.7,7.2
E00031608,14.3,57.9,20.6,7.1
E00031609,19.7,44.3,31.1,4.9
E00031610,28.8,45.9,21.9,3.4
E00031611,3.7,46.3,35.8,14.2
E00031612,28,45.8,21.2,5.1
E00031613,40,44.2,13.3,2.5
E00031614,10.4,54.8,25.2,9.6
E00031615,14.5,49.1,25.5,10.9
E00031616,8.5,41.8,35.5,14.2
E00031617,14.8,42.6,32.2,10.4
E00031696,30.6,42.7,21.8,4.8
E00031697,16.5,52.6,30.1,0.8
E00031698,3,23.1,53,20.9
E00031699,36.3,37.2,20.4,6.2
E00031700,30.9,48.5,18.4,2.2
E00031701,31.9,37,25.4,5.8
E00031702,33.3,48.5,12.1,6.1
E00031703,9.4,46,33.1,11.5
E00031704,20.2,41.9,30.6,7.3
E00031705,15.7,44.2,33.7,6.4
E00031706,19,42.2,30.2,8.6
E00031707,44.7,40.8,9.7,4.9
E00031708,30.7,42.1,21.4,5.7
E00031709,14.4,54.1,18.9,12.6
E00031710,25,37.1,27.3,10.6
E00031711,34.3,50.7,11.2,3.7
E00031712,15.1,56.3,19,9.5
E00031713,15.2,54.5,22.8,7.6
E00031714,23.3,36.4,28.7,11.6
E00031715,40.3,42.3,12.8,4.7
E00031716,16.4,51.5,24.6,7.5
E00031717,13.1,50,31.5,5.4
E00031718,16.9,45.4,25.4,12.3
E00031719,9.9,54.6,28.3,7.2
E00031720,18.3,43.3,27.5,10.8
E00031721,11,44.9,34.6,9.6
E00031722,13.6,40.7,32.1,13.6
E00031723,21.6,36,27.3,15.1
E00031725,18.1,41.3,30.4,10.1
E00031726,19.7,49.3,23.2,7.7
E00031727,21.1,48.3,19.7,10.9
E00031728,35.2,46.1,13.3,5.5
E00031729,24.4,52.9,18.5,4.2
E00031730,41.3,40.6,13.5,4.5
E00031731,23.4,54.7,17.2,4.7
E00031732,39.1,41.4,14.1,5.5
E00031990,0,43.5,44.4,12.1
E00031991,8.1,32.5,47.2,12.2
E00031993,7.7,42.1,41.3,8.9
E00031994,10.4,47.8,29.9,11.9
E00031995,6.9,38.5,39.2,15.4
E00031996,12.2,41.5,38.8,7.4
E00031997,8.4,34.3,45.5,11.8
E00031998,5.1,33.5,49.4,12
E00031999,14.5,41.9,28.2,15.4
E00032000,12.7,44.4,31,12
E00032001,6.7,30.9,50.6,11.8
E00032002,40.8,40.8,13.6,4.8
E00032003,11.9,45.5,32.8,9.7
E00032004,2.7,20.1,55.7,21.5
E00032005,10.3,50,28.4,11.2
E00032006,6.9,41,39.6,12.4
E00032007,8.9,40.7,39.8,10.6
E00032008,8.4,40.3,40.3,10.9
E00032009,9.2,31.2,43.1,16.5
E00032010,7.4,40.7,38,13.9
E00032011,15.1,32.8,40.3,11.8
E00032012,8.6,47.7,34.4,9.4
E00032013,15.8,32.2,39,13
E00032014,0.8,33.3,47.5,18.3
E00032015,6.1,34.8,50.4,8.7
E00032016,15.6,43.4,31.1,9.8
E00032017,14.6,38.5,37.5,9.4
E00032018,10.4,49.1,36.8,3.8
E00032019,13.5,42.3,26.9,17.3
E00032020,3.3,38.2,40.7,17.9
E00032021,4.2,42.9,44.5,8.4
E00032022,16.5,40.2,34.6,8.7
E00032023,17.1,48.8,26.8,7.3
E00032024,26.2,36.9,31.5,5.4
E00032025,8.7,44.1,36.2,11
E00032026,16.5,45.2,28.7,9.6
E00032027,31.3,41.2,25.2,2.3
E00032029,32.4,40.3,22.3,5
E00032030,19,39.3,34.5,7.1
E00032031,2.9,30.2,49.6,17.3
E00032032,5.1,34.7,45.8,14.4
E00032033,3.2,43.2,41.1,12.6
E00032034,14.7,51.9,25.6,7.8
E00032035,10.3,43.1,39.7,6.9
E00032036,9.3,34.6,39.3,16.8
E00032037,11,36.4,40.7,11.9
E00032038,10.1,35.8,35.8,18.3
E00032197,38,43.3,13.5,5.3
E00032198,29.8,40.4,21.9,7.9
E00032200,33.3,40,24.4,2.2
E00032201,43,45.2,9.6,2.2
E00032202,26.2,46.7,25.3,1.7
E00032203,46.9,43.4,7.6,2.1
E00032204,50,39.5,8.1,2.4
E00032205,40.4,38.8,18.5,2.2
E00032212,31.6,44.4,17.3,6.8
E00032213,48.7,31.9,18.6,0.9
E00032214,45.5,38,16.5,0
E00032215,49.5,35.1,12.6,2.7
E00032216,46.1,45.2,5.2,3.5
E00032217,40.8,36.7,16.3,6.1
E00032218,18.2,40.9,31.8,9.1
E00032219,40.7,39.3,16.3,3.7
E00032220,24.4,38.2,28.5,8.9
E00032222,51.4,33,10.1,5.5
E00032223,41.1,40.2,17.9,0.9
E00032224,48,33.7,15.3,3.1
E00032225,37.1,48.3,12.1,2.6
E00032226,45.7,38.3,8.6,7.4
E00032239,8.2,38.8,46.9,6.1
E00032240,47.7,33.6,15.9,2.8
E00032241,36.2,41.9,18.1,3.8
E00032242,50,34.9,11.6,3.5
E00032243,46.1,42.2,10.9,0.8
E00032244,38.1,42.9,15.5,3.6
E00032245,38.7,47.7,12.6,0.9
E00032246,40.4,42.3,17.3,0
E00032278,7.5,50,32.1,10.4
E00032279,13.1,43.4,37.2,6.2
E00032280,16.1,37.9,31.5,14.5
E00032281,12.1,46.8,29.8,11.3
E00032282,10.7,47.1,33.9,8.3
E00032283,23.7,50,20.2,6.1
E00032285,32.7,46.5,15.8,5
E00032288,22.6,56.8,17.1,3.4
E00032294,10.1,52.7,31.8,5.4
E00032295,11.5,49.2,32,7.4
E00032298,17.7,42.7,34.7,4.8
E00032299,13.6,57.3,26.4,2.7
E00032303,22.7,50.8,21.9,4.7
E00032308,25.2,47.5,21.6,5.8
E00032309,28.7,51.2,19.4,0.8
E00032311,31.1,52.3,13.9,2.6
E00032312,30.2,47.5,18,4.3
E00032313,63.7,30.1,4.1,2.1
E00032315,10.2,40,35.1,14.6
E00032318,3.2,33.6,46.4,16.8
E00032319,5.1,32.2,46.6,16.1
E00032322,10.9,43.8,34.4,10.9
E00032426,9.8,37.9,42.4,9.8
E00032427,6.2,47.3,37,9.6
E00032428,7.1,49,34.8,9
E00032429,8.3,39.9,39.3,12.5
E00032430,45,42.6,9.3,3.1
E00032431,20.5,49.1,22.3,8
E00032432,23.4,53.2,16,7.4
E00032433,38.3,45.2,13,3.5
E00032434,22,44.1,24.6,9.3
E00032435,31.1,41.2,21,6.7
E00032436,22.8,46.3,29.4,1.5
E00032437,26.8,46.5,22.8,3.9
E00032438,61.9,30.5,5.7,1.9
E00126500,8.4,41.1,38.3,12.1
E00126501,6.3,30.1,39.9,23.8
E00126502,4.5,25.6,39.7,30.1
E00126503,7.1,32.7,37.2,23
E00126504,5.1,34.3,43.8,16.8
E00126505,16.3,41.1,29.1,13.5
E00126506,10.5,51.8,28.9,8.8
E00126507,8.7,38.1,42.1,11.1
E00126508,10.8,33.6,42.2,13.5
E00126509,14.9,40.3,30.6,14.2
E00126510,7.6,34.7,39.4,18.2
E00126511,4.7,33.6,37.4,24.3
E00126512,10.1,33.6,45.4,10.9
E00126600,39.9,43.5,11.6,5.1
E00126601,23.4,48.4,23.4,4.8
E00126602,9.2,40.5,36.6,13.7
E00126604,27.8,40.3,26.4,5.6
E00126605,12.4,47.1,30.6,9.9
E00126607,6.9,42.3,37.7,13.1
E00126613,21.2,48.2,27,3.6
E00126614,7.9,41.3,39.7,11.1
E00126615,37.3,41,18.7,3
E00126616,13.4,43,32.9,10.7
E00126617,35.4,46,14.2,4.4
E00126618,43.8,34.7,19,2.5
E00126619,39.5,40.3,17.6,2.5
E00126679,5.1,32.2,46.6,16.1
E00126680,9.7,46.1,33.1,11
E00126681,25.4,38.1,24.6,11.9
E00126682,5.5,37.9,44.1,12.4
E00126683,28.1,47.1,19,5.8
E00126684,5.5,39.8,37.5,17.2
E00126685,17,41.5,31.9,9.6
E00126686,10.7,45.8,33.6,9.9
E00126687,9.8,40,40,10.2
E00126688,58.2,34.7,4.1,3.1
E00126689,11.7,37.5,34.2,16.7
E00126690,7.4,34.9,38.3,19.4
E00126691,12.4,36.6,39.2,11.9
E00126692,24.3,51.4,18.9,5.4
E00126693,10.2,56.3,25,8.6
E00126694,12.1,38.6,42.3,7
E00126695,31.4,42.4,21.2,5.1
E00126696,7.9,40.2,42.5,9.4
E00126697,8.2,40.9,34.5,16.4
E00126698,9.4,39.3,35,16.2
E00126699,38.3,41.7,15.8,4.2
E00126701,6,47.8,31.3,14.9
E00126702,5,36.2,45.2,13.6
E00126710,11.6,38.7,41.3,8.4
E00126712,11.6,40.6,33.3,14.5
E00126714,0,22.7,50,27.3
E00126715,5.3,20.4,45.1,29.2
E00126716,14.5,47,29.1,9.4
E00126717,5,24.5,41.7,28.8
E00126718,7.9,40.5,34.1,17.5
E00126719,5.7,36.1,42.4,15.8
E00129250,35.1,32.1,24.6,8.2
E00129251,10.1,33.6,39.5,16.8
E00129253,3.2,34.4,37.6,24.8
E00129254,9.2,29.2,46.2,15.4
E00129255,22.4,47.2,18.4,12
E00129256,4.7,37.2,38.8,19.4
E00129257,4,29.1,41.1,25.8
E00129258,46.2,32.3,13.1,8.5
E00129259,14.4,43.9,29.5,12.1
E00129260,28.8,44.4,23.8,3.1
E00129261,17.9,48.1,23.6,10.4
E00129262,10.5,54.9,24.1,10.5
E00129263,37.8,48.1,10.9,3.2
E00129264,51.3,37.8,9.2,1.7
E00129265,2.1,35.4,43.8,18.8
E00129266,23,45.1,22.1,9.7
E00129267,11.5,39.7,33.6,15.3
E00129268,45.7,38.4,12.3,3.6
E00129269,29.5,51.6,14.7,4.2
E00129307,26.6,50.5,19.3,3.7
E00129308,41.7,46.4,10.1,1.8
E00129309,30.2,50.4,15.1,4.3
E00129310,34.9,38.9,19,7.1
E00129311,38.4,40.4,16.4,4.8
E00129312,31.7,49.2,14.2,5
E00129313,16.1,46.6,24.6,12.7
E00129314,27.5,45.8,23.9,2.8
E00129315,23,51.9,17.8,7.4
E00129316,44.2,40.8,12.5,2.5
E00129317,40.4,40.4,15.4,3.7
E00129318,41.9,39.9,15.5,2.7
E00129319,56.6,34.3,8.1,1
E00129320,25,43,23.4,8.6
E00129367,9.7,54.9,31.9,3.5
E00129368,12.3,36,37.7,14
E00129370,21.6,43.1,26.7,8.6
E00129371,47.7,37.7,12.6,2
E00129372,37.6,53.4,6,3
E00129373,44.9,44.1,7.6,3.4
E00129380,29.6,39.6,23.1,7.7
E00129421,26.5,49.3,19.1,5.1
E00129422,22.8,43.4,25.7,8.1
E00129423,38.5,39.3,16.4,5.7
E00129435,7.1,31.9,39.7,21.3
E00129436,4.9,35.9,49.3,9.9
E00129437,3,22.5,52.1,22.5
E00129438,9.1,36.4,40.6,14
E00129451,5.4,32.3,43,19.4
E00129452,3.4,21.5,40.3,34.9
E00129453,6.9,35.3,48.3,9.5
E00129454,5.9,26.1,47.1,21
E00129455,4,20.6,46,29.4
E00129456,17.5,52.6,19.6,10.3
E00129457,3.4,34.5,54.6,7.6
E00129458,8.3,49.2,34.2,8.3
E00129459,12.4,48.7,34.5,4.4
E00129460,12.4,42.5,31.9,13.3
E00129461,3.4,31.4,50,15.3
E00129462,3.6,30,45,21.4
E00129463,8.2,37.7,44.3,9.8
E00129501,23.7,43,27.4,5.9
E00129502,37.8,42.5,14.2,5.5
E00129503,19.2,45.6,28,7.2
E00129504,41.3,42.9,11.9,4
E00129505,26.4,35.2,28.8,9.6
E00129506,27.8,45.9,22.6,3.8
E00129507,33.1,43.6,17.3,6
E00129508,43.5,40.5,12.2,3.8
E00129509,44.6,38.8,10.8,5.8
E00129510,18.7,43.9,30.8,6.5
E00129511,28.1,49.6,16.5,5.8
E00129512,14.7,44.8,28.4,12.1
E00129513,25.6,44.2,23.3,7
E00129514,12.3,51.6,24.5,11.6
E00129515,15.2,53.6,26.8,4.3
E00129516,29.5,47.6,20,2.9
E00129517,52.9,40.5,5,1.7
E00129518,22.9,52.9,20,4.3
E00129519,11.3,47.5,28.8,12.5
E00129520,13.6,35,37.9,13.6
E00129521,15.2,50.4,25.6,8.8
E00129522,16.4,39.3,30.7,13.6
E00129523,20.4,41.3,26.9,11.4
E00129524,24.1,43.1,25.5,7.3
E00129526,34,52,12,2
E00129527,33.7,45.9,13.3,7.1
E00129528,53.5,43.3,2.4,0.8
E00129529,29.4,52.9,11.8,5.9
E00129530,37.1,37.1,20,5.7
E00129531,32.8,43.4,12.3,11.5
E00129532,26.4,38.7,23.6,11.3
E00129533,42.2,38.8,15.5,3.4
E00129534,27,47.8,19.1,6.1
E00129535,52.9,31.9,13.8,1.4
E00129536,21.9,50.4,24.8,2.9
E00129537,54.9,34.6,8.5,2
E00129538,53.1,33.8,12.3,0.8
E00129539,39.8,39.2,17.7,3.2
E00129540,55,31.7,10.8,2.5
E00129541,59,28,11,2
E00129542,30.1,38.5,21.7,9.8
E00129545,44.9,38.8,13.6,2.7
E00129546,8.8,40.9,33.6,16.8
E00129547,46.1,43.5,9.1,1.3
E00129548,50.9,34.3,12,2.8
E00129549,50.8,33.6,12.5,3.1
E00129569,11.5,39.6,40.6,8.3
E00129570,9.3,46,32.7,12
E00129571,7,32.6,39.5,20.9
E00129572,40.7,40.7,16.3,2.4
E00129573,38.2,44.3,13.7,3.8
E00129577,27.1,36.1,26.3,10.5
E00129578,8.8,31.6,47.1,12.5
E00129579,14.7,51.9,25.6,7.8
E00129580,39.2,40.8,17.7,2.3
E00129581,6,38.5,39.3,16.2
E00129585,11.1,46.8,31.7,10.3
E00129588,9.8,39.3,31.9,19
E00129589,9.6,37,40,13.3
E00129590,3,42.9,36.8,17.3
E00129591,16.2,36.8,35.3,11.8
E00129592,4.9,38.2,43.1,13.8
E00129593,2.8,34.5,38,24.6
E00129594,6.7,36.1,37,20.2
E00129595,12.1,37.9,36.4,13.6
E00129596,0,30.5,49.6,19.9
E00129597,10.7,49.1,31.3,8.9
E00129598,9.7,26.6,46.8,16.9
E00129599,6.5,27.1,49,17.4
E00129600,6.8,43.8,37,12.5
E00168459,0,28.3,41.3,30.4
E00168473,37,49.6,11.9,1.5
E00168818,4.4,36,47.8,11.8
E00168819,40.4,45.2,10.3,4.1
E00168820,54.5,28.3,14.1,3
E00168821,5.5,39.1,38.2,17.3
E00168822,4.1,36.5,52.3,7.1
E00170497,8.5,54.2,30.5,6.8
E00170505,4.2,44.9,43.2,7.6
E00170506,12.9,51.7,25.9,9.5
E00170507,22.1,38.7,32.5,6.7
E00170519,4.1,23.8,50,22.1
E00170521,4,33.3,55.9,6.8
E00181413,3,31.5,54.9,10.6
E00181420,0.9,25,69,5.2
E00181433,18.9,35.1,37.8,8.1
E00181443,15,55,25,5
E00181447,0.8,26.3,62.4,10.5
E00181450,5.6,36.1,37.5,20.8
E00181461,20.2,51.2,26.2,2.4
E00181464,4.2,22.3,65.1,8.4
E00181474,15.3,54.1,27.3,3.3
E00181477,9.3,47.4,37.1,6.2
E00181482,4.1,22.6,65.1,8.2
E00181484,36.8,47.3,14.5,1.4
E00181485,5,43,37.2,14.9
E00181498,10,46,38,6
E00181503,4.3,26.1,53.9,15.7
E00182017,5.8,51.5,39.8,2.9
E00182032,4.8,41.6,43.5,10