geography_code,hh_tenure_5a-000,hh_tenure_5a-001,hh_tenure_5a-002,hh_tenure_5a-003
E00037088,9.3,12.9,76.4,1.4
E00037090,38,31.4,19,11.6
E00037091,40.8,18.4,35.2,5.6
E00037092,56.7,29.1,0.8,13.4
E00037108,55.5,37,0.7,6.8
E00037396,69,11.9,16.7,2.4
E00037405,40.8,25,22.4,11.8
E00037406,20,24.7,33.3,22
E00037407,11.7,17.5,60,10.8
E00037408,19.1,16.8,55.7,8.4
E00037409,65.8,17.9,5.1,11.1
E00037410,37.3,35.7,17.5,9.5
E00037440,29.5,21.4,21.9,27.1
E00037441,18.4,20.6,39,22.1
E00037442,10.8,27.5,48.3,13.3
E00037443,25.8,26.6,38.7,8.9
E00037444,23.9,33.3,36.8,6
E00037445,26.3,33.1,27.1,13.6
E00037446,21.2,26.5,46.4,6
E00037447,35.9,28.3,20.7,15.2
E00037448,24.8,27.8,39.1,8.3
E00037449,20.6,26.7,15.2,37.6
E00037450,22.2,20.6,20.1,37
E00037451,18.9,45.6,12.9,22.6
E00037452,23.1,23.1,20.4,33.3
E00037453,33,38,12.3,16.8
E00037454,55,37.1,2.9,5
E00037455,36,36,6.5,21.6
E00037456,25.8,31.8,23.2,19.2
E00037457,46.8,32.5,1.9,18.8
E00037458,33.8,23.5,38.2,4.4
E00037459,29.1,31.3,32.1,7.5
E00037460,66.7,13.8,6.5,13
E00037461,29.1,27.5,23.3,20.1
E00037462,20.5,25.8,50,3.8
E00037463,33.1,40,16.9,10
E00037464,54.5,17.2,13.8,14.5
E00037465,47.4,38.5,4.4,9.6
E00037466,51.2,33.3,8.5,7
E00037467,33.9,33.9,14,18.2
E00037468,13,22.5,58,6.5
E00037469,9.7,9.7,74.3,6.2
E00037470,60.2,21.9,3.1,14.8
E00037471,61.7,21.8,12.8,3.8
E00037472,66.4,26.6,0,7
E00037473,32.6,34.8,14.9,17.7
E00037474,43.1,32.1,1.5,23.4
E00037475,24.8,20.6,43.3,11.3
E00037476,23.5,47.1,17.6,11.8
E00037477,22.4,23.3,40.5,13.8
E00037478,27.6,31,34.5,6.9
E00037479,30.8,27.5,31.7,10
E00037480,73.5,22,1.5,3
E00037481,75.6,19.8,1.5,3.1
E00037482,32.2,48.7,8.5,10.6
E00037483,19,40.1,10.2,30.7
E00037484,35.7,22.7,24,17.5
E00037485,31.6,41.2,10.3,16.9
E00037486,21.2,35.6,22.9,20.3
E00037487,47.9,29.5,16.4,6.2
E00037488,11.1,22.2,57.8,8.9
E00037489,42.5,35,1.9,20.6
E00037490,30.3,26.9,19.3,23.4
E00037491,26.1,38.7,29.4,5.9
E00037492,27.4,37.7,26,8.9
E00037493,24.4,15.6,46.7,13.3
E00037494,36.2,39.1,5.7,19
E00037495,30.7,27.1,20,22.1
E00037496,24.8,14,56.2,5
E00037497,31.3,24.4,7.5,36.9
E00037498,29.8,21,39.5,9.7
E00037499,32.7,37.8,0,29.5
E00037500,53.5,25.2,1.6,19.7
E00037501,50.4,32.1,11.7,5.8
E00037578,15.3,30.6,38.9,15.3
E00037579,30.8,16.5,46.6,6
E00037599,55.4,33.1,3.4,8.1
E00037604,64.4,28.9,1.5,5.2
E00037606,50,37.9,3.2,8.9
E00037607,51.3,36.8,1.7,10.3
E00037608,50.4,28.3,10.2,11
E00037613,59,27.6,7.1,6.4
E00037614,39.7,31.7,6.3,22.2
E00037615,32.1,57.5,2.6,7.8
E00037616,20.5,25.6,46.2,7.7
E00037617,21.9,28.9,39.8,9.4
E00037618,44.4,32.3,15.2,8.1
E00037619,42.7,47.1,5.7,4.5
E00037620,23.6,31,36,9.4
E00037621,55.1,36.7,4.1,4.1
E00037622,47,34.8,9.1,9.1
E00037623,28.4,32.4,28.4,10.8
E00037624,44.6,27.7,19.3,8.4
E00037625,57.6,32.6,0,9.8
E00037626,34.4,13.8,3.1,48.8
E00037627,44,27.6,1.5,26.9
E00037739,26,13.8,40.3,19.9
E00037743,13.2,13.2,67.4,6.2
E00037744,49.6,26.7,16.3,7.4
E00037745,16.7,18.5,60.1,4.8
E00037746,25.8,35.8,13.2,25.2
E00037747,20,50.7,20,9.3
E00037748,41.5,32.6,11.9,14.1
E00037749,17.4,27.3,41.3,14
E00037751,16.4,15.6,61.7,6.3
E00037752,29.5,18.2,5.3,47
E00037758,19.3,33.3,38.7,8.7
E00037759,19.5,14.9,56.9,8.6
E00037760,29.3,38.2,19.1,13.4
E00037763,37.7,39.7,0.7,21.9
E00037764,22.6,18,38.3,21.1
E00037765,38.7,43.6,0.6,17.1
E00037767,13,14.6,62.6,9.8
E00037769,26.6,25.9,4.3,43.2
E00037775,21.9,47,16.9,14.2
E00037779,53.3,38.7,0.7,7.3
E00037780,36.4,23.6,12.1,27.9
E00037782,23.5,33.8,18.4,24.3
E00037783,30.5,32.5,25.3,11.7
E00037784,19.3,31.6,36.8,12.3
E00037785,62,28.2,2.1,7.7
E00037788,19.8,15.9,61.1,3.2
E00037789,15.6,22.1,50.8,11.6
E00037790,18.6,26.4,51.2,3.9
E00037792,24.8,18.2,43.8,13.1
E00037796,44.1,36,9.6,10.3
E00037797,38.6,29,20.7,11.7
E00037798,20.8,22.5,49.2,7.5
E00037799,35.2,35.8,13.8,15.1
E00037800,36.2,28.5,25.4,10
E00037801,9.9,16.2,61.3,12.6
E00037802,35.4,28.2,25.4,11
E00037803,18,17.2,50.8,13.9
E00037804,31.5,33.8,6.2,28.5
E00037805,63.7,20,0,16.3
E00037806,12.1,14.3,60,13.6
E00037807,21.1,34.9,36.2,7.9
E00037808,19.8,19.8,25.4,34.9
E00037809,22.7,15.6,43,18.8
E00037810,66.7,25.4,0.8,7.1
E00037811,20.8,14.4,53.6,11.2
E00037812,60.5,28.7,5.4,5.4
E00037813,50,30.5,3.4,16.1
E00037814,14.3,16.7,65.9,3.2
E00037815,19.4,16.3,60.5,3.9
E00037816,36.1,35.3,12.8,15.8
E00037817,63,28.3,1.6,7.1
E00037818,51.2,35.2,1.6,12
E00037819,37,21.3,33.3,8.3
E00037820,30.2,33.3,29.4,7.1
E00037821,5.7,9.4,73.6,11.3
E00037822,66.9,19.1,8.1,5.9
E00037823,22.8,19.7,43.3,14.2
E00037824,14.9,22.3,56.2,6.6
E00037825,13.5,12.7,53.2,20.6
E00037826,75,22.4,1.7,0.9
E00037827,17.2,28.1,41.4,13.3
E00037828,11.8,20.2,58.8,9.2
E00038993,5.1,0,33.3,61.5
E00038994,43,22.4,8.4,26.2
E00038995,32.3,40.5,20.9,6.3
E00038996,60.2,32,2.9,4.9
E00039510,54.1,33.3,5.2,7.4
E00039511,27.3,28.1,33.1,11.6
E00039515,68.1,27.4,1.8,2.7
E00039516,65.5,31.9,0.9,1.7
E00039517,40.6,37.8,7.7,14
E00039518,37.9,27.9,22.9,11.4
E00039521,51.4,31.8,7.5,9.3
E00039529,21.5,17.4,51.4,9.7
E00039537,53.3,40.2,0.9,5.6
E00039538,55.9,33.9,0.8,9.4
E00039539,53.4,39.2,0.7,6.8
E00039540,53.7,38.2,0.8,7.3
E00039541,52.9,34.1,1.4,11.6
E00039542,52.9,36.1,1.9,9
E00039543,46.7,32.8,2.9,17.5
E00039544,40.3,33.1,0.7,25.9
E00039545,22.9,34.4,32.8,9.9
E00039947,58.3,30.9,0.7,10.1
E00039948,60.1,35.8,0,4.1
E00039949,74.8,21.1,0.8,3.3
E00039950,53.7,31.3,3.7,11.2
E00039951,61.3,30.7,0.7,7.3
E00039952,55.5,36.4,1.7,6.4
E00039953,41.8,46.2,0.6,11.4
E00039954,19.5,15.2,57.9,7.3
E00039955,35.8,29.8,23.2,11.3
E00039956,27.6,28.6,35.7,8.2
E00039957,68,26.4,2.8,2.8
E00039958,25.6,28.9,32.2,13.2
E00039961,23.4,17.7,51.6,7.3
E00039962,44.7,42.9,1.9,10.6
E00039963,46.5,50.3,0,3.2
E00039964,54,38.1,1.6,6.3
E00039965,50.5,44.9,0.9,3.7
E00039966,25.3,63.2,0,11.5
E00039967,33.9,37.4,7,21.7
E00039968,51.6,45.3,0.8,2.3
E00039969,48,44.7,0,7.3
E00039970,35.8,30.6,19.4,14.2
E00039971,50.4,31.3,12.2,6.1
E00039972,32.5,29.8,31.6,6.1
E00039973,65.3,32.2,0.8,1.7
E00039974,23.4,19.1,41.8,15.6
E00039975,62.6,29.8,2.3,5.3
E00039976,57.8,39.7,0,2.6
E00039977,43.4,19.4,1.6,35.7
E00039978,55.6,30.2,1.6,12.7
E00039979,17.4,18.9,51.5,12.1
E00039980,58.8,26.1,1.7,13.4
E00039981,52.9,33.9,0,13.2
E00039982,56.3,32,1.6,10.2
E00039983,63.3,28.8,0,7.9
E00039984,60.5,33.3,1.6,4.7
E00039985,12.9,18.5,53.2,15.3
E00039986,76.3,17.5,0.9,5.3
E00039987,50.4,31.7,10.6,7.3
E00039988,57.6,36.4,0,6.1
E00039989,58.2,38.2,0,3.6
E00039990,50.3,46.4,0,3.3
E00039991,34.2,37,13.7,15.1
E00039992,42.1,41.3,0,16.5
E00039993,39.1,36.1,1.5,23.3
E00039994,29.4,61.8,0,8.8
E00039995,69.4,25.4,0,5.2
E00039996,37.3,32.3,3.7,26.7
E00039997,32.5,33.3,15.9,18.3
E00039998,56.7,32.8,0,10.4
E00039999,34,41.5,2.7,21.8
E00040000,21.1,15.6,55.5,7.8
E00040001,22.9,30.5,35.2,11.4
E00040002,54,33.3,4.8,7.9
E00040003,10.8,5,71.7,12.5
E00040004,27.4,36.3,30.6,5.6
E00040005,26,25.2,38.6,10.2
E00040006,8.9,7.1,76.8,7.1
E00040007,17.7,25.4,47.7,9.2
E00040008,11.9,20.2,63.3,4.6
E00040009,27.2,17.6,40.8,14.4
E00040010,13.9,5.6,70.8,9.7
E00040011,57,32.2,6.6,4.1
E00040012,32.8,40.3,3.4,23.5
E00040013,41,35.2,16.2,7.6
E00040014,46.5,46.5,1,5.9
E00040015,53.6,35.9,0.7,9.8
E00040016,49.5,46.2,1.1,3.3
E00040017,42.7,46.7,1.3,9.3
E00040018,47.4,38.6,0,14
E00040019,50,43.9,0.9,5.3
E00040020,31.1,31.1,9.8,27.9
E00040021,47.7,45.3,0.8,6.3
E00040812,20.2,25.2,41.2,13.4
E00040813,14.5,20.9,49.1,15.5
E00040814,16,20.8,46.2,17
E00040815,24.2,60,12.1,3.8
E00040816,41.4,24.8,22.6,11.3
E00040817,13.2,10.7,59.5,16.5
E00040818,31.5,25.9,34.3,8.3
E00040820,17.5,13.1,54,15.3
E00041137,41.8,33.6,14.8,9.8
E00041174,32,26.2,34.4,7.4
E00041183,40.9,45.5,1.9,11.7
E00041215,32.8,13.9,39.3,13.9
E00041216,50,25.6,14.6,9.8
E00041217,41.9,36.8,18.8,2.6
E00041218,49.3,40.7,1.4,8.6
E00041219,55.4,40.2,0,4.3
E00041220,25,19.6,48.2,7.1
E00041221,58,30.1,0,11.9
E00041222,59.4,21.1,3,16.5
E00041223,44.7,33.6,14.5,7.2
E00041224,29.5,9.8,47.5,13.1
E00041225,7.3,13.8,74.3,4.6
E00041226,32.8,31.9,29.3,6
E00041227,44.4,46.5,3.5,5.6
E00041228,55.2,30.1,1.4,13.3
E00041230,47.9,46.8,1.1,4.3
E00041231,40.7,38.1,2.5,18.6
E00041233,65.9,22,3.3,8.8
E00041234,45,27.5,3.7,23.9
E00041235,53.2,23.4,3.6,19.8
E00041236,26.4,20,49.1,4.5
E00041237,60.8,33.6,0.8,4.8
E00041238,65.5,25.7,1.8,7.1
E00041239,43.1,36.6,13,7.3
E00041240,59.4,39.6,0,0.9
E00041241,63.4,30.5,0.8,5.3
E00041242,59.8,32,2.5,5.7
E00041243,47.1,28.1,5.2,19.6
E00041244,25,22.5,35,17.5
E00041245,17.7,19.2,56.2,6.9
E00041246,39,39,12.2,9.8
E00041247,47.1,39.3,2.1,11.4
E00041248,33.6,32,25.4,9
E00041249,33.3,27.8,12.3,26.5
E00041250,67.2,30.3,0,2.5
E00041251,56.4,30.9,1.8,10.9
E00041252,46.9,29,4.8,19.3
E00041253,41.1,56.6,0,2.3
E00041255,61.6,34.1,0,4.3
E00041257,53.5,26.3,15.7,4.6
E00041265,47.9,29.4,14.3,8.4
E00041266,37.6,46.2,7.7,8.5
E00041268,33.3,35.6,19.7,11.4
E00041271,42,26.9,24.4,6.7
E00041277,57,37.5,0,5.5
E00041278,26.6,40.3,24.2,8.9
E00041280,62.2,31.5,0,6.3
E00041281,57.5,39.8,0,2.7
E00041282,46,32.5,9.5,11.9
E00041294,32.6,41.9,3.9,21.7
E00041295,31.6,44,5.7,18.7
E00168785,36.8,37.9,8,17.2
E00168787,43.8,54.2,0,2.1
E00168788,55.8,39.4,1,3.8
E00172516,65.2,23.5,8.7,2.6
E00172517,21.9,72.9,0,5.2
E00172527,34.3,55.9,5.9,3.9
E00172530,49.6,29,1.5,19.8
E00172536,32.2,48.6,6.2,13
E00172538,32,63.9,0,4.1
E00172543,37.2,40.7,3.5,18.6
E00172544,19.4,66.4,0.7,13.4
E00179983,26.7,52,4,17.3
E00180037,13,64.1,10.9,12
E00180052,22.6,32.3,1.6,43.5
E00180096,43.2,54.7,1.1,1.1