geography_code,hh_language-001,hh_language-002,hh_language-003,hh_language-004
E00090859,95.7,1.9,0,2.5
E00090860,97.6,1.2,0,1.2
E00090865,94.5,3.6,0,1.8
E00090885,95.4,4.6,0,0
E00090887,98.2,0,1.8,0
E00090889,96.4,2.7,0.4,0.4
E00090890,95.4,3.3,0.7,0.7
E00090891,96,1.3,0,2.7
E00090895,97.5,1.9,0,0.6
E00090896,98.1,0,1.3,0.6
E00090897,92.9,2.2,0.5,4.4
E00090898,97.9,2.1,0,0
E00090911,99.3,0.7,0,0
E00090912,96.3,1.2,1.2,1.2
E00090913,95.6,3.1,0,1.3
E00090914,97.1,0.7,0,2.2
E00090915,96.3,3.7,0,0
E00090916,97.8,1.1,1.1,0
E00090917,95.8,1.8,0,2.4
E00091901,96.1,0,1.3,2.6
E00091902,98.6,0.7,0,0.7
E00091903,98.6,1.4,0,0
E00091904,95.9,3.6,0,0.5
E00091905,97.5,1.7,0,0.8
E00091906,100,0,0,0
E00091907,96.3,3.1,0.6,0
E00108584,98.5,0,1,0.5
E00108741,98,2,0,0
E00108742,98.9,1.1,0,0
E00152265,98.8,1.2,0,0
E00152266,99.5,0.5,0,0
E00152283,99.2,0.8,0,0
E00152284,97.5,1.9,0,0.6
E00152285,97.8,1.1,0,1.1
E00152286,100,0,0,0
E00152287,100,0,0,0
E00152288,98.6,1.4,0,0
E00152289,99.2,0,0.8,0
E00152290,99.2,0,0,0.8
E00152291,97.4,0.6,0,1.9
E00152292,100,0,0,0
E00152293,99.2,0.8,0,0
E00152294,96.9,0.6,1.3,1.3
E00152496,77.8,6.3,2.1,13.9
E00152497,86.3,4.7,1.6,7.4
E00152498,83.9,4.5,0,11.6
E00152499,92.9,1.8,0.6,4.8
E00152500,91.2,2.9,0.7,5.1
E00152502,87.8,3.5,0,8.7
E00152503,97.5,0.8,0,1.7
E00152504,86.7,2.6,1,9.7
E00152506,89.4,4.3,0.6,5.6
E00152507,83.9,5.2,0.6,10.3
E00152508,83.9,4.5,4.5,7.1
E00152569,97.2,1.4,0.7,0.7
E00152570,97.9,1.4,0,0.7
E00152571,95.3,3.9,0,0.8
E00152572,93.2,3,1.7,2.1
E00152573,97.4,1.7,0,0.9
E00152574,91.6,3.4,2.5,2.5
E00152590,98.3,1.7,0,0
E00152591,98.7,0,0,1.3
E00152592,95.8,2.8,0,1.4
E00152636,76.1,5.2,8.2,10.4
E00152637,90.4,1.8,0.9,7
E00152638,96,0.8,0,3.2
E00152639,71.9,7.6,0.5,20
E00152640,96.2,1.5,0,2.3
E00152641,93,5.4,0,1.6
E00152642,87.2,4,4,4.8
E00152643,89.4,4.2,0,6.3
E00152644,88.6,3.3,0.8,7.3
E00152645,81.4,7,5.4,6.2
E00152646,89.6,3.5,0,6.9
E00152647,90.2,3,0.8,6
E00152648,90.6,4.7,0.8,3.9
E00152649,82.6,5.5,0.9,11
E00152650,79.4,2.9,6.9,10.8
E00152651,96.4,0.7,0.7,2.2
E00152652,89.3,4.6,2.3,3.8
E00152653,83.6,5.5,4.7,6.3
E00152654,72,4.8,6.5,16.7
E00152655,87.2,4.8,0.8,7.2
E00152656,66.1,4.4,4.4,25.1
E00152657,82.8,7,3.2,7
E00152658,77.4,5.6,2.3,14.7
E00152659,75.3,2.1,2.1,20.6
E00152660,95.6,3,0,1.5
E00152661,87,2.3,0,10.7
E00152662,87.6,6.2,0,6.2
E00152663,86.6,4.6,0.5,8.2
E00152664,85.2,4.3,2.6,7.8
E00152665,93.4,2,0,4.6
E00152666,93.2,0.8,1.7,4.2
E00152667,83.8,1.4,2.1,12.7
E00152668,83.8,3.6,2.7,9.9
E00152669,93.3,0,0.8,5.9
E00152670,89.3,3.4,2.9,4.4
E00152672,92.8,2.8,0.4,4
E00152673,87.7,2.2,1.1,8.9
E00152674,76.2,4.9,2.5,16.4
E00152675,82.4,6.6,2.2,8.8
E00152676,83.1,3.8,0.8,12.3
E00152677,99,1,0,0
E00152679,96.1,1.3,0,2.6
E00152680,98.2,0.9,0,0.9
E00152681,97.4,0.9,0,1.7
E00153385,88.4,2.5,0,9.1
E00153418,98.6,1.4,0,0
E00153419,98.3,1.1,0.6,0
E00153420,100,0,0,0
E00153421,98.8,0.4,0.8,0
E00153422,99.3,0.7,0,0
E00153423,100,0,0,0
E00153424,98.2,0.9,0,0.9
E00153425,96.3,2.5,0,1.3
E00153426,100,0,0,0
E00153427,99.2,0.8,0,0
E00153428,98.4,1.6,0,0
E00153429,97.8,2.2,0,0
E00153430,100,0,0,0
E00153431,98,2,0,0
E00153432,100,0,0,0
E00153433,98.9,1.1,0,0
E00153434,100,0,0,0
E00153435,100,0,0,0
E00153436,97.1,1.8,0.6,0.6
E00153437,96.8,3.2,0,0
E00153438,100,0,0,0
E00153439,99.3,0.7,0,0
E00153441,100,0,0,0
E00153442,95.7,2.9,0,1.4
E00153443,99.3,0.7,0,0
E00153444,98.3,1.1,0,0.6
E00153445,98.6,0,0,1.4
E00153446,99,0,0.5,0.5
E00153447,99.3,0.7,0,0
E00153448,99,1,0,0
E00153449,100,0,0,0
E00153473,92.6,0.7,0.7,5.9
E00153474,91.4,2.2,1.4,5
E00153475,84.7,6.1,2.3,6.9
E00153476,88.6,4.1,0.8,6.5
E00153477,85.7,5.3,4.5,4.5
E00153478,84.4,5.5,5.5,4.7
E00153479,90.7,1.6,3.1,4.7
E00153480,97.5,0.8,0.8,0.8
E00153481,97,2.2,0,0.7
E00153483,82.9,3.3,2,11.8
E00153484,97.4,1.7,0,0.9
E00153485,93.1,2.9,1.2,2.9
E00153487,97.7,1.6,0.8,0
E00153488,94,1.3,0.7,4
E00153489,95.4,1.5,0,3.1
E00153490,91.1,1.6,0.8,6.5
E00153491,90.5,4.1,0,5.4
E00153492,83.9,2.8,4.2,9.1
E00153493,90.3,4.5,0.7,4.5
E00153494,95.2,1.4,0,3.4
E00153496,93.7,0,1.4,4.9
E00153497,96.9,0.8,0,2.4
E00153498,97.8,1.4,0,0.7
E00153499,96.9,2.4,0,0.8
E00153500,93.8,0.8,1.6,3.9
E00153501,91.2,1.5,0.5,6.8
E00153502,97,0,0,3
E00153503,94.1,0.5,1.4,4.1
E00153504,98.2,0,1.8,0
E00153506,94.5,2.4,0,3.1
E00153507,94,0.9,0,5.1
E00153508,85.3,3.9,3.1,7.8
E00153509,88,3.4,1.7,6.8
E00153510,87.7,0.7,1.4,10.1
E00153511,96,1.3,0,2.6
E00153512,91.6,2.3,1.5,4.6
E00153513,92.2,3.5,0,4.3
E00153514,91.1,1.8,3.6,3.6
E00153516,81.3,5.5,3.1,10.2
E00153517,85.4,5.3,1.8,7.6
E00153518,94.5,1.6,0.8,3.1
E00153519,82,1.5,0.8,15.8
E00153520,81.9,8,2.2,8
E00153521,96.1,1.7,1.7,0.6
E00153522,80.5,5.5,1.6,12.5
E00153523,87,5.1,2.9,5.1
E00153524,89.7,2.9,3.7,3.7
E00153525,85,1.2,2.3,11.6
E00153526,93.8,2.3,0,3.9
E00153527,76.6,7.8,3.5,12.1
E00153528,83.4,5.3,3.6,7.7
E00153529,89,2.9,1.5,6.6
E00153530,92.2,0.8,4.7,2.3
E00153531,85.3,3.3,3.3,8
E00153532,92.1,3,1.8,3
E00153533,92,6.4,0,1.6
E00153534,93.6,3.2,0.8,2.4
E00153535,91.7,2.1,1,5.2
E00153536,91.6,2.5,2.5,3.4
E00153537,87.7,3.8,0.8,7.7
E00153538,94.2,2.1,1.1,2.6
E00153539,91.6,2.1,4.2,2.1
E00153540,90.4,2.4,1.6,5.6
E00153542,96.6,0,0,3.4
E00153543,92.7,2.4,0,4.9
E00153544,85.3,3.9,2.3,8.5
E00153548,96.6,3.4,0,0
E00153549,98.7,1.3,0,0
E00153550,97,3,0,0
E00153553,100,0,0,0
E00153554,99.1,0.9,0,0
E00153556,99.2,0.8,0,0
E00153557,99.2,0.8,0,0
E00153558,99.1,0.9,0,0
E00153559,97.4,1,0,1.6
E00153560,96.6,3.4,0,0
E00153568,100,0,0,0
E00153569,97.4,0.9,0.9,0.9
E00153570,97.7,1.7,0,0.6
E00153571,96,2.4,0.8,0.8
E00153572,97.6,0.8,0,1.6
E00153573,97,3,0,0
E00153574,98.5,1.5,0,0
E00153575,97.9,0.7,0,1.4
E00153576,92.3,0.9,1.7,5.1
E00153577,98.3,0.8,0,0.8
E00153578,97.5,0.8,0,1.7
E00153579,96.9,0.8,0,2.3
E00153580,49.4,0.8,0.4,49.4
E00153581,96,3.4,0,0.6
E00153582,96.4,0.9,0,2.7
E00153583,95.9,1.6,0.8,1.6
E00153584,93.8,3.9,0,2.3
E00153585,89.9,2.5,0.8,6.7
E00153586,98.3,1.7,0,0
E00153587,95.8,2.5,0,1.7
E00153588,100,0,0,0
E00153589,97,1.5,0,1.5
E00153590,98.3,1.7,0,0
E00153610,94.7,2.3,1.5,1.5
E00153613,88.5,1.6,0.8,9
E00153614,95.9,0.8,0.8,2.5
E00153630,98.9,1.1,0,0
E00153631,96.9,1.9,0.6,0.6
E00153633,95.9,4.1,0,0
E00153637,90.8,2.5,0,6.7
E00153638,85.1,2.6,0.9,11.4
E00153639,98.4,0.8,0,0.8
E00153656,89.3,3.6,1.2,6
E00153657,91.7,2.8,0,5.5
E00153658,97.3,0.9,0.9,0.9
E00153659,95.9,1.6,0.8,1.6
E00153660,93.7,3.1,0.8,2.4
E00153661,91.5,4.2,1.4,2.8
E00153662,93.9,3.4,0,2.7
E00153663,93.3,1.7,0.8,4.2
E00153664,86.4,3.6,4.3,5.7
E00153665,89,5.5,3.9,1.6
E00153666,88.6,3.3,1.6,6.5
E00153667,88.7,3.2,2.4,5.6
E00153668,95.7,1.7,1.7,0.9
E00153669,91.7,3.3,0.8,4.1
E00153670,92.4,4.2,1.7,1.7
E00153694,98.4,0.8,0.8,0
E00153696,94.3,1.6,0.8,3.3
E00153697,97,1.5,0.7,0.7
E00153698,97.1,1.4,1.4,0
E00153699,96.9,1.9,0,1.3
E00153700,96.8,1.6,0,1.6
E00153701,92.2,4.3,0,3.5
E00153702,95.1,0,0,4.9
E00153704,97.6,1.6,0.8,0
E00153705,98.4,0,0,1.6
E00153706,92.1,3.2,3.2,1.6
E00153707,96.6,2.5,0,0.8
E00153708,97.8,2.2,0,0
E00153709,98.3,1.7,0,0
E00153710,97.4,2.6,0,0
E00153711,99,1,0,0
E00153712,96.4,1.4,0,2.2
E00153713,98.4,1.6,0,0
E00153714,100,0,0,0
E00153715,97.9,1.4,0,0.7
E00153716,99.2,0,0,0.8
E00153717,98.3,0,0.6,1.2
E00153718,98.8,1.2,0,0
E00153719,96.3,2.4,0,1.2
E00153720,95,5,0,0
E00153721,87.3,2.9,0.6,9.2
E00165838,88.5,3.4,4.6,3.4
E00165839,94,1.7,1.3,3
E00169930,88.6,4.9,0,6.5
E00169931,97.6,0,2.4,0
E00169932,94,1.7,0.9,3.4
E00169933,94.5,0.8,2.4,2.4
E00169934,93.3,3.4,3.4,0
E00169935,91.1,2.4,1.6,4.9
E00169936,88.2,7.8,0,3.9
E00169947,93.9,4.5,0,1.5
E00169948,100,0,0,0
E00169949,88.9,4.2,0.7,6.3
E00169950,93.2,3.4,2.3,1.1
E00169951,94.9,3.6,1.4,0
E00169952,92.7,5.5,1.8,0
E00169953,98,0,0,2
E00169954,93.7,2.4,1.6,2.4
E00173718,97.7,1.4,0,0.9
E00173719,95.7,1.2,0.6,2.5
E00173922,81.9,2,0,16.1
E00173923,86.3,4.6,1.5,7.6
E00173924,83.3,1.3,10,5.3
E00183331,96.4,1.8,0,1.8
E00183334,91.7,5,0,3.3
E00183335,88.7,1.5,1,8.7
E00183337,93.8,5.2,1,0
E00183349,94.3,1.7,0.6,3.4
E00183373,84.4,6.3,1.6,7.8
E00183386,96.4,0,1.8,1.8
E00183396,91.5,2.6,3,3
E00183402,93.3,3.7,2.2,0.7
E00183407,97.7,0,0,2.3
E00183419,97.5,1.2,1.2,0