geography_code,hh_tenure_5a-000,hh_tenure_5a-001,hh_tenure_5a-002,hh_tenure_5a-003
E00031549,43.1,20.9,0.7,35.3
E00031557,40.3,37.2,0,22.5
E00031558,63.5,32.5,1.6,2.4
E00031565,59.9,33.6,0.7,5.9
E00031569,54,37.9,0.8,7.3
E00031733,32.3,39.2,20,8.5
E00031734,43,42.2,3,11.9
E00031736,39.9,31.6,1.3,27.2
E00031737,51.8,39.7,0,8.5
E00031738,15.7,19,59.5,5.8
E00031739,62.8,21.9,0.7,14.6
E00031740,47.5,43.4,0,9.1
E00031741,68.6,22.9,1.9,6.7
E00031742,66.1,29.8,0,4
E00031743,54.2,28.3,2.5,15
E00031744,30.1,32,2.6,35.3
E00031745,17.1,25.2,39.8,17.9
E00031746,19.3,20,55.6,5.2
E00031747,34.1,32.5,24.6,8.7
E00031748,1.9,3.8,82.9,11.4
E00031749,59,37.4,0.7,2.9
E00031750,30.3,24.4,30.3,15.1
E00031751,19.4,16.7,54.6,9.3
E00031752,9,10.5,75.9,4.5
E00031753,53.7,34.3,3.7,8.2
E00031755,61.3,33.1,1.6,4
E00031756,15,17.3,60.2,7.5
E00031757,68.8,26.4,0.8,4
E00031758,33.8,36,20.9,9.4
E00031760,40.5,33.6,11.2,14.7
E00031761,42.9,33.3,0.8,23
E00031762,45.5,28.5,9.8,16.3
E00031763,68,28.1,1.6,2.3
E00031764,33.6,25,8.6,32.8
E00031765,30.8,39.3,8.5,21.4
E00031766,58.7,33.9,2.5,5
E00031767,64.8,33.6,0,1.6
E00031768,54.5,23.9,0.7,20.9
E00031769,59.3,36.6,0,4.1
E00031770,11,20,50.3,18.7
E00031771,6.7,9.2,72.3,11.8
E00031772,25.6,55.6,1.4,17.4
E00032176,26.3,23.3,9.8,40.6
E00032177,50.8,21.5,1.5,26.2
E00032178,16.9,23.1,36.9,23.1
E00032179,49.6,38.2,0.8,11.5
E00032180,21.5,26.2,32.6,19.8
E00032181,19.8,23,50,7.1
E00032182,31.1,51,0.5,17.5
E00032183,13,13,43.2,30.8
E00032184,35.3,24.4,19.3,21
E00032186,23.4,36.6,13.1,26.9
E00032187,28.9,42.8,1.8,26.5
E00032188,38,31.4,4.4,26.3
E00032189,59.8,29.1,2.4,8.7
E00032190,37.2,33.1,3.3,26.4
E00032191,38.9,33.3,0.7,27.1
E00032192,44.2,29.7,0.7,25.4
E00032193,68.3,23.3,1.7,6.7
E00032194,38.4,34.1,2.2,25.4
E00032195,25.5,38.2,0,36.3
E00032196,32.8,28.4,4.5,34.3
E00032206,14.3,29.1,18,38.6
E00032207,2.8,10.3,79.3,7.6
E00032208,9.7,13.8,49,27.6
E00032209,18,38.8,23.6,19.7
E00032210,8.9,11.9,70.4,8.9
E00032211,35.9,27.5,13.1,23.5
E00032221,25.6,16.7,7.7,50
E00032227,12.1,18.2,62.6,7.1
E00032228,9.9,27.6,54.6,7.9
E00032229,12.7,15.3,64.4,7.6
E00032230,19.6,23.2,52.7,4.5
E00032231,32.5,30.7,21.9,14.9
E00032232,31.1,21.8,16,31.1
E00032233,34.8,52.9,2,10.3
E00032234,40.7,32.5,3.3,23.6
E00032235,28.6,29.5,22.9,19
E00032236,20.4,32.4,31.7,15.5
E00032237,39.4,32.8,8.8,19
E00032238,35.3,33.8,15.1,15.8
E00032247,40.3,34,5.6,20.1
E00032248,43.1,27.6,23.3,6
E00032249,53.8,28,0,18.2
E00032250,59.2,32,0.8,8
E00032251,34.2,30.8,12,23.1
E00032252,47.9,39.7,1.7,10.7
E00032253,48.8,45.5,1.6,4.1
E00032254,50.5,35.9,2.9,10.7
E00032255,26.9,35.3,32.8,5
E00032256,59.9,39.4,0,0.7
E00032257,17.2,24.1,47.4,11.2
E00032258,22.6,38.7,25.8,12.9
E00032259,44.4,25.4,9.5,20.6
E00032261,21.4,21.4,42,15.3
E00032262,51.7,41.5,0,6.8
E00032263,34.3,40.6,0,25.2
E00032264,54.8,27.4,17.7,0
E00032265,45.3,41.4,0.8,12.5
E00032266,47.4,50,0.5,2.1
E00032267,10.7,15.3,65.6,8.4
E00032268,53.3,35.6,6.7,4.4
E00032269,59.5,33.6,0,6.9
E00032270,43.1,45.5,0.8,10.6
E00032271,28.9,53.7,5,12.4
E00032272,45.5,32.8,10.4,11.2
E00032275,73,20.5,0,6.6
E00032276,31,37.4,15.8,15.8
E00032277,39.8,35.2,7.8,17.2
E00032284,54,41.3,0,4.8
E00032410,41.8,41.8,1.6,14.8
E00032411,55.8,40.3,0,3.9
E00032412,47.3,40.9,3.6,8.2
E00032413,38.6,55,0.5,5.8
E00032414,13.8,18.8,30.4,37
E00032415,44.4,46.8,1.6,7.1
E00032416,57.6,38.1,0.8,3.4
E00032417,56.4,35.5,0.9,7.3
E00032418,50.6,39.6,0,9.8
E00032419,37.3,50,0,12.7
E00032420,52.1,38.3,1.1,8.5
E00032421,42.1,45,1.4,11.4
E00032422,54.3,37.7,0,8
E00032423,62.6,36.6,0,0.8
E00032424,47.1,45.7,0.7,6.4
E00032439,34.3,42.5,9.7,13.4
E00032440,27.6,25.7,5.9,40.8
E00032441,47.3,43.4,2.3,7
E00032442,22.9,38.9,25,13.2
E00032443,60.9,32.3,1.2,5.6
E00032444,43.1,52,0.8,4.1
E00032446,46.2,46.9,0,6.9
E00032447,67.2,26.7,0,6
E00032448,40.3,41.8,6,11.9
E00032449,52.9,43.7,1.7,1.7
E00032450,51.4,45,0.9,2.7
E00032451,52,47.2,0,0.8
E00032452,52,36,0.7,11.3
E00032453,59,33.3,0,7.7
E00032454,58.6,36.9,0.9,3.6
E00032455,63.3,32.8,0,3.9
E00032456,41.3,53.1,0,5.6
E00032457,47.9,38.7,8.5,4.9
E00032458,62.9,32.6,1.5,3
E00032459,44.7,40.8,4.9,9.7
E00032460,56.5,37.7,0,5.8
E00032461,22.5,36.9,30.5,10.2
E00032462,54.5,39.3,0,6.3
E00032463,59.5,31.9,0.9,7.8
E00032464,10.7,13.1,63.1,13.1
E00032465,20.4,33.8,7.6,38.2
E00032466,14.9,44.3,30.3,10.4
E00032467,18.5,18.5,51.7,11.3
E00032468,11.3,13.5,64.7,10.5
E00032469,24.1,23.3,43.6,9
E00032470,24.6,11.5,45.9,18
E00032471,18.3,16.5,52.2,13
E00032472,37.9,30.7,2.9,28.6
E00032473,10.1,19.4,48.2,22.3
E00032474,35.9,26.8,19,18.3
E00032475,3.1,2.1,79.4,15.5
E00032476,20.3,45.6,19.6,14.6
E00032477,16.1,22.6,40.3,21
E00032478,16.1,35.2,38.7,10.1
E00032479,28.2,27.4,25,19.4
E00032480,57.7,31.7,2.1,8.5
E00032481,14.5,26.7,48.9,9.9
E00032482,13.8,30.3,33,22.9
E00032483,24.4,34.4,32.1,9.2
E00032484,62.2,28.3,1.6,7.9
E00032485,28.1,25.2,25.9,20.9
E00032486,55.6,35.7,0.8,7.9
E00032487,60,28.8,0,11.2
E00032488,65.1,22.9,1.8,10.1
E00032489,43.1,48,0,8.9
E00032490,39.8,53.1,0,7.1
E00032491,68,25.6,0,6.4
E00032492,56.6,29.2,0.9,13.2
E00032493,51.3,46,0,2.7
E00032494,40.9,48.2,0.9,10
E00032495,55.4,36.4,0.8,7.4
E00032496,74.8,23.7,0,1.4
E00032497,48.9,45.3,1.4,4.3
E00032498,55.5,21,10.1,13.4
E00034486,57.5,34.9,0,7.5
E00034487,68,27.2,2.4,2.4
E00034488,60,35,0,5
E00034489,57.9,33.1,4.1,5
E00034490,43.2,22.9,21.2,12.7
E00034491,68.1,31,0.9,0
E00034492,53.8,39.3,1.7,5.1
E00034493,40.3,30.6,21.6,7.5
E00034494,20.7,20.7,49.6,9.1
E00034495,49.6,34.6,6.3,9.4
E00034496,71,23.9,0.7,4.3
E00034497,70.1,25.6,0,4.3
E00034498,36.4,31,16.3,16.3
E00034499,67.6,25.2,0.7,6.5
E00034500,29,32.1,29,9.9
E00034501,62.9,35.3,0.9,0.9
E00034502,69.4,27.4,0.8,2.4
E00034503,51.9,35.6,4.4,8.1
E00034504,57.9,36.8,0.9,4.4
E00034505,35.7,28.7,25.6,10.1
E00034506,66.4,27.7,1.7,4.2
E00034507,61.9,36.4,0,1.7
E00034508,47.8,45.2,6.1,0.9
E00034509,57.5,39.2,0.8,2.5
E00034510,51.2,31.5,1.2,16
E00034511,49.1,31.5,1.9,17.6
E00034512,26.8,20.3,48,4.9
E00034513,18.2,22,53.8,6.1
E00034514,52.7,35.9,1.5,9.9
E00034515,44.3,31.1,4.1,20.5
E00034516,51.3,40.3,1.7,6.7
E00034517,59.2,36,0.8,4
E00034518,71.8,26,1.5,0.8
E00034519,51.3,37,0.8,10.9
E00034520,41.8,44.5,0.7,13
E00034521,56.3,38.3,1.6,3.9
E00034522,52.7,35.7,1.8,9.8
E00034523,43.7,35.7,2.4,18.3
E00034524,53.8,40.3,0.8,5
E00034525,60,32.7,0.9,6.4
E00034526,28.9,25.9,34.8,10.4
E00034527,26.1,25,32.6,16.3
E00034528,66.1,27.6,0.8,5.5
E00034529,65.2,26.1,4.3,4.3
E00034530,24.6,30.6,16.4,28.4
E00034531,62.7,34.1,0.8,2.4
E00034532,28.3,24.1,29,18.6
E00034533,60.2,37.2,0,2.7
E00034534,70.1,29.1,0.8,0
E00034535,28.5,27,24.1,20.4
E00034536,59.2,40.8,0,0
E00034537,62.2,29.9,2.4,5.5
E00034538,40,24.2,1.7,34.2
E00034539,66.7,24.8,1,7.6
E00034540,22.3,11.6,48.2,17.9
E00034541,53.6,36,3.2,7.2
E00034542,41,32.5,2.6,23.9
E00034543,18,26.6,41.4,14.1
E00034544,22.8,33.7,34.7,8.9
E00034545,32.8,28.7,23,15.6
E00034546,59.1,39.4,0.7,0.7
E00034547,20.4,16.7,52.8,10.2
E00034548,45.9,42.2,2.8,9.2
E00034549,10.5,18.5,62.1,8.9
E00034550,49.1,32.8,8.6,9.5
E00034551,21.7,20.8,49.2,8.3
E00034552,33.3,54.5,2.4,9.8
E00034553,12.1,18.2,57.6,12.1
E00034554,46.4,25.5,8.2,20
E00034555,17.9,20.7,26.1,35.3
E00034556,41.3,43.5,0.7,14.5
E00034557,48.8,35.5,9.1,6.6
E00034558,16.1,43.5,28.6,11.8
E00034559,26.2,40.3,4.9,28.6
E00034560,24.4,14.2,22.8,38.6
E00034561,26.5,10.3,17.1,46.2
E00034562,14.7,20.6,52.9,11.8
E00034563,42.6,22.1,3.3,32
E00034564,13.7,18.5,47.6,20.2
E00034565,19.5,16.8,39.8,23.9
E00034566,24.8,18.6,25.7,31
E00034567,18.6,22.1,58.4,0.9
E00034568,15,13.2,50.3,21.6
E00034569,15.3,17.3,50,17.3
E00034570,17,7.5,55.7,19.8
E00034571,13.2,22.2,33.5,31.1
E00034572,17.4,14.7,60.6,7.3
E00034573,20.4,13.9,59.3,6.5
E00034574,20.3,12.7,58.5,8.5
E00034575,15.9,13.3,61.9,8.8
E00034576,18.6,16.3,57.4,7.8
E00034577,7.8,17.2,70.3,4.7
E00034578,21.9,12.3,55.3,10.5
E00034579,16.2,14.1,59.2,10.6
E00034580,5.6,4.8,83.1,6.5
E00034581,61.9,28.8,0.8,8.5
E00034582,60.6,33.9,2.4,3.1
E00034583,53.1,39.5,1.4,6.1
E00034584,40.5,31.3,19.1,9.2
E00034585,73.2,26,0.8,0
E00034591,59.7,29.9,0,10.4
E00034592,59.5,35.3,0.9,4.3
E00034593,56.7,35.1,1.5,6.7
E00034594,46.9,25,1.6,26.6
E00034595,61,35.6,0,3.4
E00034596,58.8,35.3,0.8,5
E00034597,62.4,34.9,0.9,1.8
E00034598,56,39,1,4
E00034599,54.7,36.8,2.6,6
E00034600,48.1,40.4,0.5,10.9
E00034601,62.7,32.7,1.8,2.7
E00034602,67.4,22.7,2.3,7.6
E00034603,17.3,6.7,62.7,13.3
E00034604,18.3,26.7,43.3,11.7
E00034605,33.3,35.9,21,9.7
E00034606,47.4,15.5,29.3,7.8
E00034607,17,21.6,53.6,7.8
E00034615,60.6,32.1,1.8,5.5
E00034616,64.8,29.5,1.6,4.1
E00034617,61.9,30.1,2.7,5.3
E00034618,55.5,38.7,0,5.9
E00034619,51.6,38.5,1.6,8.2
E00034620,55.1,38.1,1.4,5.4
E00034621,24.7,28,12.1,35.2
E00034622,10.2,14.2,46,29.5
E00034623,20.3,64.3,1.4,14
E00034626,18.6,48.9,6.5,26
E00034627,14.7,5.1,55.1,25
E00034628,24.2,17.4,12.1,46.2
E00034630,18.3,22.5,15.8,43.3
E00034631,44.4,49.5,0,6.1
E00034632,9.3,6,54.3,30.5
E00034633,31,31,4.4,33.6
E00034634,30.8,30.8,4.6,33.8
E00034635,28.8,43.9,8.6,18.7
E00034636,25.5,32.6,6.4,35.5
E00034637,54.4,24.6,3.5,17.5
E00034638,23.4,43.9,2.8,29.9
E00034639,37.4,26.8,11.4,24.4
E00034640,31.7,28.5,26,13.8
E00034641,50,32.3,4,13.7
E00034642,44.5,32.1,2.9,20.4
E00034643,5,19.8,47.5,27.7
E00034644,37.5,29.4,16.2,16.9
E00034645,25.8,30.5,3.1,40.6
E00034646,16.4,25.7,6.6,51.3
E00034647,27.9,22.1,30.9,19.1
E00034648,10.3,9.8,35.8,44.1
E00034649,35.9,29.8,0,34.4
E00034650,73.9,22.6,0,3.5
E00034651,57.1,36.1,0,6.7
E00034652,7.7,23.7,42.9,25.6
E00034653,6.8,11.6,72.1,9.5
E00034655,49.6,45.3,0.7,4.3
E00034656,72.9,18.6,2.5,5.9
E00034657,62.3,31.1,1.6,4.9
E00034658,74.4,16.5,1.5,7.5
E00034659,13,30.6,28,28.5
E00034660,47.9,25.4,23.1,3.6
E00034661,37.8,51.9,1.5,8.9
E00034662,65.8,17.4,8.7,8.1
E00034663,55.2,36.8,0,8
E00034664,32,28.2,30.1,9.7
E00034665,32.2,33.9,7.6,26.3
E00034666,29.3,21.6,40.5,8.6
E00034667,24.8,24.8,28.4,22
E00034668,42.7,37.4,0,19.8
E00034669,46.4,20,26.4,7.2
E00034670,43.9,35.8,2,18.2
E00034671,32,28,32,8
E00034672,18.3,16.5,38.3,27
E00034673,48.3,43.3,0,8.3
E00034674,34,28,27,11
E00034675,57,34.1,0.7,8.1
E00034676,9.3,12.4,67,11.3
E00034677,16.9,18.9,19.6,44.6
E00034678,27,35.1,15.3,22.5
E00034679,41.5,49.2,0.8,8.5
E00034680,51,29.9,10.2,8.8
E00034681,37.1,37.9,9.8,15.2
E00034682,46.9,41.7,5.2,6.3
E00034683,29.8,29.1,19.1,22
E00034684,23,21.3,41,14.8
E00034685,18.9,22.1,46.7,12.3
E00034686,20.2,25.4,45.6,8.8
E00034687,18.8,33.6,41.4,6.3
E00034688,36.9,32,3.3,27.9
E00034689,11.5,20.4,61.1,7.1
E00034690,31.2,25.6,30.4,12.8
E00034691,51.1,34.8,0.7,13.3
E00034692,23.1,24.8,27.3,24.8
E00034693,30.3,32,27.9,9.8
E00034694,17.3,16.5,23.7,42.4
E00034698,22.3,41.9,11.2,24.6
E00034699,23.9,14.2,8.2,53.7
E00034700,30.2,33.3,20.6,15.9
E00034701,38.1,32.7,10.6,18.6
E00034702,12.4,18.2,57,12.4
E00034703,42.6,35.2,11.5,10.7
E00034704,23.6,47.2,6.2,23
E00034707,16.8,15.3,50.4,17.6
E00034708,24.7,21.1,7.8,46.4
E00034721,32,22.1,39.3,6.6
E00034722,23.8,35.4,25.4,15.4
E00034723,13.9,16,56.9,13.2
E00034724,45.1,48.4,0.8,5.7
E00034725,27.2,22.8,36.8,13.2
E00034726,51.8,36,0.9,11.4
E00034727,65.4,27.9,0.7,5.9
E00034728,44.3,35.8,11.3,8.5
E00034729,3.4,11.7,80,4.8
E00034731,62.3,28.1,1.8,7.9
E00034732,13.9,10.7,68,7.4
E00034733,45.9,18.9,27.9,7.4
E00034734,52.2,39.1,1.4,7.2
E00034735,59.7,31.8,0.8,7.8
E00034736,59.8,32.8,0.8,6.6
E00034737,40.7,19.4,26.9,13
E00034738,41.6,40.1,0,18.2
E00034739,27.9,43.5,2.7,25.9
E00034740,27.6,29.9,33.9,8.7
E00034741,54.8,40.9,0.9,3.5
E00034742,27.5,28.3,35.8,8.3
E00034743,70.2,25.8,0,4
E00034744,20.6,21.4,44.3,13.7
E00034745,8.7,18.9,59.8,12.6
E00034746,54.3,34.6,1.6,9.4
E00034747,51.5,42.3,1.5,4.6
E00034748,38.5,16.2,35.8,9.5
E00034749,49.2,39.1,2.3,9.4
E00034750,35.2,27.9,27.9,9
E00034751,31.9,35.4,22.1,10.6
E00034752,21.4,33.3,31,14.3
E00034753,17.6,17.6,55.5,9.2
E00034754,14.2,19.9,55.3,10.6
E00034755,17.6,14.4,56,12
E00034793,23.7,16.1,39.8,20.3
E00034794,7.3,7.3,72.3,13.1
E00034796,25.6,64.3,0,10.1
E00034797,23.8,60.5,0.5,15.2
E00034800,45.9,24.6,23.8,5.7
E00034801,39.1,41,1.9,17.9
E00034802,34.8,34.8,17,13.5
E00034803,34,28.9,19.5,17.6
E00034804,26.3,56.2,1.5,16
E00034805,25.7,32.6,24,17.7
E00034807,23.4,24.2,21.8,30.6
E00034808,15.5,20.4,53.5,10.6
E00034810,38.9,37.7,7.4,16
E00034811,16.2,21.3,53.7,8.8
E00034812,21.5,50.2,20,8.3
E00034814,19.6,14,20.1,46.4
E00034816,20.6,19.1,52.7,7.6
E00034817,16.7,16.7,24.1,42.6
E00034818,13.8,16.1,58.6,11.5
E00034819,11.3,34.8,43.5,10.4
E00034821,18.4,22.8,53.7,5.1
E00034829,7.1,11,74,7.9
E00034830,17,0.9,57.5,24.5
E00034832,11.4,12.9,60.6,15.2
E00034833,23.3,8.6,41.4,26.7
E00034834,15,11,60.6,13.4
E00034835,17.4,11.1,7.6,63.9
E00034836,13.2,9.4,43.4,34
E00034837,18,18,33.6,30.3
E00034838,7.8,28.1,52.1,12
E00034839,27.9,26.2,17.2,28.7
E00034840,31.7,22.5,21.7,24.2
E00034841,30.4,24.4,14.8,30.4
E00034842,8.7,9.7,57.4,24.1
E00034844,25,16.7,2.1,56.3
E00034845,32.1,26.1,1.5,40.3
E00034846,18.6,14.7,58.1,8.5
E00034847,14.9,19,54.5,11.6
E00034848,23.2,15.2,25.6,36
E00034849,34.9,18.3,6.3,40.5
E00034850,11.4,12.7,66.3,9.6
E00034851,11.3,9.2,19.5,60
E00034852,15,8.4,68.9,7.8
E00034853,30.5,22.2,4.2,43.1
E00034854,10.8,11.8,70.6,6.9
E00034855,15.5,12.9,33.6,37.9
E00034856,17.5,15.1,52.4,15.1
E00034857,5,7.2,70.5,17.3
E00034858,63.3,16.7,5,15
E00034859,7.3,8.2,74.5,10
E00034860,19.3,35.1,18.1,27.5
E00034861,36.8,28.6,2.3,32.3
E00034862,6.6,5.4,63.1,24.9
E00034863,44.1,30.9,5.1,19.9
E00034864,10.2,7.8,64.1,18
E00034865,23.2,28.8,36.8,11.2
E00034866,39.7,15.7,19,25.6
E00034867,13,33.6,43.5,9.9
E00034868,36.3,25.8,4.8,33.1
E00034869,33.9,22.3,5,38.8
E00034870,28.6,24.1,29.3,18
E00034871,41.8,34.5,14.5,9.1
E00034872,23.2,19.4,8.4,49
E00034873,22.6,25.5,10.9,40.9
E00034874,50.8,36.7,4.7,7.8
E00034875,19.8,11.5,19.1,49.6
E00034876,29.3,25.9,32.8,12.1
E00034877,25.6,29.5,3.9,41.1
E00034878,22.3,20.1,23,34.5
E00034879,14.5,8.9,50,26.6
E00034880,3.8,8.6,76.2,11.4
E00034881,21.1,30.3,18.3,30.3
E00034882,8.4,8.4,67.2,16
E00034883,41.7,30.7,18.9,8.7
E00034884,31.4,12.4,4.1,52.1
E00034885,20.2,32.5,8.6,38.7
E00034886,24.8,35.4,20.4,19.5
E00034887,9.6,10.6,68.1,11.7
E00034888,31.5,31.5,2.7,34.2
E00034889,6.8,10.8,56.1,26.4
E00034890,50,35,0,15
E00034891,52.1,29.8,9.9,8.3
E00034892,70.2,22.9,0,6.9
E00034893,46.5,24.6,13.2,15.8
E00034894,59.3,25.4,2.5,12.7
E00034895,54,35,4.4,6.6
E00034896,50.3,32.3,4.5,12.9
E00034897,57.5,38.6,3.1,0.8
E00034898,69.7,24.6,0,5.7
E00034899,55.5,28.9,10.9,4.7
E00034900,30.2,34.9,28.7,6.2
E00034901,48.7,30.1,3.5,17.7
E00034902,55,30,5,10
E00034903,52.4,31.9,6,9.6
E00034904,58.3,35.4,0,6.3
E00034905,60.5,25.2,3.4,10.9
E00034906,40.1,31.4,9.5,19
E00034907,52.7,36.6,0,10.8
E00034908,55.7,32.1,2.8,9.4
E00034909,27.2,28.1,34.2,10.5
E00034910,47.3,33.3,10.1,9.3
E00034911,39,29.7,11.9,19.5
E00034912,59.2,32.8,2.4,5.6
E00034913,68.5,25.2,1.6,4.7
E00034914,63.8,31.5,3.1,1.6
E00034915,63.8,26.8,3.1,6.3
E00034916,37.4,33.3,8.9,20.3
E00034917,58.4,31.2,4,6.4
E00034918,65.9,28.5,1.6,4.1
E00034959,26.4,34,20.8,18.9
E00034966,31.1,28.1,11.1,29.6
E00034967,37.5,22.5,9.2,30.8
E00034969,33.3,29.8,6.1,30.7
E00034986,42.3,32.1,21.9,3.6
E00034987,61.5,24.6,8.2,5.7
E00035004,52.7,39.5,2.3,5.4
E00035005,44,27,2.8,26.2
E00035006,21.1,18,54.1,6.8
E00035007,9.2,9.2,81.7,0
E00035008,27.5,25.2,38.2,9.2
E00035009,18.6,22.5,26.4,32.6
E00035010,14.6,9.8,64.6,11
E00035011,69.2,23.1,0,7.7
E00035012,11.6,9.9,69.4,9.1
E00035013,27.3,21.1,29.7,21.9
E00035014,5.6,4.9,85.4,4.2
E00035015,19.5,21.5,41.6,17.4
E00035033,5.6,4,63.2,27.2
E00035034,41.1,42.6,2.1,14.2
E00035035,14.6,34.1,27.6,23.6
E00035045,23.6,25.7,37.1,13.6
E00035046,24,23.2,48,4.8
E00035047,46.5,34,4.2,15.3
E00035048,24.2,20,45.8,10
E00035049,33.3,41.8,9.2,15.6
E00035050,51.1,37.4,4.6,6.9
E00035051,36.1,37,1.7,25.2
E00035052,39.9,35.7,2.8,21.7
E00035053,51,30.8,3.5,14.7
E00035054,27.5,34.5,4.2,33.8
E00035055,54.5,40.5,1.7,3.3
E00035056,32.8,56.3,0,10.9
E00035057,40.9,34.6,11.8,12.6
E00035058,13,51.9,10.6,24.5
E00035059,17.6,12.2,57.3,13
E00035060,27,17.5,38.9,16.7
E00035061,12.1,27.1,41.4,19.3
E00035062,13.6,17.1,56.4,12.9
E00035063,38.8,26.9,14.9,19.4
E00035064,25.4,26.2,42.1,6.3
E00035065,53.9,43,0,3.1
E00035066,43.6,45.9,2.3,8.3
E00035067,45.7,47.1,0.7,6.5
E00035068,56.5,37.4,0,6.1
E00035069,56.9,36.2,0.8,6.2
E00035070,53.5,39.5,3.1,3.9
E00035071,63.1,36.9,0,0
E00035072,46.5,41.9,5.4,6.2
E00062877,46.6,43.1,0,10.3
E00062889,50,31.7,0,18.3
E00129369,20.1,21.8,32.4,25.7
E00129374,4,9.6,66.4,20
E00129375,10.1,13,46.4,30.4
E00129376,15.8,16.5,41,26.6
E00129377,15,13.5,50.4,21.1
E00129378,19.9,19.9,37.7,22.5
E00129379,6.4,11.4,60,22.1
E00129420,28.7,35.7,18.6,17.1
E00129424,9.5,9.5,71.4,9.5
E00129425,53.7,31.4,5,9.9
E00129426,26,27.6,22,24.4
E00129427,18.7,20.7,39.3,21.3
E00129428,18.5,25.2,29.6,26.7
E00129429,20.6,17.6,21.4,40.5
E00129430,11.7,18.3,52.5,17.5
E00129431,19,23.3,26.7,31
E00129432,17.4,25.8,23.5,33.3
E00129568,34,51.5,7,7.5
E00129574,49.6,36.7,5,8.6
E00129575,53.7,36.9,0.7,8.7
E00129576,34.6,49.6,6,9.8
E00129582,44.1,36.6,11,8.3
E00129583,33.6,19,31,16.4
E00129584,30.5,37.6,17,14.9
E00129586,34.9,54.4,0,10.7
E00129587,56.4,26.7,4.2,12.7
E00168427,24.8,13.4,33.6,28.2
E00168428,8.1,5.9,7.6,78.4
E00168429,14.1,28.9,5.2,51.9
E00168437,31.5,57.4,2.8,8.3
E00168438,18.7,34.7,32,14.7
E00168439,15.7,54.1,18.2,11.9
E00168447,8.8,21.6,59.8,9.8
E00168454,26.4,70.4,0,3.2
E00168471,20.5,21.3,4.1,54.1
E00168486,22,70.3,1.1,6.6
E00168491,25.2,68.9,0,5.9
E00168493,41.9,49.5,0,8.6
E00168494,27.6,70.7,0.9,0.9
E00176988,13,81.3,1,4.7
E00176990,53.6,29.9,12.4,4.1
E00176997,26.8,51.4,2.2,19.6
E00176998,29.9,22.4,11.9,35.8
E00176999,19.2,66.7,9.1,5.1
E00177006,24.3,63.9,0.6,11.2
E00177014,8.9,75.6,6.7,8.9
E00177020,3.6,4.8,9.6,81.9
E00177024,38.5,36.7,10.1,14.8
E00177028,8.4,82.4,6.7,2.5
E00177029,21.6,37.9,4.3,36.2
E00181414,22,62.7,0.8,14.4
E00181415,34.4,63.9,0,1.6
E00181419,32.6,61.1,0,6.3
E00181432,76,13.5,1.9,8.7
E00181434,5.8,86.2,0.5,7.4
E00181436,17.1,70.9,1.9,10.1
E00181445,13.1,82.4,0,4.6
E00181472,37.1,53.9,2.2,6.7
E00181490,24.6,71.9,1.8,1.8