areacd,hh_family_composition_4a-001,hh_family_composition_4a-002,hh_family_composition_4a-003
W00000800,5.4,19.8,74.8
W00000801,0.8,26.9,72.3
W00000803,7,24.2,68.8
W00000804,8.8,19.7,71.4
W00000805,4.9,27.9,67.2
W00000807,4.1,38.8,57
W00000810,5.1,35.6,59.3
W00000862,6.5,27.1,66.4
W00000865,5.2,20.1,74.6
W00001017,3,34.3,62.6
W00001018,2.7,18.2,79.1
W00001019,4.7,31.4,64
W00001020,6.9,22.8,70.3
W00001021,6.6,27.4,66
W00001022,9.1,40.4,50.5
W00001024,6,26.5,67.5
W00001025,5.2,18.8,76
W00001034,5.3,42.5,52.2
W00001035,3.2,41.3,55.6
W00001036,3.3,34.7,62
W00001037,1.6,50,48.4
W00001038,3,34.6,62.4
W00001039,5.6,41.5,52.8
W00001040,4,63.3,32.7
W00001041,3.8,26.5,69.7
W00001042,6,31.1,62.9
W00001043,4.4,31.9,63.7
W00001044,3,15.6,81.5
W00001045,0,26.4,73.6
W00001046,6.3,22.6,71.1
W00001047,3.4,33.1,63.5
W00001048,3.3,29.3,67.3
W00001049,1.5,51.1,47.4
W00001050,3.7,31.7,64.6
W00001051,1.5,21.9,76.6
W00001052,5.4,33.8,60.8
W00001053,0.8,27.7,71.4
W00001054,0,38.5,61.5
W00001055,2.4,27.6,70.1
W00001056,3.8,49.1,47.2
W00001057,5.9,22.2,71.9
W00001058,6.9,20.6,72.5
W00001059,7,40.3,52.7
W00001060,8.2,22.4,69.4
W00001061,5.5,28.9,65.6
W00001062,4.1,42.3,53.7
W00001063,0.9,30.6,68.5
W00001064,5.5,37.2,57.2
W00001065,5,26.7,68.3
W00001066,1.5,44.5,54
W00001067,2.2,31.4,66.4
W00001068,6.9,26.4,66.7
W00001069,1.7,39.2,59.2
W00001070,1.6,29.6,68.8
W00001071,5.4,16.9,77.7
W00001072,3.6,25.4,71
W00001085,6.9,27.7,65.4
W00001086,3.1,20.2,76.7
W00001087,4.8,20.7,74.5
W00001089,0.8,34.4,64.9
W00001090,0.8,26.4,72.8
W00001091,7.7,26.9,65.4
W00001096,7.9,33.1,59
W00001097,6.9,16,77.1
W00001098,2.7,28.2,69.1
W00001099,3.6,26.6,69.8
W00001100,3,23.1,74
W00001101,3,28,69
W00001124,3.4,22.9,73.7
W00001125,3.2,37.6,59.1
W00001126,1.8,25.5,72.7
W00001127,5.6,35.2,59.3
W00001128,4.5,23.3,72.2
W00001129,3.4,34.2,62.3
W00001130,6.7,21.7,71.7
W00001131,0.7,25.4,73.9
W00001132,3.1,31.3,65.6
W00001133,3.8,28.1,68.1
W00001137,3.5,33.9,62.6
W00001139,3.9,25.6,70.5
W00001140,2.4,41.1,56.5
W00001144,6.5,18.7,74.8
W00001155,3.1,31.3,65.6
W00001156,6.8,23.1,70.1
W00001157,4.1,24.6,71.3
W00001158,3.9,35.4,60.6
W00001159,5,26.7,68.3
W00001160,3.8,29,67.2
W00001161,4.3,35.5,60.1
W00001163,0.8,44.7,54.5
W00001168,5.8,39.7,54.5
W00001172,2.2,44.8,53
W00001182,3.4,34.5,62.2
W00001183,4,42.7,53.2
W00001184,4.4,48.2,47.4
W00001185,0,33.1,66.9
W00001186,0.8,51.6,47.5
W00001187,3.6,30.6,65.8
W00001188,0,37.5,62.5
W00001189,0,51.4,48.6
W00001190,3.3,39.3,57.4
W00001191,4,28.8,67.2
W00001192,1.7,38.8,59.5
W00001193,0,39.7,60.3
W00001194,5.2,19,75.9
W00001195,2.9,26.4,70.7
W00001196,7,33.6,59.4
W00001197,4.4,41.6,54
W00001198,3.9,28.3,67.8
W00001199,2.2,53.2,44.6
W00001200,2.9,49,48
W00001201,3.8,30.5,65.7
W00001202,5,32.5,62.5
W00001203,4.1,19.9,76
W00001204,4.7,29.5,65.8
W00001205,8.2,31.8,60
W00001206,2.6,34.2,63.2
W00001207,3.4,30.8,65.8
W00001208,5.3,42.5,52.2
W00001209,1.8,35.1,63.2
W00001210,2.5,42.9,54.6
W00001211,0,66.7,33.3
W00001212,7.5,40.8,51.7
W00001213,6.6,31.4,62
W00001214,7.9,21.4,70.6
W00001215,5,54.2,40.8
W00001216,6.7,26.7,66.7
W00001217,7,43.4,49.6
W00001218,6.3,40.5,53.2
W00001219,1.7,52.9,45.4
W00001220,5.3,47,47.7
W00001221,4.9,48.8,46.3
W00001222,5.1,32.2,62.7
W00001223,4.7,32,63.3
W00001224,5.3,28.9,65.8
W00001225,6,42.7,51.3
W00001226,4,36.5,59.5
W00001227,1.5,40.2,58.3
W00001228,3,39.1,57.9
W00001229,3,37.3,59.7
W00001230,5.7,40.7,53.7
W00001231,3.1,24.2,72.7
W00001232,4.6,33.8,61.5
W00001233,3.4,44.1,52.5
W00001234,5.7,41.8,52.5
W00001235,6.3,30.7,63
W00001236,3.2,35.9,60.9
W00001237,7.6,41.2,51.1
W00001238,5.2,21.3,73.5
W00001239,3.9,32,64.1
W00001240,7.3,18.7,74
W00001241,0.9,39.4,59.6
W00001242,3.2,26.2,70.6
W00001243,4.4,24.8,70.8
W00001244,3.8,32.6,63.6
W00001245,0.8,42.4,56.8
W00001246,4.7,22.5,72.9
W00001247,0.8,47.5,51.7
W00001248,1.8,43,55.3
W00001249,4.7,27.7,67.6
W00001250,5,25.2,69.8
W00001251,3.7,43,53.3
W00001252,5.2,27.6,67.2
W00001253,5.2,23.2,71.6
W00001255,3.1,27.9,69
W00001256,3.7,40,56.3
W00001257,7.3,30.6,62.1
W00001258,3.1,33.1,63.8
W00001259,4.8,26.7,68.6
W00001260,3.9,24.2,71.9
W00001261,6.6,36.8,56.6
W00001262,4.3,34.3,61.4
W00001263,7.4,35.5,57
W00001264,4.2,42.3,53.5
W00001265,8,23.4,68.6
W00001266,4,27.2,68.9
W00001267,5.3,25.2,69.5
W00001268,5.7,22.1,72.1
W00001269,4.6,21.9,73.5
W00001270,4.7,46.9,48.4
W00001271,6.5,23,70.5
W00001272,5.7,35.8,58.5
W00001273,11.8,32.3,55.9
W00001274,13.1,21.9,65
W00001275,2.8,38.2,59
W00001276,8.1,25.8,66.1
W00001277,8.9,18.5,72.6
W00001278,4.5,57.6,37.9
W00001279,4.8,46.6,48.6
W00001280,5.6,58.4,36
W00001281,3.4,57.1,39.5
W00001282,3.4,66.4,30.2
W00001283,6.5,60.3,33.2
W00001284,9.1,55.4,35.4
W00001285,3,53.3,43.7
W00001286,13.8,28.5,57.7
W00001287,13.9,21.5,64.6
W00001288,7.1,22.1,70.7
W00001289,8.5,33.8,57.7
W00001290,5.2,47.4,47.4
W00001291,7,60.8,32.2
W00001292,1,78,21
W00001293,5.3,38.2,56.6
W00001313,7.1,46.9,46
W00001314,4.8,27.1,68.1
W00001315,0.7,28.4,70.9
W00001316,2.4,41.6,56
W00001317,6.8,23.3,69.9
W00001318,4.5,35.1,60.4
W00001319,3.4,39.7,56.8
W00001320,0,36.4,63.6
W00001321,2.9,39.8,57.3
W00001322,8.2,38.5,53.3
W00001323,9.2,27.5,63.3
W00001324,9.8,22.6,67.7
W00001325,5.3,31.8,62.9
W00001326,2.5,28,69.5
W00001327,1.7,23.7,74.6
W00001328,5.8,22.5,71.7
W00001329,2.9,24.1,73
W00001330,1.6,45.7,52.8
W00001331,2.9,26.5,70.6
W00001332,4,32.9,63.1
W00001333,6.1,25.9,68
W00001334,6.9,22.9,70.1
W00001335,6.9,21.8,71.3
W00001356,5,23.9,71.1
W00001357,9.7,25,65.3
W00001358,0,22.2,77.8
W00001360,7.3,33.5,59.1
W00001362,9.8,29.3,60.9
W00001363,6.5,23.6,69.9
W00001364,2.5,39.3,58.2
W00001365,1.8,30.6,67.6
W00001366,2.3,37.1,60.6
W00001367,6.7,37.8,55.6
W00001368,0.8,30,69.2
W00001388,3.9,29.9,66.2
W00001389,5,20.6,74.5
W00001390,4.9,27,68
W00001391,3.6,23.1,73.3
W00001392,4,29.8,66.1
W00001393,1.3,41.3,57.3
W00001394,0.9,36.8,62.3
W00001451,2.7,29.3,68
W00001452,3.4,35.3,61.2
W00001453,3.4,31.1,65.5
W00001454,0,30.9,69.1
W00001455,4.4,40.7,54.9
W00001456,4.6,37.7,57.7
W00001457,13.7,22.9,63.4
W00001458,4,22.2,73.8
W00001459,2,20.9,77
W00001460,4.2,19.5,76.3
W00001461,4.1,25.2,70.7
W00001462,5.6,19.8,74.6
W00001463,4.1,19.8,76.2
W00001464,6.7,31.4,61.9
W00001465,4,20.2,75.8
W00001466,5.1,26.3,68.7
W00001535,5.2,25.7,69.1
W00001538,1.3,45.7,53
W00001539,3.6,47.3,49.1
W00001540,1.4,29.3,69.4
W00001583,6.2,31.5,62.3
W00001584,2.6,28.4,69
W00001585,3.6,52.7,43.8
W00001586,6.5,20.4,73.1
W00001587,3.7,32.6,63.7
W00001588,5.6,22.4,72
W00001589,1.4,34,64.6
W00001590,7.5,18.9,73.6
W00001591,2.5,30.3,67.2
W00001598,8.1,17.7,74.2
W00001599,5.6,17.6,76.9
W00001600,2.8,29,68.2
W00001601,4,25.5,70.5
W00001602,0.8,34.7,64.5
W00001603,6.2,23.5,70.4
W00001604,2.1,25.9,72
W00001605,0.9,24.8,74.3
W00001608,1.3,21.5,77.2
W00001611,4.2,28.6,67.2
W00001612,3.7,22.2,74.1
W00001613,9.6,26.7,63.7
W00001614,4.9,20.5,74.6
W00001615,6,22.4,71.6
W00001616,7,40,53
W00001629,6.3,23.1,70.6
W00001630,2.6,36.8,60.5
W00001631,2.9,38.2,58.8
W00001632,0.5,64.1,35.3
W00001633,5.9,40.4,53.7
W00001634,7.2,24.8,68
W00001635,0,71.9,28.1
W00001636,6.6,17.6,75.8
W00001637,3.3,27.3,69.4
W00001638,4,40.3,55.6
W00001639,1.6,36.1,62.3
W00001640,2.3,30.2,67.4
W00001641,5.6,26.1,68.3
W00001642,6.2,38.5,55.4
W00001643,1.2,20.8,78
W00001644,2.8,35.5,61.7
W00001645,4.8,29.8,65.3
W00001646,4.7,35.4,59.8
W00001647,2.1,19.7,78.2
W00001648,4.5,27.1,68.4
W00001716,2.9,16.3,80.8
W00001717,5.1,28.4,66.5
W00001718,5.1,25.3,69.7
W00001719,0,52.6,47.4
W00001720,3.8,29.8,66.3
W00001721,3.8,25,71.2
W00001722,3.5,23.5,72.9
W00001813,7.5,15.1,77.4
W00001815,3.3,20.7,76.1
W00001816,4.8,33.8,61.4
W00001817,2.2,47.5,50.4
W00001818,3.1,29.2,67.7
W00001824,1.9,22.6,75.5
W00001825,8,23,69
W00001826,6.8,18.2,75
W00001827,0.8,21.7,77.5
W00001828,2.1,32.6,65.2
W00001829,1.7,26.9,71.4
W00001830,1.8,34.9,63.3
W00001831,4.8,22.4,72.8
W00010010,11.1,13.9,75
W00010011,3.8,18.3,77.9
W00010014,3.8,18.6,77.6
W00010018,3.9,27.6,68.5
W00010021,4.8,16.7,78.6
W00010023,3.1,32.6,64.2
W00010457,2.4,11.5,86.1
W00010477,6.6,11.3,82.1
W00010480,2.1,25.5,72.3