geography_code,has_ever_worked-001,has_ever_worked-002,has_ever_worked-003
E00052690,10.6,62.8,26.5
E00052691,4,56.6,39.3
E00052692,14.3,54.4,31.3
E00052693,16.3,59.2,24.5
E00052694,5.9,75.6,18.5
E00052695,10.4,69.6,20
E00052696,12.5,45.6,41.9
E00052697,8.6,64.9,26.4
E00052698,4.9,60.1,35
E00052699,9.2,42.3,48.6
E00052700,14.5,52.7,32.8
E00052701,8.2,63.4,28.4
E00052702,13.9,55.4,30.7
E00052703,18.1,60,21.9
E00052704,11.1,58.6,30.3
E00052706,13.4,59.8,26.8
E00052707,6.9,55.7,37.4
E00052709,13.7,40.5,45.8
E00052711,18.3,65.9,15.9
E00052712,11.2,70.4,18.4
E00052713,25,55.6,19.4
E00052714,13,64,23
E00052715,12.8,55.8,31.4
E00052716,9.3,76.9,13.9
E00052717,11.9,73.7,14.4
E00052718,7.1,81.4,11.5
E00052719,6.8,73.7,19.5
E00052720,15.5,68,16.5
E00052721,15.9,51.6,32.5
E00052722,9.6,60.5,29.8
E00052723,11.7,45.7,42.6
E00052724,7.5,78.5,14
E00052725,7.3,59.7,33.1
E00052873,13,44.3,42.7
E00052894,10.5,42.7,46.8
E00052901,12.5,52,35.5
E00052902,17.1,46.8,36
E00052904,12.2,38.8,48.9
E00052906,6.8,56.4,36.8
E00052911,16.4,37.5,46.1
E00052914,14.2,43.4,42.5
E00052915,16.6,33.8,49.7
E00052916,11.2,35.3,53.4
E00052918,8.8,62.4,28.8
E00052920,6.5,54.3,39.1
E00052921,15,38.9,46
E00052922,11.1,56.3,32.5
E00052923,11.1,42.1,46.8
E00052924,7.7,47.6,44.8
E00052925,9.6,50.7,39.7
E00052926,10.5,61.4,28.1
E00052929,11.9,44,44
E00052930,18.1,46.7,35.2
E00052931,11.9,43.7,44.4
E00052932,6.6,41,52.5
E00052933,4.9,48.6,46.5
E00052934,9.7,46,44.2
E00052935,5.4,49.3,45.3
E00052937,9.2,43.3,47.5
E00052938,10.6,45.5,43.9
E00052940,6.6,33.6,59.8
E00052941,14,39.3,46.7
E00052943,10.4,35.8,53.7
E00052944,15.1,46.2,38.7
E00052945,14.9,28.4,56.8
E00052946,17.6,49.5,33
E00052989,11.8,68.8,19.4
E00052990,17.5,67,15.5
E00052991,10.4,55.2,34.3
E00052992,10.1,59.7,30.3
E00052993,16.5,56.3,27.2
E00052994,9.3,71.3,19.4
E00052995,9.2,56.9,34
E00052996,12.8,64.2,22.9
E00052997,13.6,71.6,14.8
E00052998,10.1,52.5,37.4
E00052999,17.9,56.6,25.5
E00053000,13.3,61.1,25.6
E00053001,10.5,77.9,11.6
E00053002,3.6,72.6,23.8
E00053003,16.5,63.1,20.4
E00053004,11,56.2,32.9
E00053005,5.6,57.9,36.4
E00053006,12,78.7,9.3
E00053007,12.8,49.6,37.6
E00053008,9,72,19
E00053009,6.9,73.8,19.4
E00053010,9.8,32.5,57.7
E00053011,9.4,55.7,34.9
E00053012,8.7,52.4,38.8
E00053013,12.2,62.2,25.6
E00053014,9.6,60.5,29.8
E00053015,10.2,51.9,38
E00053016,11.4,56.2,32.4
E00053017,11.6,61.6,26.7
E00053018,14.1,55.6,30.3
E00053019,15.3,43.9,40.8
E00053020,11.2,62.6,26.2
E00053021,8.3,52.8,38.9
E00053022,13.9,62.5,23.6
E00053023,5.2,64.9,29.9
E00053024,12.7,60.3,27
E00053025,11.3,53.6,35.1
E00053026,7.2,60.8,32
E00053027,20.4,49.3,30.3
E00053028,7.5,59.6,32.9
E00053029,13,59.8,27.2
E00053030,17.9,56.7,25.4
E00053032,14.4,55.3,30.3
E00053033,6.2,54.6,39.2
E00053034,18.5,38,43.5
E00053051,17.3,55.8,26.9
E00053052,10,62,28
E00053053,20,48.2,31.8
E00053054,29.8,45.6,24.6
E00053055,14.4,56.7,28.9
E00053056,12.2,45.5,42.3
E00053057,15.7,36.2,48
E00053058,19.5,51.2,29.3
E00053059,15,37.4,47.6
E00053060,27.8,50.9,21.3
E00053061,12.9,53.8,33.3
E00053115,13.9,39.3,46.7
E00053116,15.6,38.5,45.9
E00053117,11.5,50,38.5
E00053118,18,30.8,51.1
E00053119,11.3,31.3,57.3
E00053120,12.9,45.2,41.9
E00053121,15.1,35.7,49.2
E00053122,14.7,56.9,28.4
E00053123,17.6,33.1,49.3
E00053124,16.6,28.3,55.2
E00053125,12.5,43.3,44.2
E00053126,14.9,43,42.1
E00053127,8.8,35.8,55.3
E00053128,12,36.8,51.3
E00053129,7.2,57.7,35.1
E00053130,10,34,56
E00053131,20.7,33.3,45.9
E00053132,13.8,32.2,54
E00053133,14.9,39.6,45.5
E00053134,36.5,33.9,29.6
E00053135,16.4,38.2,45.4
E00053136,9.6,42.2,48.1
E00053137,8.1,45.3,46.5
E00053138,14.6,47.9,37.5
E00053139,16,33.3,50.6
E00053140,33.3,38.7,28
E00053141,11.6,50,38.4
E00053142,13.3,34.8,51.9
E00053144,35.6,37.8,26.6
E00053145,15.6,33.6,50.8
E00053146,20.7,24.5,54.9
E00053147,16.4,29.3,54.3
E00053148,16.6,34.5,49
E00053149,13.9,30.3,55.8
E00053155,16.7,38,45.4
E00053156,10.4,40.9,48.7
E00053157,12.1,36.9,51
E00053158,14.4,40.3,45.3
E00053200,5.2,64.9,29.9
E00053201,11,75.9,13.1
E00053202,5.8,77.7,16.5
E00053203,15.3,61.3,23.4
E00053204,13.9,47.2,38.9
E00053205,12.1,57,30.8
E00053206,12.6,65.3,22.1
E00053207,9.4,73.6,17
E00053208,15.3,69.4,15.3
E00053209,12.1,60.7,27.1
E00053210,9.2,63.2,27.6
E00053211,5.9,73.3,20.8
E00053212,8,71.7,20.4
E00053213,9.1,66.1,24.8
E00053214,15.4,63.7,20.9
E00053215,9.1,64.5,26.4
E00053216,7.1,63.6,29.2
E00053217,7,67,26
E00053218,11,71.2,17.8
E00053219,13.8,57.5,28.7
E00053220,11.1,67.7,21.2
E00053221,7,67.5,25.4
E00053223,18.6,46.5,34.9
E00053224,10.9,54.5,34.7
E00053225,13.3,70,16.7
E00053226,9.9,68.3,21.8
E00053227,8.8,60,31.3
E00053228,3.7,81.3,15
E00053229,14.1,58.8,27.1
E00053230,12,51.9,36.1
E00053231,8.9,66.9,24.2
E00053232,9.6,54.8,35.7
E00053233,12.8,67,20.2
E00053234,11.5,61.1,27.4
E00053235,4.8,72.4,22.9
E00053236,14.3,50.5,35.2
E00053237,9.4,49.1,41.5
E00053238,15.8,57.4,26.7
E00053241,6.7,71.5,21.8
E00053242,9.9,67.9,22.1
E00053243,6.9,79.4,13.7
E00053244,7.7,65.8,26.5
E00053245,9.2,69.7,21
E00053246,6.3,78.6,15.1
E00053247,3.4,82.2,14.4
E00053248,8,77,15
E00053249,8.6,71.4,20
E00053250,6.5,83.7,9.8
E00053251,14.4,61.9,23.7
E00053252,10.7,75.7,13.6
E00053253,5.6,73.8,20.6
E00053254,4,70.7,25.3
E00053255,7.2,80.8,12
E00053256,10.9,68.3,20.8
E00053257,15.4,60.4,24.2
E00053258,9.6,57.4,33
E00053259,4.5,80.4,15.2
E00053260,6.7,69.7,23.5
E00053261,7.3,76.4,16.3
E00053263,11.8,70.1,18.1
E00146810,5.2,83.8,11
E00146811,10.7,50.3,39
E00146812,10.6,68.3,21.2
E00146814,11.3,66.9,21.8
E00146815,8.7,65.2,26.1
E00146820,15.4,68.5,16.2
E00146901,4.5,85.1,10.4
E00146902,9,83.6,7.4
E00146903,7.2,73.9,18.8
E00146904,13.8,77.7,8.5
E00146905,9.5,78.4,12.1
E00146909,5.5,80.7,13.8
E00146910,8.8,74.5,16.8
E00150889,7.1,77.8,15.2
E00150890,7.3,70.8,21.9
E00150891,6.1,73.5,20.4
E00150892,7.7,79.5,12.8
E00150893,12,70.7,17.3
E00150894,9.3,56.7,34
E00150895,11.2,78.7,10.1
E00150896,6.8,75,18.2
E00150897,9.9,75.3,14.8
E00150898,7.2,79.1,13.7
E00150899,13,72.7,14.3
E00150900,5.2,71.9,22.9
E00150901,14.1,70.7,15.2
E00150902,14.9,52.5,32.7
E00150903,8.2,70.1,21.6
E00150905,8,70.1,21.9
E00150906,13.3,74.1,12.7
E00150907,10.4,70.4,19.3
E00150908,7.5,79.2,13.3
E00150909,6.8,77.8,15.4
E00150910,8,76.8,15.2
E00150911,7.8,80.4,11.8
E00150912,3.9,76.4,19.7
E00150913,8.8,72.6,18.6
E00150914,6.4,80.7,12.8
E00150915,5.8,69.2,25
E00150916,11.5,69.8,18.8
E00150917,12.3,73.7,14
E00150918,9.3,67.9,22.8
E00150919,5.9,77.3,16.8
E00150920,9.4,73.4,17.2
E00150921,11,65.4,23.6
E00150922,8.8,73.7,17.5
E00150923,8.7,73.2,18.1
E00150924,8.3,74.3,17.4
E00150925,7.8,71.6,20.6
E00150926,9,82,9
E00150953,12.3,68.8,18.8
E00150954,9.6,69.1,21.3
E00150956,7,68.7,24.3
E00150957,10.7,64.3,25
E00150958,8,80,12
E00150959,8.9,77.4,13.7
E00150960,9.9,76.4,13.7
E00150961,9,73,18
E00150962,9.4,74.2,16.4
E00150963,5.6,80.8,13.6
E00150964,12,67.4,20.7
E00150965,5.7,79.2,15.1
E00150966,11.5,74.1,14.4
E00150967,6.4,65.4,28.2
E00150968,8.9,70.9,20.3
E00150969,8.6,81.9,9.5
E00150970,2.4,78.7,18.9
E00150971,11.6,69.6,18.8
E00150972,13.8,66,20.2
E00150973,7.4,77.7,14.9
E00150974,4.4,76.7,18.9
E00150975,12.1,74.1,13.8
E00150976,7.4,82,10.7
E00150977,8.6,68.6,22.9
E00150978,11.7,74.8,13.5
E00150979,10,75.8,14.2
E00151088,8.8,79.4,11.8
E00151090,7,77.2,15.8
E00151119,12.6,59.8,27.6
E00151129,6.7,69.2,24.2
E00151130,4,82,14
E00151132,8.3,81,10.7
E00151133,12.4,76.4,11.2
E00151134,6.8,77.4,15.8
E00151136,11.2,70.1,18.7
E00151137,11.9,67.8,20.3
E00151138,10.4,77.9,11.7
E00151140,5.5,83.6,11
E00151141,6.2,80,13.8
E00151142,11.6,63.8,24.6
E00151143,17.8,74.4,7.8
E00151144,5.7,68.1,26.2
E00151145,13.8,72.5,13.8
E00151146,5.8,69.2,25
E00151147,12.7,73,14.3
E00151148,16.3,65,18.8
E00151149,9.5,78.6,11.9
E00151150,7.3,81.8,10.9
E00151151,8.1,71.6,20.3
E00151152,8.8,76.3,15
E00151153,8.5,67.9,23.6
E00151154,11.8,69.6,18.6
E00151155,12.4,71.1,16.5
E00151156,15.7,68.7,15.7
E00151157,15.1,68.9,16
E00151158,11.2,67.3,21.5
E00151159,13,69.6,17.4
E00151160,20.2,65.5,14.3
E00151161,5.9,84.2,9.9
E00151162,15,77.2,7.9
E00151163,17.8,57.8,24.4
E00151164,13,63.8,23.2
E00151174,5.8,75.6,18.6
E00151175,9,75.2,15.8
E00167328,22.1,34.4,43.5
E00167329,10.8,47.5,41.7
E00167346,20.9,48.2,30.9
E00171615,12.3,59.5,28.3
E00171616,7.1,76.5,16.3
E00171617,16.1,65.5,18.4
E00180654,10.6,63.4,26
E00180704,18.4,44.9,36.7
E00180773,7.4,75.2,17.4
E00181849,9.7,63.7,26.6
E00181854,42.3,34.7,23
E00181859,22.4,43.4,34.2
E00181861,24.2,30.3,45.5
E00181864,10.3,41.4,48.3
E00181869,11.1,36.5,52.4
E00181870,25.9,46.3,27.8
E00181875,0.6,64.6,34.8
E00181881,27.3,54.5,18.2
E00181884,16.3,31.7,52
E00181886,6.3,60.6,33.1
E00181891,12.8,46.5,40.7
E00181897,15.4,59,25.6
E00181907,12.4,37.2,50.4
E00181913,28.3,23.9,47.8
E00181918,21.8,34.5,43.6