areacd,highest_qualification_6a-000,highest_qualification_6a-001,highest_qualification_6a-002,highest_qualification_6a-003,highest_qualification_6a-004
E00036144,21.3,53.1,7.2,16.4,1.9
E00036145,19.7,49.8,6.3,22.4,1.8
E00036166,19.4,42.7,9.9,25.7,2.4
E00036167,16.2,51.5,5.1,24.7,2.6
E00036168,18.3,51.6,4.1,22.8,3.2
E00036169,20.3,42,11.7,23.4,2.6
E00036170,25,42.9,6.6,23.5,2
E00036171,19,50,3.3,24.3,3.3
E00036213,16.6,37.9,6.8,37,1.7
E00036215,7.2,42.1,9,39.8,1.8
E00036216,14.4,44.3,6.8,33,1.5
E00036217,7.1,44,5.6,41.3,2
E00036218,12.6,42.6,8.7,33.5,2.6
E00036219,16.7,44.8,7.3,29.7,1.6
E00036292,9.1,38.7,4.7,46.5,0.9
E00036293,12.2,40.8,5.9,38.8,2.4
E00036294,10.2,52.3,5.7,30.3,1.5
E00036295,19.7,52.5,5.9,18.9,2.9
E00036296,8.8,38.8,7.7,42.5,2.2
E00036297,16.3,48.6,8,24.7,2.4
E00036298,14.9,40.5,7.6,34.9,2.1
E00036299,25.2,34.1,6.1,30.5,4.1
E00036300,25.8,35.2,12.7,20.9,5.3
E00036301,17.4,41.9,10.9,26,3.8
E00036302,15.4,47.4,12.4,22.2,2.6
E00036303,16,46.6,6.8,27.4,3.2
E00036304,13.1,41.4,7.5,36.9,1.1
E00036305,16.7,48.5,5.2,26.2,3.4
E00036306,13.4,47.5,6.7,29,3.4
E00036307,21.6,50.7,6.1,19.2,2.3
E00036308,18.8,44.4,9,23.5,4.3
E00036309,13.4,52.7,8.8,21.8,3.3
E00036310,18,39.6,6.9,31.8,3.7
E00036311,23.7,45.9,7.2,20.8,2.4
E00036312,27.6,46.7,3.3,20,2.4
E00036313,23.9,52.1,6.3,17.6,0
E00036314,26.2,44.5,6.1,23.1,0
E00036315,23.1,46.2,7,23.7,0
E00036316,22.4,48.8,5.5,18.9,4.5
E00036317,16.2,39.5,10.5,33.8,0
E00036318,11,42,7.1,38.4,1.6
E00036319,21.8,44.2,6.5,24.1,3.4
E00036321,10.8,45.6,4.4,37.6,1.6
E00036322,15.5,41.4,9.5,30.2,3.4
E00036323,13.3,36.7,10.8,36.7,2.5
E00036324,11.2,39.3,5.4,42,2.2
E00036325,16.1,42.4,7.5,32.2,2
E00036326,29.4,36.1,5.5,23.9,5
E00036327,12.5,49.5,7.9,26.9,3.2
E00036328,13.6,41.4,8,35.5,1.5
E00036329,10.9,39.7,7,42.4,0
E00036330,14,41.6,8.4,34.6,1.4
E00036331,14,49.1,6.1,28.3,2.5
E00036332,10.1,36.7,6.3,45.9,1
E00036333,17.1,38.3,6.3,33.3,5
E00036334,18.6,46.8,8.4,24.7,1.5
E00036335,14.1,44.1,7.5,30,4.4
E00036336,22.2,52.3,6.3,17.6,1.7
E00036337,17.2,45.1,10.3,23.6,3.9
E00092481,22.6,38.3,7,28.6,3.5
E00092482,22.5,42.2,7.5,27.3,0.5
E00092485,14.1,52.1,7.5,25.8,0.5
E00092488,16.1,49.6,6.5,25.2,2.6
E00092489,16.6,47,3.3,30.9,2.2
E00092492,8.6,44.4,10.5,34.6,1.9
E00092493,23.9,47.2,4.9,21.1,2.8
E00092494,31.9,27.4,5.8,31.4,3.5
E00092495,16.4,37.3,5.5,40.9,0
E00092609,11,41.4,3.1,39.3,5.2
E00092610,11,39.5,4,43,2.5
E00092611,19.4,35.5,3.9,38.8,2.3
E00092612,6.4,41.3,8.3,44,0
E00092613,8.5,35.4,3.7,51.2,1.2
E00092615,6.7,23.8,3.3,62.3,3.8
E00092649,12.9,37.8,7.4,39.2,2.8
E00092650,23.2,50.2,5.4,21.3,0
E00092651,11.7,36.2,5.8,43.2,3.1
E00092655,17.2,36.6,3.2,43,0
E00093451,25.7,50.2,6.8,15.7,1.6
E00093452,21.5,42.9,4.1,27.9,3.7
E00093453,28.9,46.1,8.2,16.8,0
E00093454,35,43.5,3.7,15.9,1.9
E00093455,27.5,49.6,4.3,15.9,2.5
E00093456,21.6,55,4.2,18.9,0.3
E00093457,18.8,53.1,5.7,19.2,3.3
E00093458,22.5,48.6,7.1,20.3,1.5
E00093459,20.3,50,7.2,19.5,3
E00093460,26,43,4,19,8
E00093461,28.5,46.9,7,14.9,2.6
E00093462,23.3,43.8,2.7,23.3,7
E00093463,36.6,43.6,4.1,13.6,2.1
E00093464,37,36.2,3.4,19.7,3.7
E00093465,23.3,53.9,7.3,15.5,0
E00093466,29.3,47.8,6.4,11.5,5.1
E00093467,21.9,59,6.4,11.2,1.6
E00093468,29.5,47.4,4.3,16.7,2.1
E00093469,19.6,46,7.6,23.7,3.1
E00093470,25.6,41.3,8.3,22.4,2.4
E00093471,24.9,52.6,3.8,16.3,2.4
E00093472,40.8,39.7,3.8,13.6,2.2
E00093473,24.3,54.8,5,13.4,2.5
E00093474,20.9,53.9,3.5,17.3,4.3
E00093475,19.5,53.3,6.7,20.5,0
E00093476,31.7,45.3,3.3,18.9,0.8
E00093477,26.6,49.8,5.5,15.5,2.6
E00093479,17.6,51.3,7.6,19.7,3.8
E00093480,20.6,51.8,6,18.8,2.8
E00093481,21.4,49,7,21,1.6
E00093482,20.4,41.9,9.3,25.9,2.6
E00093483,21.6,45.9,6.7,23.5,2.4
E00093484,15,45.4,6.8,32.9,0
E00093485,14.6,44.9,7.7,28.5,4.4
E00093486,10.3,49.1,5.6,31.9,3
E00093487,13.2,46.7,4.7,32.7,2.7
E00093488,15.7,50.8,8.5,23.8,1.2
E00093489,19,46.8,6.7,23.8,3.7
E00093490,15.9,49,6.8,26.7,1.7
E00093491,12,42.8,7.9,35.3,2.1
E00093492,11.2,38.8,5,44.6,0.4
E00093493,5.9,40.5,3.8,48.5,1.3
E00093494,10.5,48.9,5,32.9,2.6
E00093495,23.3,40.1,8,26.3,2.3
E00093496,7.2,46.6,4.1,41,1.1
E00093497,15.5,50.6,5.9,26.4,1.7
E00093498,13.2,49.4,4.3,30.2,3
E00093499,21.8,39.7,9.8,23.9,4.7
E00093500,21.9,43.4,9.5,21.9,3.3
E00093501,8.2,38.4,3.1,48.4,1.9
E00093502,13.7,40.2,5.1,37.2,3.8
E00093503,6.7,40.3,3.1,48,1.9
E00093504,4.5,41.3,4.2,49,1
E00093505,10,47.3,6.2,32.8,3.7
E00093506,13,43.5,4.1,39,0.4
E00093507,13.2,45,8.9,30.6,2.3
E00093508,20.3,46.7,7.3,22.3,3.3
E00093509,8.2,50.2,10.5,27.2,3.9
E00093547,20,46.7,5.1,26.2,2.1
E00093548,15.6,46.3,6.5,29,2.6
E00093549,31.2,47.2,2.6,14.3,4.8
E00093550,17.9,51.7,6,21.4,3
E00093551,26.1,51,4,16.6,2.4
E00093552,21.7,57.8,4.5,16,0
E00093553,26,48.7,6.9,18.4,0
E00093554,24.5,45,5,25.5,0
E00093555,20,44.3,9.3,23.6,2.9
E00093556,13.8,54.2,4.3,26.5,1.2
E00093557,33.5,42.8,4.2,16.9,2.5
E00093558,18.6,47.4,4.9,23.5,5.7
E00093559,25.4,51.7,5.4,14.6,2.9
E00093560,18.4,48.5,6.1,25.5,1.5
E00093561,14.9,52.6,7.5,21.5,3.5
E00093562,19,39.1,8,30.5,3.4
E00093563,20.1,54.8,7,14.1,4
E00093564,18.5,45.5,6.6,25.6,3.8
E00093565,20.7,52.7,7.6,17.7,1.3
E00093566,25.8,51.5,4.8,16.6,1.3
E00093567,21.6,48.6,7.6,19.1,3.2
E00093568,19.7,56.3,6.3,15.5,2.1
E00093569,14.1,54.2,7.6,20.1,4
E00093570,11.6,49,9.6,25.8,4
E00093571,28.3,37.9,8.1,21.2,4.5
E00093572,17,43.6,7.9,29.5,2.1
E00093573,27.1,51.4,6.4,12.7,2.4
E00093586,14.2,47.4,6.9,28,3.4
E00093587,29,43.2,8.2,15.8,3.8
E00093588,33.6,38.7,7.4,14.8,5.5
E00093589,20.2,42.4,6.3,28.2,2.9
E00093590,31.7,40,10.6,16.1,1.7
E00093591,19.5,43.1,7.1,28.3,2.1
E00093593,13.1,55.5,5.2,25.2,1
E00093594,32.1,39.7,6.7,16.5,4.9
E00093595,19,42.3,10.3,24.5,4
E00093596,19.4,38.3,6,33.1,3.2
E00093597,11.4,41.4,7.3,39.2,0.7
E00093598,14.1,44.1,3.3,33.8,4.7
E00093599,22.3,45.3,6.6,21.5,4.3
E00093600,26.4,45.5,8.2,17.7,2.3
E00093601,18,53.3,5.3,22.5,0.8
E00093602,19,52.8,3.5,22.5,2.2
E00093603,23.3,55.7,4.6,16,0.5
E00093604,22.4,50.6,6.5,16.3,4.1
E00093605,22.1,51.6,6.6,18.8,0.9
E00093606,28,41,6.3,22.2,2.5
E00093607,13.5,54.1,7.2,20.3,5
E00093608,29.7,46.7,3.5,17,3.1
E00093609,22.8,44.2,5.4,22.1,5.4
E00093610,32,47.6,5.8,14.6,0
E00093612,27.1,52.4,3.5,14.8,2.2
E00093613,30.4,46.5,2.7,15.4,5
E00093614,31.4,44.8,4.5,15.2,4
E00093615,24.3,44.9,7.9,19.2,3.7
E00093616,25.2,49.1,1.3,21.3,3
E00093617,28.9,44.8,5.9,17.6,2.9
E00093618,32.5,46.7,6.2,14.5,0
E00093619,27.5,40,7.2,22.5,2.8
E00093620,14.8,50.4,4.2,27.8,2.8
E00093622,23.7,50.9,3.8,18.7,2.9
E00093623,33.3,47,4.5,11.6,3.5
E00093624,19.6,45.1,5.4,29.9,0
E00093625,16.2,48.1,5.1,27.2,3.4
E00093626,9.6,54.6,9.6,24.3,1.8
E00093627,12.2,45.6,7,33.1,2.1
E00093628,22.4,36.5,9.6,27.4,4.1
E00093629,17.4,43.6,7.1,27.8,4.1
E00093630,12,45.3,5.7,33.9,3.1
E00093631,14.2,49.1,3.5,33.2,0
E00093632,16,45.3,1.4,34.9,2.4
E00093633,14.5,43.5,6.3,31.8,3.9
E00093634,13.1,46.8,8.1,27.9,4.1
E00093635,19,46.5,7.8,23.8,3
E00093636,16.2,37.9,8.3,34.4,3.2
E00093637,26.5,47.5,6.3,18.1,1.7
E00093638,11.3,51.9,10.4,24.2,2.2
E00093639,16.3,38.9,9.5,31.7,3.6
E00093640,13.6,49.1,6.4,30.2,0.8
E00093641,13.5,47.6,10.5,25.5,3
E00093642,10,61.1,7.1,19.2,2.5
E00093643,10.9,47.4,5.7,33.9,2.2
E00093644,31.6,44.3,5.7,14.6,3.8
E00093645,27.3,42.6,5.9,21.5,2.7
E00093646,31.8,44.5,4.7,17.8,1.3
E00093647,21.3,45.3,7.1,24,2.2
E00093648,29,46.8,6.5,16.5,1.3
E00093649,18.9,47.5,6.9,21.6,5
E00093650,14.6,46.2,6.5,30.4,2.4
E00093651,23.1,36.8,6.6,30.2,3.3
E00093652,12.3,43.4,8.1,34,2.1
E00093653,21.1,41.3,7.5,25.8,4.2
E00093654,14.4,49.5,4.6,26.9,4.6
E00093655,16.6,44.3,8.9,28.1,2.1
E00093656,9.9,40.4,5.3,44,0.3
E00093657,5.2,39.7,7.4,45,2.6
E00093658,8.8,47.4,4.8,34.6,4.4
E00093659,9.2,39.2,8.8,39.2,3.8
E00093660,8.8,48.8,6.6,35.6,0.3
E00093661,7.7,45.3,4.6,41.4,1.1
E00093662,8.7,48,6.3,35.7,1.2
E00093663,5.3,51.5,3.3,39.5,0.3
E00093664,13.3,49.8,2.9,32.8,1.2
E00093665,9.7,44.4,6,36.7,3.2
E00093666,11.8,35.1,8.8,40.4,3.9
E00093667,33.5,49.2,4.3,10.3,2.7
E00093668,25.4,42.7,5.8,23.5,2.7
E00093669,29,49.8,2.7,16.6,1.9
E00093670,20.3,51.5,5.5,20.9,1.7
E00093671,22.2,47.7,5,21.1,3.9
E00093672,23.4,50.6,3.9,19.5,2.6
E00093673,41.5,33.9,4.1,16.4,4.1
E00093674,32.3,37.8,10.1,14.7,5.1
E00093675,26.3,49.2,5.9,16.1,2.5
E00093676,13.2,48.3,2.6,34.5,1.4
E00093678,34.8,38.6,7.6,14.3,4.7
E00093679,24.9,49.4,4.7,17.8,3.2
E00093680,16,40.1,8,30.4,5.5
E00093681,18.8,40,3.9,33.3,3.9
E00093682,8.6,44,8.2,36.2,3.1
E00093683,20.7,36.6,11.5,27.3,4
E00093684,24.5,48.1,4.3,20.2,2.9
E00093685,11.3,50.5,8.5,27.2,2.5
E00093686,19.6,43.6,8.9,25.3,2.7
E00093687,24.6,36.3,8.5,24.6,6
E00093688,24.3,36.9,10.3,25.2,3.3
E00093689,12.8,49.1,5.5,30.7,1.8
E00093690,15,45.3,7.1,31.1,1.6
E00093691,14.6,48.2,8.3,28.9,0
E00093692,3.5,47.7,3.5,45,0.4
E00093693,15.1,45.8,4.9,32.9,1.3
E00093694,9.2,43.9,5.1,40.5,1.4
E00093695,7.4,45,5.2,41.1,1.3
E00093696,5.9,45.2,6.7,39.6,2.6
E00093697,12.7,55.6,3.5,26.6,1.5
E00093698,25.5,41.1,8,22.6,2.9
E00093699,6.6,37.6,4.4,49.5,2
E00093705,12.7,36.1,6.3,42,2.9
E00093706,20.7,36.6,8.6,31,3.1
E00093710,12.5,38.5,8.1,38.1,2.9
E00168841,12.4,46.2,3.5,36.7,1.2
E00185153,5.7,38.5,3.9,50.5,1.4
E00185169,13,41.9,6.1,35.8,3.3
E00188756,20.6,44.1,7.8,25.8,1.7
E00188758,1.9,46.7,7.6,41.9,1.9
E00188759,17.5,46.2,4.5,29.6,2.2
E00188760,4.6,45.4,3.1,46.9,0
E00188770,9.7,39.7,5.8,42.8,1.9
E00188796,27.7,46.6,5,17.2,3.4
E00188799,7.2,43.6,7.6,40.2,1.5
E00188844,8.8,51.3,5.7,34.2,0
E00188849,11.1,43.4,2.2,40.7,2.7
E00188858,20.3,50.9,7.8,18.5,2.6
E00188870,27.2,34.9,3.6,31.4,3
E00188875,23.9,47.8,3.1,21.7,3.5
E00188894,20.7,53.9,3.7,19.1,2.5
E00188906,10.4,51.6,3.2,34.8,0
E00188916,7.8,53,8.7,27.4,3.2
E00188917,7,51.3,6.5,33,2.2
E00188939,22.5,49.6,6.3,19.7,2
E00188945,13.5,52,2.5,28.7,3.3