geography_code,hh_tenure_5a-000,hh_tenure_5a-001,hh_tenure_5a-002,hh_tenure_5a-003
E00033025,36.4,43.2,6.8,13.6
E00033026,40,45.9,1.2,12.9
E00033027,32.8,15.6,9.7,41.9
E00033029,32.1,39.6,4.7,23.6
E00033030,53.3,28.6,4.8,13.3
E00033031,48,39.2,2.4,10.4
E00033033,3.4,18.6,18.1,59.9
E00033034,13.4,30.2,4.7,51.7
E00033035,21.1,15.8,40.8,22.4
E00033036,7.4,14.1,38.5,40
E00033037,41.9,19.4,1.3,37.4
E00033038,15.4,21.5,26.9,36.2
E00033040,24.8,32.2,24,19
E00033041,49.5,45.9,0,4.6
E00033042,43.1,38.2,1,17.6
E00033043,41.4,37.4,2,19.2
E00033044,46.1,44.9,2.2,6.7
E00033045,0,0.8,93.4,5.8
E00033046,63.6,5.3,7.6,23.5
E00033047,54.1,37.6,0.9,7.3
E00033048,51,39.8,1,8.2
E00033049,22,44,0,34
E00033050,57.1,36.9,0,6
E00033051,19,21.2,3.6,56.2
E00033052,28.9,37.5,6.3,27.3
E00033053,20.4,50.4,6.2,23
E00033054,13.5,14.9,67.6,4.1
E00033055,37.8,45.6,2.2,14.4
E00033056,39.2,44.2,0.8,15.8
E00033057,32.8,41.2,7.6,18.3
E00033059,29.4,18.9,36.4,15.4
E00033060,56.3,22.7,5,16
E00033061,49.5,38.5,2.2,9.9
E00033062,47.7,45.8,0,6.5
E00033063,66.3,28.7,3,2
E00033064,48,34.7,6.1,11.2
E00033065,46.4,43.2,3.2,7.2
E00033068,11.2,22.5,2.2,64
E00033071,19.5,17.2,17.8,45.4
E00033072,4,10.7,23.7,61.6
E00033073,4.8,8.3,32.1,54.8
E00033074,2.6,10.5,67.1,19.7
E00033075,0.7,8.2,75.4,15.7
E00033076,44,28.5,0,27.5
E00033077,16.5,14.7,32.9,35.9
E00033078,29.5,25,19.9,25.6
E00033079,22,30,30,18
E00033080,4,4,80.8,11.2
E00033081,19.7,50.4,4.4,25.5
E00033095,48.1,37.2,3.2,11.5
E00033112,54.8,42.6,0.9,1.7
E00033371,51.3,31.3,0,17.4
E00033383,44.2,38.3,0,17.5
E00033384,44,45.4,0,10.6
E00033385,30.3,36.1,5.2,28.4
E00033581,13.7,11.7,46.8,27.8
E00033582,19.2,12.3,54.6,13.8
E00033583,37.9,32,1,29.1
E00033584,40.7,36.3,0.9,22.1
E00033585,34.1,33.3,0.7,31.9
E00033586,19.4,40.3,23.1,17.2
E00033587,50.3,20.4,24.5,4.8
E00033592,5.2,6.9,81,6.9
E00033593,18.4,23.3,22.3,35.9
E00033594,5.1,10.9,75.2,8.8
E00033595,12.8,8.1,68.5,10.7
E00033596,18.7,26.5,31,23.9
E00033597,28,25.6,22.4,24
E00033598,17.8,12.4,21.7,48.1
E00033599,20.6,17.5,33.3,28.6
E00033600,12.7,17.2,64.9,5.2
E00033601,23.7,15.3,16,45
E00033602,28.6,44.4,2.3,24.8
E00033603,8.1,7.4,78.5,5.9
E00033604,26.6,17.7,24.2,31.5
E00033605,33.9,36.4,5.9,23.7
E00033606,19.7,31.1,4.1,45.1
E00033607,20.2,21,26.6,32.3
E00033608,27.9,22.9,27.1,22.1
E00033611,31.1,37.8,1.7,29.4
E00033613,21.4,29.8,29,19.8
E00033614,36.9,40,3.1,20
E00033616,30.9,30.1,33.1,5.9
E00033618,46.7,32,4.7,16.7
E00033620,37.8,36.1,18.5,7.6
E00033807,3.9,6.1,72.8,17.2
E00033848,53.8,41.4,0,4.8
E00033849,56.6,36.4,0.8,6.2
E00033850,60.6,32.5,2.5,4.4
E00033851,36.7,34.2,11.7,17.5
E00033852,31.5,23.1,4.6,40.7
E00033853,35.1,33.1,13.5,18.2
E00033854,49.3,42.6,2.2,5.9
E00033855,47.3,10.7,21.4,20.5
E00033856,4.4,6.3,78.8,10.6
E00033857,45.8,34.7,2.5,16.9
E00033859,41.1,28.6,0.9,29.5
E00033861,30.6,28.7,23.6,17.2
E00033862,41.3,38,1.7,19
E00033863,52,40.7,1.6,5.7
E00033864,48,37.6,6.4,8
E00033865,48.5,42.4,0,9.1
E00033866,42.9,41.2,8.4,7.6
E00033867,53.2,38.5,1.8,6.4
E00033868,47,51.3,1.7,0
E00033869,52.5,42.6,0.8,4.1
E00033871,50,38.9,1.9,9.3
E00033872,50,46,0,4
E00033873,36.5,23.4,27.7,12.4
E00033874,57.3,40.5,0,2.3
E00033875,47.9,48.7,0.9,2.6
E00033876,38.6,57,0.9,3.5
E00033877,50.4,43.4,3.1,3.1
E00033878,48.8,40,2.4,8.8
E00033879,46.1,46.1,0.9,7
E00033880,46.4,38,1.8,13.9
E00033881,53.2,37.1,2.4,7.3
E00033882,52.4,43.7,0,3.9
E00033883,43.2,40,2.4,14.4
E00033884,62.1,31.1,0,6.8
E00033885,43.3,28.8,2.3,25.6
E00033886,54.2,39.8,0.8,5.1
E00033887,51.1,37.6,0,11.3
E00033888,62.2,31.5,0,6.3
E00033889,60.8,32.5,3.3,3.3
E00033890,5.7,9.8,39.8,44.7
E00033891,56.1,31.7,0,12.2
E00033892,12.5,42,43.2,2.3
E00033893,42.6,36.5,1.7,19.1
E00033894,44.5,49.2,0.8,5.5
E00033895,23.3,28.4,1.7,46.6
E00033896,32.5,24.4,4.1,39
E00033897,47.9,38.5,3.4,10.3
E00034159,34.4,32,18,15.6
E00034161,25.8,24.2,25,25
E00034172,27.6,42.2,19.8,10.3
E00034173,25.8,46.8,8.1,19.4
E00034174,22.6,39.1,21.7,16.5
E00034176,21.7,42.2,6,30.1
E00034177,26.5,46.3,5.1,22.1
E00034180,27.6,21.5,14.7,36.2
E00036142,22.2,53.3,0.7,23.7
E00036143,39.4,39.4,7.3,13.9
E00036150,12.1,31.8,52.3,3.8
E00036152,23.6,45.8,0.7,29.9
E00036155,50.8,40,0,9.2
E00036158,49.6,43.5,2.3,4.6
E00036159,55.6,32.5,0,12
E00036160,33.6,32.1,11.4,22.9
E00036161,28.8,23.4,38.7,9
E00036162,43.8,35.6,4.1,16.4
E00036164,27.4,28.6,20.8,23.2
E00036165,38.1,14.2,22.1,25.7
E00165719,21.8,24.5,30.9,22.7
E00165720,35.8,40.8,5,18.3
E00165721,51.6,40.3,0,8.1
E00165722,25.5,25.5,21.8,27.3
E00165723,38.3,50.6,2.5,8.6
E00165724,30.1,35.9,7.7,26.3
E00165725,51.2,26.8,3.7,18.3
E00165730,41.4,48.9,0.6,9.2
E00165731,22.6,32.1,13.2,32.1
E00176603,11.2,32.7,1,55.1
E00176604,18.6,24.3,0,57.1
E00176605,14,22.4,3.7,59.8
E00176606,10.3,35.6,0,54
E00176607,3.4,10.2,0.8,85.6
E00176608,17.7,28.1,3.1,51
E00176666,40.4,42.4,1,16.2
E00176667,38.6,17.9,4.9,38.6
E00176703,19,70.4,0,10.6
E00176705,3.6,4.8,9.5,82.1
E00176719,13.6,30.1,2.9,53.4
E00176720,42.3,35.1,2.7,19.8
E00176721,22.4,36.8,0.8,40
E00176722,19.9,69.3,0,10.8
E00176723,53.3,32.4,1,13.3
E00185146,30,55,0.7,14.3
E00185151,4,74.6,14.3,7.1
E00185158,4.6,47.7,13.8,33.8
E00185164,26.7,45.6,4.9,22.8
E00185168,1.4,92.8,1.4,4.3
E00185172,11.9,85.2,0.6,2.3
E00185174,35.7,39.9,0.7,23.8
E00185177,20.7,57,2.1,20.2