areacd,hh_tenure_5a-000,hh_tenure_5a-001,hh_tenure_5a-002,hh_tenure_5a-003
E00130017,46,38.1,8.8,7.1
E00130018,40.9,32.2,18.1,8.7
E00130019,38.7,29,19.4,12.9
E00130020,64.8,21.6,4,9.6
E00130021,40.2,39.3,1.6,18.9
E00130022,40.2,41,12,6.8
E00130024,37.5,47.9,0,14.6
E00130131,39.9,46.8,9,4.3
E00130132,35,48.6,7.9,8.4
E00130133,43.7,44.9,5.7,5.7
E00130134,32.1,35.9,18.6,13.5
E00130135,34.7,43.1,16,6.3
E00130136,28.3,30.7,21.7,19.3
E00130137,58.8,26.7,3,11.5
E00130213,50,46.7,1.7,1.7
E00130214,72.6,13.7,0,13.7
E00130215,62.7,31.4,0.8,5.1
E00130217,44.8,43.3,6.7,5.2
E00130219,48,35.4,2.4,14.2
E00130220,42.6,34.2,18.7,4.5
E00130221,24.6,46.8,21.4,7.1
E00130222,67.7,26.3,1,5.1
E00130223,43,35.3,14.5,7.2
E00130224,39.8,32.3,21.1,6.8
E00130225,59.7,37.1,0,3.2
E00130228,55.1,36.8,2.2,5.9
E00130229,53.7,39.8,0.8,5.7
E00130230,38,42.7,11.1,8.2
E00130231,39.5,40.3,11.3,8.9
E00130232,20.5,23.3,34.2,21.9
E00130233,27,53,1.7,18.3
E00130234,47.1,46.1,0,6.9
E00130235,18,24.5,28.8,28.8
E00130236,49.2,49.2,0,1.6
E00130773,54.6,35.4,1.5,8.5
E00130776,17.8,16.1,54.2,11.9
E00130778,40.5,43.8,1.7,14
E00130781,50.9,33.9,4.5,10.7
E00130782,44.1,36.4,11,8.5
E00130783,48.4,44.4,0.8,6.5
E00130789,41.5,35.8,13,9.8
E00130996,36.4,43.2,11.9,8.5
E00130997,36.4,52.6,3.9,7.1
E00130998,48.1,40.3,2.6,9.1
E00130999,23.9,42.6,22,11.5
E00131000,40.4,32.7,14,12.9
E00131001,55.8,39.2,0.8,4.2
E00131012,61.8,30,0.9,7.3
E00131025,24.3,30.7,36.4,8.6
E00131026,18.1,18.1,51,12.9
E00131027,26.8,30.1,29.3,13.8
E00131028,52.7,35.1,3.1,9.2
E00131030,51.7,36.2,6,6
E00131031,28.4,30.5,27.7,13.5
E00131032,36.6,49.6,9.8,4.1
E00131033,33.9,42.7,12.1,11.3
E00131034,39,39.6,0.6,20.7
E00131035,22.9,33.7,2.4,41
E00131036,42,42,3.8,12.2
E00131037,45.2,36.5,1.9,16.3
E00131038,21.6,32.1,1.2,45.1
E00131039,22.4,30.8,0,46.7
E00131040,56.4,35.9,1.7,6
E00131041,36.3,32.2,19.9,11.6
E00131042,22.2,25.2,0,52.6
E00131043,34.2,34.2,18.7,13
E00131044,45,31.3,8.4,15.3
E00131045,33.8,43.2,15.1,7.9
E00131046,26.6,29.9,34.4,9.1
E00131047,50.9,45.6,0,3.5
E00131048,38.5,48.1,1,12.5
E00131049,44.4,37.8,3,14.8
E00131050,41.4,31.6,5.9,21.1
E00131051,38.7,40.7,2.7,18
E00131052,33,21.7,37.4,7.8
E00131053,48.1,33.6,9.2,9.2
E00131054,39.3,16.3,34.1,10.4
E00131055,61.6,31.2,3.2,4
E00131056,15.3,22.2,52.8,9.7
E00131057,59.9,35.2,2.1,2.8
E00131058,34.8,43,11.9,10.4
E00131059,39.7,35.3,2.6,22.4
E00131060,33.6,31.3,14.8,20.3
E00131061,21.6,29.6,36.8,12
E00131062,30.5,25.5,19.1,24.8
E00131063,50.4,44.9,0,4.7
E00131064,52.1,41,0,6.9
E00131065,51.9,32.1,11.3,4.7
E00131066,59,19.7,15.6,5.7
E00131067,54.5,26,0,19.5
E00131068,60.4,18.9,12.6,8.1
E00131069,30.2,26.2,27.8,15.9
E00131070,17.5,24.6,44.4,13.5
E00131071,22.3,33.9,34.8,8.9
E00131072,45.8,7.5,34.6,12.1
E00131073,20.2,22.6,47.6,9.7
E00131074,33.3,35.6,20.7,10.4
E00131075,50.8,42.7,0,6.5
E00131076,27.8,44.8,14.5,12.9
E00131077,62.3,36.1,0,1.6
E00131078,41.7,44.2,1.2,12.9
E00131081,50.9,29.6,2.8,16.7
E00131082,65.5,28.2,0,6.3
E00131083,60.9,33.5,0,5.6
E00131084,51.6,30.2,0.8,17.5
E00131085,53.5,29.9,0.7,16
E00131086,51.8,41.7,0.7,5.8
E00131087,36.1,55.7,3.1,5.2
E00131088,54.2,41,0,4.8
E00131089,31.1,47.1,10.7,11.2
E00131090,52.3,41.9,0,5.8
E00131091,62.8,28.7,0.6,7.9
E00131092,20.3,9.5,59.5,10.8
E00131093,68.4,23.7,1.8,6.1
E00131094,62.1,28.4,1.7,7.8
E00131095,60.5,24,1.6,14
E00131096,51.4,44.8,1,2.9
E00131097,39.6,43.4,0.9,16
E00131098,62.3,28.3,0.7,8.7
E00131099,36,37.8,1.2,25
E00131100,43.8,41.4,2.3,12.5
E00131101,40.6,39.8,2.3,17.2
E00131102,28.2,31.5,1.6,38.7
E00131115,39.2,47,0,13.9
E00131116,44.6,38.1,5.8,11.5
E00131118,60.4,27.5,4.7,7.4
E00131119,49.2,41.1,1.6,8.1
E00131120,11.5,16.4,58.2,13.9
E00131121,22.2,35.1,35.7,7
E00131122,26.2,33.3,29,11.5
E00131123,40,33.6,6.4,20
E00131124,46.4,30.4,15.9,7.2
E00131126,39.2,32.7,6.5,21.6
E00131127,24.3,33.3,27.8,14.6
E00131128,20.5,18.5,24.7,36.3
E00131129,21.9,33.9,12,32.3
E00131130,35.9,33.2,0,31
E00131131,48.7,34.6,0.5,16.2
E00131132,31.9,34.1,23.9,10.1
E00131133,43.5,43.5,2.9,10.1
E00131134,29.6,28.5,1.7,40.2
E00131135,45.2,27.8,20.6,6.3
E00131136,54.8,36.5,1.7,7
E00131137,76.2,16.2,1,6.7
E00131138,51.8,37.3,0.9,10
E00131139,67.2,24.4,0,8.4
E00131140,34.3,33.6,8,24.1
E00131141,35.7,46.8,3.2,14.3
E00131142,16.2,20.5,48.7,14.5
E00131143,20.2,35.6,20.7,23.4
E00131144,18.5,22.3,40.8,18.5
E00131166,32.7,45,9.4,12.9
E00131167,19.6,41.8,17,21.6
E00131168,48.7,41.2,0.8,9.2
E00131169,25,40.5,12.1,22.4
E00131170,54.1,36.3,0.7,8.9
E00131171,13.7,34.2,7.7,44.4
E00131172,24.1,18.4,1.4,56.1
E00131173,39.2,24.9,2.6,33.3
E00131174,27.5,29,8.4,35.1
E00131175,25.3,28.5,1.3,44.9
E00131176,28.1,30.2,11.5,30.2
E00131177,7.7,18.3,12,62
E00131178,44.5,32.8,0,22.7
E00131179,26.4,29.1,7.7,36.8
E00131180,13.2,35,2.3,49.5
E00131181,40.9,44.5,0,14.5
E00131182,20.6,22.5,45.6,11.3
E00131183,25.8,30.4,28.4,15.5
E00131184,48.3,39,0.8,11.9
E00131185,17.7,21.7,13.1,47.5
E00131186,59.3,30.1,0.8,9.8
E00131187,38,39.4,2.9,19.7
E00131191,35.4,37,2.4,25.2
E00131192,5.9,5,83.2,5.9
E00131193,39.9,47.6,0,12.5
E00131196,43.3,43.3,2.9,10.6
E00131197,20,42.1,6.3,31.6
E00131198,48.7,37.4,0,13.9
E00131199,56.9,33.9,0,9.2
E00131200,26.4,39.6,12.3,21.7
E00131201,52.3,29.7,3.1,14.8
E00131202,27.2,42.4,13.6,16.8
E00131203,48.4,35.5,1.6,14.5
E00131205,32.5,55.4,0,12
E00131206,43.8,35.7,0,20.5
E00131207,54.3,37.2,1.6,7
E00131208,28.7,29.8,27.7,13.8
E00131209,14.4,20.7,42.3,22.5
E00131210,30.8,50,0,19.2
E00131211,69.6,15.2,2.2,13
E00131212,27.4,28.4,1.1,43.2
E00131213,50,45,0,5
E00131214,43,41.7,0,15.2
E00131215,49.4,41.6,0.6,8.4
E00131216,50.8,38,0.8,10.4
E00131217,24.6,42.1,0.9,32.5
E00131218,13,21.8,12.5,52.8
E00131220,39.4,47,1.5,12.1
E00131222,32.9,52.1,0,15
E00131223,54.4,40.4,0,5.3
E00131224,52.9,45.5,1.7,0
E00131225,35.8,41.4,12.3,10.5
E00131226,49.2,50,0,0.8
E00131227,55.9,32.3,0,11.8
E00131228,57.4,37.5,0.7,4.4
E00131230,23.6,40.1,25.3,11
E00131231,72.4,19.4,1,7.1
E00131232,62.5,20.8,1.4,15.3
E00131233,54.1,34.1,3.5,8.2
E00131234,55.8,34.9,0.8,8.5
E00131235,53.8,26.9,11.8,7.6
E00131236,30.3,27.7,35.3,6.7
E00131237,54.8,35.7,8.7,0.8
E00131238,58.4,17.8,4,19.8
E00131239,67.2,27.7,0,5.1
E00131240,36.4,22,14.4,27.3
E00131241,58.3,35.3,0.5,5.9
E00131242,41.6,44,0.8,13.6
E00131243,28.9,21.4,11.9,37.7
E00131244,30,53.5,7.1,9.4
E00131246,22.6,33.9,29.8,13.7
E00131247,37.9,35.3,23.3,3.4
E00131248,6.3,9.5,73.8,10.3
E00131249,58.3,35.8,0,5.8
E00131250,67.7,25.4,0.8,6.2
E00131251,37.5,37.5,10,15
E00131252,37.1,52.4,0,10.5
E00131253,54.1,33.3,3.6,9
E00131254,37.7,49.4,0,13
E00131255,22.3,37.8,7.4,32.4
E00131256,21.2,54.8,5.8,18.3
E00131257,28.7,58.1,2.9,10.3
E00131258,56.5,31.3,4.3,7.8
E00131259,16.9,22,53.4,7.6
E00131260,28.7,46.3,13,12
E00131261,26.5,47,9.4,17.1
E00131307,56.5,29.9,6.1,7.5
E00158945,53.1,35.4,0.7,10.9
E00158946,55.1,21.7,8.7,14.5
E00158947,54.7,28.2,5.1,12
E00158948,50,33.3,3.9,12.7
E00168313,0.7,5,12.9,81.4
E00170659,18.8,18.8,50,12.5
E00170660,33.1,37.3,8.9,20.7
E00170661,48.4,43,1.1,7.5
E00170662,49.4,38.2,2.2,10.1
E00170663,28.7,51.7,3.4,16.1
E00170664,23.1,12.4,46.8,17.7
E00170665,28.8,50,6.8,14.4
E00170666,21.4,49.5,5.2,23.8
E00170668,12.5,55.7,19.3,12.5
E00170669,21.6,53.4,1.7,23.3
E00170670,4.7,56.1,13.1,26.2
E00170671,24.3,46.8,13.5,15.3
E00170672,24.6,43,1.8,30.7
E00170673,38.9,28.4,8.4,24.2
E00170674,44,36.3,2.2,17.6
E00170675,19.8,46.6,28.4,5.2
E00170676,46.5,48.8,0,4.7
E00170683,34.8,45.5,6.1,13.6
E00186843,49.1,21.7,6.6,22.6
E00187339,13.7,50.8,11.3,24.2
E00187340,15.5,67,11.3,6.2
E00187344,14.2,54.6,22,9.2
E00187348,21.1,17.9,52.6,8.4
E00187351,13.9,23.6,8.3,54.2
E00187358,15.3,73.5,5.1,6.1
E00187359,34.8,57.2,0.7,7.2
E00187364,12,71.5,13.3,3.2
E00187367,46.3,25.9,18.5,9.3
E00187369,6.4,46.8,22.5,24.3
E00187375,18.9,46.5,11.3,23.3
E00187377,60.6,30.3,0.6,8.4
E00187381,27.4,61.3,0,11.3
E00187397,70.1,27.4,0,2.6
E00187398,18.9,70.5,6.3,4.2
E00187401,31.1,40.3,16.8,11.7
E00187406,18.9,49,25.2,6.8
E00187408,27.6,21.3,44.1,7.1
E00187410,28.7,43.4,13.1,14.8
E00187414,14.5,46.4,15.5,23.7
E00187428,69.4,29.2,0,1.4
E00187431,6,77.4,2.4,14.3
E00187433,11.8,67.1,1.2,20
E00187442,11.4,73.7,5.7,9.2
E00187443,14.7,64.7,12.6,7.9
E00187449,44.7,47.1,2.4,5.9
E00187450,25.3,50.7,13.1,10.9
E00187452,34.7,52.4,2.4,10.5
E00187469,69.2,25.8,0,5
E00187473,49.5,47.7,0.9,1.8
E00187476,9.6,48.6,22.6,19.2
E00187484,20,31.3,2.7,46
E00187489,22.2,58.7,6.3,12.7
E00187494,64.6,25.7,2.7,7.1
E00187496,44.7,31.6,17.1,6.6
E00187505,12.5,72.5,7.5,7.5