areacd,highest_qualification_6a-000,highest_qualification_6a-001,highest_qualification_6a-002,highest_qualification_6a-003,highest_qualification_6a-004
E00068660,23.1,41.9,5.2,27.1,2.6
E00068662,29.2,37.3,8.8,19,5.8
E00068663,27.6,43.1,4.8,20,4.5
E00068665,28.9,43.9,6.4,19.3,1.4
E00068666,30.6,40.6,6,19.6,3.2
E00068667,28.2,40.4,4.9,22.4,4.1
E00068668,38.7,39.5,5.3,14,2.5
E00068672,39.4,35.1,3.2,14.3,7.9
E00068675,27.7,43.4,3.7,18.8,6.5
E00068678,38.6,36,5.3,18.2,1.9
E00068680,21.1,48,1.6,25.4,3.9
E00068682,31.5,40.3,5.1,20.6,2.5
E00068684,28.6,40.7,4.6,20.7,5.4
E00068688,23.2,36.7,3.5,29.3,7.3
E00068689,25.8,35.9,2.8,26.2,9.3
E00068691,27.6,35.5,9.7,24.9,2.3
E00068693,25.4,41.9,3.8,24.7,4.1
E00068694,31.3,33.5,4.8,25.2,5.2
E00068695,35.1,33.8,7.4,17.2,6.4
E00068696,31.5,39.7,3.9,18.3,6.6
E00068697,31.1,43.1,6.2,15.6,4
E00068699,33.8,43.5,5.9,14.3,2.5
E00068700,27.5,44.5,6.5,16.6,4.9
E00068739,25.3,37.7,4.2,29.8,3.1
E00068740,27.9,38.6,7.4,23.5,2.7
E00068741,26.6,39.6,5,24.3,4.5
E00068743,9.4,34.9,4.2,48,3.5
E00068744,17.1,46.4,4.1,29,3.5
E00068745,21.4,43.2,7.1,24.4,3.8
E00068747,20.1,36.9,5.1,35.4,2.5
E00068748,13,41.7,2.6,39.6,3.1
E00068749,18.2,44.9,3.4,32.2,1.3
E00068750,30,31.5,5.4,28.6,4.4
E00068751,24.7,36.4,7.6,27.5,3.8
E00068752,16.7,46.2,5.2,28.6,3.3
E00068753,21.4,38.3,10.7,26.7,2.9
E00068754,27.1,40,5.3,24.9,2.7
E00068755,24.3,42.6,2.4,25.1,5.6
E00068756,30.6,47.6,5.3,16,0.5
E00068757,27.2,38.5,7.5,21.1,5.6
E00068758,18.5,48.2,2.8,26.5,4
E00068759,22.4,47.4,5.6,21.4,3.1
E00068760,33.4,43.9,4.1,15.4,3.2
E00068761,23.4,34.8,9.5,30.3,2
E00068762,31.3,42.2,5.2,19,2.2
E00068763,25.1,43.5,5,22.6,3.8
E00068764,31.6,40.8,5.1,19.7,2.7
E00068765,39.4,37.9,4.5,15.2,3
E00068766,28.5,42.7,4.9,19.5,4.5
E00068767,28.1,45.7,3.5,19.5,3.1
E00068768,30.9,39.7,2.8,23,3.5
E00068769,25.3,33.2,9.8,27.5,4.2
E00068770,35.7,35.7,1.8,21.9,4.9
E00068771,25.3,50.5,4.4,16.7,3.1
E00068772,26.1,40.3,4,25.7,4
E00068773,22.2,42.9,4.7,25.7,4.7
E00068775,26.4,37.9,8.5,23.8,3.4
E00068776,30.3,41.9,5.1,22.7,0
E00068777,21.9,48.2,5.8,20.8,3.3
E00068778,26.6,44.7,3,18.6,7.2
E00068779,29.2,38.8,5,23.8,3.3
E00068780,24.5,40.1,5.3,26.6,3.5
E00068781,26.7,43.2,1.7,21.6,6.8
E00068782,27,45.5,8,15,4.5
E00069053,23.1,41.4,6.1,25.4,4.1
E00069063,21.4,35,11.5,28.2,3.8
E00069064,23.3,39.5,7.1,25,5.1
E00069065,24.6,40.4,7,24.2,3.9
E00069066,18.9,41,8.3,28.1,3.7
E00069067,16.8,43.8,8.1,23.2,8.1
E00069068,23.8,40.7,9.1,20.8,5.6
E00069069,24.2,35.6,7.1,29.6,3.4
E00069071,24.5,39.5,6.5,25.5,4
E00069072,22.3,34.7,4.7,33.4,4.9
E00069073,20.2,38.8,6.8,29.4,4.7
E00069074,26.3,36.7,7.3,25.6,4.2
E00069075,25.3,40.4,4.1,27.3,2.9
E00069076,24.6,40.4,6.3,23.3,5.4
E00069077,23.2,40.9,7.2,26.2,2.5
E00069246,28.7,34.1,4.6,26.6,6
E00069247,25.9,35.1,3.6,33.1,2.4
E00069248,30,41.3,4.6,18.8,5.4
E00069249,26.8,47.8,5.5,15.1,4.8
E00069251,34.9,36.2,2.8,25.2,0.9
E00069253,36.4,40.9,4.9,12.1,5.7
E00069277,33.2,43.3,2.5,18.4,2.5
E00069278,33.6,39.5,6.3,16.8,3.8
E00069279,32.2,43.1,4.3,16.8,3.6
E00069280,25.8,47,5.1,17.4,4.7
E00069281,31.6,44.9,3.9,16.1,3.5
E00069282,25.9,33.3,6.5,28.7,5.6
E00069283,37.1,34.7,3.9,20.8,3.5
E00069284,32,43.7,3.6,18.9,1.8
E00069285,29,43.1,5.9,17.5,4.5
E00069286,23.4,52.7,7.4,13.8,2.7
E00069287,33.1,36.9,8.4,19.2,2.4
E00069288,30.7,39.1,9.6,15.7,5
E00069289,29.5,49.1,5,12.5,3.9
E00069290,33.3,42.3,6.5,13.9,4
E00069291,39,37.5,6.6,15.4,1.5
E00069295,23.7,51.8,5.3,15.8,3.5
E00069296,30.8,42.7,4.7,19.9,1.9
E00130025,17.6,47.3,6.1,26.4,2.7
E00130026,21.5,39.1,8.6,28.5,2.3
E00130027,24.1,36.5,7.1,32.4,0
E00130029,14.7,42,5.4,35.4,2.4
E00130030,10.6,42,4.2,41.3,1.8
E00130032,11.9,44,5.4,37.2,1.4
E00130033,12.7,46.8,6.8,32.1,1.7
E00130034,19.9,29.2,5.3,42.5,3.1
E00130035,19.7,41.7,9.4,23.8,5.4
E00130036,23.5,44.1,9.8,19.6,2.9
E00130037,17,35.6,5.1,38.7,3.6
E00130038,32.2,33.9,4.8,25.2,3.9
E00130039,20.2,34.2,9.5,35.4,0.8
E00130040,18.2,39,7.2,33.1,2.5
E00130056,20.3,37.2,7.9,34.1,0.3
E00130057,24.1,36,7.3,29.5,3.1
E00130059,18.8,32.6,5.4,41.6,1.5
E00130060,25.9,42.6,7.4,20.9,3.2
E00130062,29.8,40.5,8.3,19.5,2
E00130065,11.9,40.9,7,38.1,2.1
E00130066,10.9,39.8,5.5,39.8,4
E00130067,13.7,38,12.9,31,4.3
E00130068,20.1,33.5,7.1,35.7,3.6
E00130069,15.1,37.3,8.6,37,2.1
E00130070,13.9,40.9,10.2,31.4,3.6
E00130256,26.3,46,4.5,21.4,1.8
E00130257,13,45.9,11.3,26.7,3.1
E00130258,23.9,44.3,6.6,23.6,1.6
E00130259,18.2,35.3,6.2,38.7,1.6
E00130260,18.3,42.2,8.3,29.6,1.7
E00130261,30.6,39.7,7.7,19.1,2.9
E00130262,24.5,44.5,7.5,23.5,0
E00130263,16.3,38.4,7.7,34.8,2.8
E00130264,26.8,37.3,9.4,24.4,2.1
E00130268,27.6,40.7,8.6,20.8,2.3
E00130269,19.2,40.4,7.5,29.8,3
E00130270,16.6,42.2,5.8,30,5.4
E00130272,17.9,43.9,5.3,31.3,1.5
E00130273,22.8,46.7,7.7,18.8,4
E00130274,23.1,41.8,4.4,27.1,3.6
E00130341,11.2,32.1,7,46.5,3.3
E00130589,15.8,42.1,11.7,27.5,2.9
E00130590,10.3,39.3,7.9,40.9,1.7
E00130592,13.9,42,9.4,32.7,2
E00130593,9.2,40.3,7,42.1,1.5
E00130594,13.9,34.3,7.4,42.2,2.2
E00131145,16,38.8,8.7,33.8,2.7
E00131147,15.5,34.9,5.3,41.8,2.6
E00131148,10.7,50.4,5.5,31.6,1.8
E00131150,10.9,39.3,4,44.4,1.5
E00131156,13.1,44.5,7.6,32.2,2.6
E00131157,15,40.7,11,31.7,1.6
E00131158,18.3,39.7,4.7,33.9,3.5
E00131159,16,42.4,5.8,32.5,3.3
E00131161,19.4,35.3,6.1,36,3.2
E00131162,13.3,43.3,5.9,33.3,4.1
E00131163,9.1,38.7,4.9,44.4,2.9
E00131164,13.7,48.7,7.7,27.4,2.6
E00131165,9.7,48.4,6.2,34.4,1.3
E00165830,37.5,38.2,4.1,16.9,3.4
E00165831,30.2,32.8,6.9,25.6,4.6
E00169469,22.4,38.8,7.3,24.9,6.5
E00169474,17.8,40.1,1.4,38.7,2.1
E00169537,18.8,36.5,4.6,32.7,7.3
E00169539,23.5,28.4,1.8,43.7,2.6
E00169541,13.3,29.4,2.5,53.3,1.5
E00169542,9.6,34,6,47.6,2.8
E00169544,11,30.2,3.1,54.1,1.6
E00169548,28.8,32.6,6.8,31.8,0
E00169569,15.2,28.6,2.5,50.2,3.5
E00170681,12.5,41.8,9.8,33.2,2.7
E00170682,5.2,47.2,3.2,41.1,3.2
E00173345,15.2,45.6,7.8,30,1.4
E00173347,17.1,46.2,10.5,23.8,2.4
E00178479,9.6,33.8,1,53.5,2
E00178508,22,39.5,4,30.5,4
E00178524,16.1,32.2,5,39.7,6.9
E00178539,19.2,40.4,6.7,32.2,1.6
E00178544,10.7,36.1,4.4,46.6,2.1
E00178550,12.2,42.3,12.2,30.1,3.3
E00178577,5.4,46.7,6,40.7,1.2
E00178588,35.2,39.6,4.4,19.4,1.3
E00178589,27.3,44.2,7.4,19,2.1
E00178617,21.3,41,6.6,27.7,3.3
E00178629,23.2,37.4,5.1,29.3,5.1
E00187372,17.8,38.5,9.5,31.4,3
E00187376,16,41.8,7.7,29.9,4.6
E00187412,9.8,40,3.8,44.4,1.9
E00187440,10.8,39,5.6,43,1.6