areacd,hours_per_week_worked-001,hours_per_week_worked-002,hours_per_week_worked-003,hours_per_week_worked-004
E00025651,1.9,25,70.6,2.5
E00025654,13.2,17,62.3,7.5
E00025727,7.2,28.9,57.8,6
E00025730,18.6,24.6,54.2,2.5
E00025756,3.4,21.5,67.8,7.4
E00025758,6.7,23.3,61.3,8.7
E00025759,10.3,29.4,60.3,0
E00026788,11.6,28.1,54.5,5.8
E00026789,11.6,14.4,69.9,4.1
E00026790,10.7,17.6,66,5.7
E00026791,11.1,15.7,68.5,4.6
E00026792,16.5,18.6,58.8,6.2
E00026793,13,26.8,53.7,6.5
E00026795,8.7,28,57.3,6
E00026796,10.1,20.2,65.1,4.7
E00026797,9.7,23.6,59,7.6
E00026798,9.8,17.9,65.9,6.5
E00026799,10.2,22,67.8,0
E00026800,6.3,17.1,70.9,5.7
E00026801,8.9,17.1,63.9,10.1
E00026802,3.5,14.6,74.9,7
E00026803,8.2,21.9,64.4,5.5
E00026804,5.7,17.7,65.2,11.3
E00026812,13,26,52.7,8.4
E00026818,14,16.9,60.3,8.8
E00026819,15.2,18.8,60.7,5.4
E00026906,13,23.6,56.1,7.3
E00026907,4.4,24.6,60.5,10.5
E00026909,9.5,17.2,67.2,6
E00026910,11.8,24.8,56.9,6.5
E00026912,14.6,25.4,56.9,3.1
E00026913,9.7,29,55.9,5.4
E00026914,13.8,17.4,62.3,6.5
E00026915,8,33,53.6,5.4
E00026916,14.4,14.4,66.3,5
E00026917,9.3,25.2,59.6,6
E00026918,7.8,24.5,62.7,4.9
E00026919,16.2,22.5,56.8,4.5
E00026920,11.9,19.5,60.4,8.2
E00026921,10.5,22.2,63.7,3.5
E00026922,7.6,28.3,55.9,8.3
E00026923,8.5,24.6,61.9,5.1
E00026924,9.1,25.6,62,3.3
E00026925,9,22.6,68.4,0
E00026926,12.8,23.7,55.8,7.7
E00026927,7.8,25,58.6,8.6
E00026928,5.5,28.3,60.6,5.5
E00026929,5.9,20.6,67.6,5.9
E00026930,12.1,22.9,56.4,8.6
E00026931,11.9,26.3,54.2,7.6
E00026932,8.1,20.6,66.9,4.4
E00026934,11.2,25.9,58.6,4.3
E00026935,10.8,24.7,58.2,6.3
E00026936,6.6,22.1,66.4,4.9
E00026937,6.2,19.3,65.9,8.6
E00026938,5.5,19.1,70.9,4.5
E00026939,11.2,20.1,56.2,12.4
E00026940,12.6,30.1,51.7,5.6
E00026941,13.6,21.2,64.4,0.8
E00026942,9.1,24.4,64.6,1.8
E00026943,6.9,26.4,62.5,4.2
E00029219,13.5,21.3,55.3,9.9
E00029220,15.7,17.1,55,12.1
E00029258,14.7,22.4,54.3,8.6
E00029266,8.5,25.4,56.8,9.3
E00029268,12.7,16.7,61.9,8.7
E00029276,11.3,23.2,57.1,8.5
E00029278,6.2,18.5,71.2,4.1
E00029279,12.2,15.9,62.4,9.5
E00029280,5.1,19.9,58.8,16.2
E00029282,12.6,18.9,65.3,3.2
E00029307,9.1,22.2,60.2,8.5
E00029316,10.8,18.6,52.9,17.6
E00029320,10,17.9,57.9,14.3
E00029335,11.2,18.2,60.1,10.5
E00029338,13.3,25,51.7,10
E00029341,10.1,19.1,60.1,10.6
E00029343,6.8,27.1,61,5.1
E00029344,10.5,20.1,59.8,9.6
E00029347,12,22.8,60.8,4.4
E00029350,11.5,17,57,14.5
E00029353,10.3,18.6,53.8,17.2
E00029591,13.2,23.6,50,13.2
E00029592,7.5,21.7,61.7,9.2
E00029593,10.1,20.2,61.9,7.7
E00029594,6.5,20.1,63.9,9.5
E00029595,12.9,18.7,63.3,5
E00029596,6.8,18.2,65.2,9.8
E00029597,10.7,23.3,54.7,11.3
E00029598,14.4,25.5,56.2,3.9
E00029599,7.1,21.2,66,5.8
E00029600,8.1,26.7,57.6,7.6
E00029601,6.9,21.4,65.5,6.2
E00029602,12.9,25.8,57,4.3
E00029603,15,19.7,56.5,8.8
E00029605,0,27,64,9
E00029606,9.5,20.7,64.7,5.2
E00029607,7.1,17.2,65.7,10.1
E00029608,12.3,19.6,60.9,7.2
E00029609,9.3,16,66.7,8
E00029610,9.1,23.2,65.7,2
E00029611,9.9,17.4,64,8.7
E00029612,11.6,19.7,58.4,10.4
E00029613,9.9,19.8,56.8,13.6
E00029614,12.3,19.5,59.7,8.4
E00029615,9.3,21.3,62.7,6.7
E00029616,14.6,18.4,60.2,6.8
E00029617,13.2,22.5,60.3,4
E00029618,9.3,20,60.7,10
E00029619,8.6,25.9,61.2,4.3
E00029620,12.5,22.8,56.6,8.1
E00029621,14.3,17.1,58.6,10
E00029622,4.5,27.3,59.1,9.1
E00029623,17.7,21.8,52.4,8.2
E00029624,11.7,16.8,63.1,8.4
E00029625,12.1,24.1,58,5.7
E00029626,9.3,19.1,59.3,12.3
E00029627,12.2,22.1,56.9,8.8
E00029628,15.6,21.1,55.1,8.2
E00029629,6.5,16.7,68.8,8
E00029630,9.1,20.7,62.8,7.4
E00093765,8.6,14.3,66.3,10.9
E00093766,8.7,20.9,61.7,8.7
E00093767,6.9,20.8,61.6,10.7
E00093768,13.7,16.8,52.2,17.4
E00093769,10.3,16.9,54.8,18
E00093770,8.3,14.9,61.3,15.5
E00093771,14.8,13.6,61.1,10.5
E00093773,5.2,15.5,64.9,14.4
E00093774,9.9,14.9,71.4,3.7
E00093775,8.8,11.9,67.3,11.9
E00093776,8.5,16.1,63.3,12.1
E00093778,6.9,19,64.4,9.8
E00093781,13.2,21.4,51.1,14.3
E00093782,9.9,19.7,55.6,14.8
E00093823,10.6,16.8,68.9,3.7
E00093824,9.6,17.8,63,9.6
E00093825,7.8,24.3,55.3,12.6
E00093826,5.2,21.6,61.2,12.1
E00093827,11.4,20,57.1,11.4
E00093828,8.6,20.7,59.3,11.4
E00093829,11.8,14.6,67.4,6.3
E00093830,8.1,18.8,57.7,15.4
E00093831,11.3,24.3,54.8,9.6
E00093832,9.6,26.4,57.6,6.4
E00093834,12.6,25.9,57,4.4
E00093835,14.3,26.3,51.9,7.5
E00093836,4.7,16.8,68.2,10.3
E00093837,12,19.7,63.4,4.9
E00093838,9.3,17.9,60.5,12.3
E00093839,10.1,27.3,54,8.6
E00093840,9.2,17.2,63.2,10.4
E00093841,11.5,20.8,60.8,6.9
E00093842,7.4,23.7,63.2,5.8
E00093843,18.3,12.7,63.4,5.6
E00093844,10,23.1,57.7,9.2
E00093845,10.3,16.4,63.6,9.7
E00093846,12.8,20.2,56.9,10.1
E00093847,8.2,16.4,65.8,9.6
E00093848,10.5,16.3,60.5,12.8
E00093849,10.6,17.1,65.3,7.1
E00093850,13.4,24.8,46.5,15.3
E00093851,11.9,15.4,60.8,11.9
E00093852,10.6,23.2,53.6,12.6
E00093885,17.7,16.2,48.5,17.7
E00093886,12.4,15.1,57,15.6
E00093933,8,14.9,64,13.1
E00093934,15.8,17.6,51.5,15.2
E00093935,6.1,22.3,62.2,9.5
E00093936,12.6,20.3,60.1,7
E00093937,4.7,18.9,65.1,11.2
E00093938,13.2,15.3,60.4,11.1
E00093939,11.7,22.7,57.1,8.6
E00093940,11.6,27.9,52.9,7.6
E00093941,10.2,21.3,56.7,11.8
E00093942,11.8,23.5,52.9,11.8
E00094139,17.4,12.1,53.7,16.8
E00094141,10.6,14.6,56.9,17.9
E00094142,19,10.9,51.1,19
E00094143,12.4,18.3,52.7,16.6
E00094150,16.9,19.7,47.2,16.2
E00174341,7.2,11.7,74.8,6.3
E00174342,6.8,14.9,66.2,12.2
E00174371,11.7,22.8,54.9,10.5
E00174372,9.4,23.4,59.4,7.8
E00174403,6.6,14.5,68.4,10.5
E00175901,8.8,8.1,76.5,6.6
E00175902,12.3,23.9,59.4,4.5
E00175977,6.9,15.4,70,7.7
E00175981,8.9,26,56.2,8.9
E00175982,3.6,13.8,68.1,14.5
E00177718,10.8,21.6,54.1,13.5
E00177750,10,18.1,59.5,12.3
E00180784,10.4,23.1,50.7,15.7
E00180808,6.1,14.2,69.8,9.9
E00180894,8.5,14.1,71.8,5.6