areacd,residence_length_6b-001,residence_length_6b-002,residence_length_6b-003,residence_length_6b-004,residence_length_6b-005
E00054534,97.2,1.2,0.9,0.3,0.3
E00056843,85.8,9.5,2.4,0.6,1.8
E00056845,90.3,4.4,3.8,1.6,0
E00056846,62.7,16.5,7.9,8.1,4.7
E00056847,80.1,8,5.4,3.7,2.8
E00056848,80,15.1,2,1.6,1.3
E00056878,80.5,11.9,2.5,3.5,1.6
E00056879,74.3,5.3,13.1,4.9,2.4
E00056880,78.4,9.5,5.2,2.6,4.3
E00056881,83.9,12.1,2.7,0.9,0.4
E00056882,75.1,7,10.4,3.9,3.6
E00056883,71.3,12.8,6.4,7.9,1.5
E00056884,74.7,9.9,5.4,4.2,5.8
E00056885,66.1,12.7,9,8.4,3.7
E00056886,63,20.8,9.2,6.4,0.6
E00056887,89.6,7.3,1,1,1
E00056888,80.3,12,3.3,2.2,2.2
E00056889,58.5,13.6,12,8.4,7.5
E00056890,88.2,8,2.4,1,0.3
E00056891,79.1,15.3,3.6,0,2
E00056893,69.3,8.7,11.4,4.5,6.1
E00056894,62.2,19.6,7,8.2,3
E00056895,77.3,9.4,4.7,3.5,5.1
E00056898,48.5,14.2,9.2,23.1,5
E00056899,60.5,16.6,6.3,10.3,6.3
E00056900,61,18.6,7.2,5.1,8.1
E00056901,60.2,16.5,10.4,8,4.8
E00056902,57.6,13.2,3.4,11,14.9
E00056903,60.2,13.1,6.4,12.9,7.4
E00056992,77.4,13,3.5,4.5,1.6
E00057000,74.1,11.4,8.7,3,2.7
E00057030,53.2,23.2,18.7,3.2,1.8
E00057033,64.9,22.7,8,2.7,1.8
E00057042,75.4,13.5,6.4,2.3,2.3
E00057045,81.6,10.4,4.5,1.4,2.1
E00057315,73.2,5.7,7.2,6.7,7.2
E00057316,86.2,2.9,3.8,5.9,1.3
E00058043,93.8,4,1.2,0.9,0
E00058044,99,0.3,0,0,0.7
E00058045,94.8,2.6,2.1,0.4,0
E00058048,91.7,7,1,0,0.3
E00058049,97.3,1.6,0.8,0,0.4
E00058050,93.9,4.2,0,1.5,0.3
E00058051,97.4,1.5,0,1.1,0
E00058052,98.6,1.4,0,0,0
E00058053,94.8,4.2,1,0,0
E00058054,94.2,1.9,2.7,1.2,0
E00058055,97.6,2.1,0.3,0,0
E00058057,94.8,3.8,1.2,0,0.2
E00058058,98.9,1.1,0,0,0
E00058059,96.4,2.1,0.6,0.6,0.2
E00058060,96.1,2.3,0.3,0,1.3
E00058061,95.7,3.9,0.4,0,0
E00058062,98,2,0,0,0
E00058063,93.2,5.3,0.4,0.4,0.8
E00058064,97.8,1.4,0.7,0,0
E00058065,98,1.4,0.7,0,0
E00058066,94.7,3.7,1,0.7,0
E00058067,95.5,3.5,0.6,0.3,0
E00058068,98.6,1.1,0,0.4,0
E00058069,95.7,4.3,0,0,0
E00058070,97.5,2.5,0,0,0
E00058071,93.9,2.9,0.4,2.2,0.7
E00058072,93.5,2.8,2.2,0.3,1.2
E00058073,96.8,2.8,0.4,0,0
E00058074,98.2,1.4,0.4,0,0
E00058075,96.1,2.8,0.6,0.6,0
E00058076,95.1,4.6,0.3,0,0
E00058077,98.3,1,0.3,0.3,0
E00058078,94.8,3,1.7,0.5,0
E00058079,89.8,7.6,1.6,0.6,0.3
E00058080,93.4,4.4,2.2,0,0
E00058081,93,3.5,3.5,0,0
E00058082,91.7,5.5,0.9,0.2,1.6
E00058094,91.3,5.3,2.3,0.7,0.3
E00058095,94.4,3,0.7,1.3,0.7
E00058096,91,5.3,1.2,1.9,0.6
E00058097,94.2,2.5,2.5,0.4,0.4
E00058098,89.6,3.5,2.8,1.6,2.5
E00058099,92.8,4.7,0.9,0,1.6
E00058100,94.6,2.5,1.4,0.4,1.1
E00058101,89.2,6.9,2.8,1.1,0
E00058102,92,4.3,1.2,1.2,1.2
E00058103,96.3,3,0.7,0,0
E00058104,88.6,7.8,2.6,0,1
E00058105,92.1,5.4,1.9,0.3,0.3
E00058106,90.1,6.6,1.5,1.5,0.4
E00058107,88.2,10.6,0.3,0.6,0.3
E00058108,92.5,1.9,3.4,1.1,1.1
E00058109,93.2,3.2,1.6,0.8,1.2
E00058110,96.5,3.1,0,0.3,0
E00058111,85.3,6,2.9,5.3,0.5
E00058112,93.2,4.5,0.8,1.1,0.3
E00058113,93.1,2.8,1.6,2.4,0
E00058114,94.6,3.1,0.9,0,1.3
E00058115,93.9,3.4,1,0.8,0.8
E00058116,92.6,2.3,0.9,0.5,3.7
E00058117,94.1,5.9,0,0,0
E00058118,96.2,2.1,1,0.7,0
E00058119,93.1,5,0.5,0.5,0.9
E00058120,94,3,0.7,1.3,1
E00058122,98.7,1.3,0,0,0
E00058123,93.1,3.8,1.9,1.2,0
E00058124,88.2,8.2,2.9,0.6,0
E00058125,92.8,6.5,0.4,0,0.4
E00058436,91.6,5.6,1.6,0.8,0.4
E00058437,96.6,1.5,1.5,0,0.5
E00058439,90.8,3.8,2.7,0.8,1.9
E00058465,97.3,2.1,0.3,0.3,0
E00058466,94.7,4,0,0,1.2
E00058467,93.1,5.2,1.4,0,0.3
E00058468,97.7,1.1,0,0.6,0.6
E00058469,94.3,4.6,0.6,0,0.6
E00058470,92.5,4,1.9,0.8,0.8
E00058474,93.8,4.1,0.9,1.2,0
E00058475,93.5,2.4,0.9,3,0.3
E00058477,92.9,5.1,0.8,0,1.1
E00058478,93.9,4.4,1.5,0,0.2
E00058482,92.9,6.3,0,0,0.9
E00058485,96,2.7,1,0,0.3
E00058488,97.9,1.8,0,0,0.3
E00058489,95.4,3.3,0,1,0.3
E00058490,91.3,4.5,1.4,0,2.8
E00058492,91.6,4.6,1.1,1.4,1.4
E00058493,92.1,3.2,0,0,4.7
E00058495,93.7,3.1,0.9,2.2,0
E00058496,96.7,2.7,0.7,0,0
E00058501,91.9,5.1,2.4,0.3,0.3
E00058503,95.9,4.1,0,0,0
E00058504,95.2,3,0.6,0,1.2
E00058505,92.5,6.1,0.3,0.3,0.7
E00058506,95.7,4,0,0.3,0
E00058507,95.5,3.2,1,0,0.3
E00058508,91.5,2.7,0.4,3.8,1.5
E00058515,95.7,2.3,0.8,1.2,0
E00058516,92.2,1,1.6,0.5,4.7
E00058518,90.5,3.8,4.1,0.3,1.2
E00058519,90,6.6,1.7,0,1.7
E00058520,92.9,5.4,0.4,0,1.2
E00058521,94,2.6,0.8,0.8,1.9
E00058522,87.2,6.4,1.9,3,1.5
E00058523,95.1,4.1,0,0,0.7
E00058526,92.6,6.1,0.3,1,0
E00058527,94.4,5.3,0,0,0.3
E00058529,95.1,2.6,0,1.5,0.7
E00058530,96.6,2.8,0.6,0,0
E00058533,92.1,3.3,1.3,1.7,1.7
E00058534,92,5.6,0.8,1.2,0.4
E00058535,95.4,4.3,0,0,0.3
E00058536,94.9,4.3,0,0.8,0
E00058538,97.8,2.2,0,0,0
E00059106,96.5,3.2,0.3,0,0
E00059107,94.7,3.4,1.2,0.6,0
E00059108,91,7.2,0,0.7,1
E00059109,80.3,12.2,4.8,2.7,0
E00059110,68,12.7,6.7,7.7,4.9
E00059111,93.2,5.3,0.6,0.3,0.6
E00059112,83.6,11.1,1.2,4,0
E00059113,88.8,8.6,1.6,0.3,0.6
E00059114,91.1,7.3,0.8,0.8,0
E00059115,92.9,5.3,1.5,0.4,0
E00059116,95.7,4.3,0,0,0
E00059117,89.9,5.8,2.5,0.7,1.1
E00059118,83.2,7.6,4.3,1.6,3.3
E00059119,88,9.5,1.8,0.7,0
E00059120,89.1,5.9,2.5,0.3,2.2
E00059121,94.5,4.5,0.3,0.7,0
E00059122,89.5,5.1,1,1.4,3.1
E00059123,92.4,2.6,2,3,0
E00059124,90.8,6.2,1.8,0.9,0.2
E00059125,76.5,9.6,3.9,3.7,6.3
E00059126,90.6,7.5,0,1.5,0.4
E00059127,87.4,7.3,4.4,0.5,0.5
E00059128,88.5,8.1,2,0.7,0.7
E00059129,88.8,7,2.2,1.2,0.7
E00059130,80.5,10.9,5.1,3.1,0.4
E00059131,92.9,2.5,2.5,2.1,0
E00059132,88.7,11.3,0,0,0
E00059133,94.2,4.4,1.5,0,0
E00059134,85.9,8.8,1.9,1.9,1.6
E00059135,91,6.7,1.9,0.4,0
E00059136,95.6,3.5,0.4,0.4,0
E00059137,92.2,3.4,1.6,2.2,0.6
E00059138,83.3,5.7,4.6,5.7,0.8
E00059139,88.6,5.6,2.9,1.5,1.5
E00059140,90.3,6,1.1,1.5,1.1
E00059141,89.7,4.7,4.4,0.9,0.3
E00059142,95.9,2.5,1.6,0,0
E00059143,97.6,2,0.4,0,0
E00059144,92.3,2.2,2.9,2.6,0
E00059146,88.9,6.9,1.9,1.9,0.4
E00059147,89.6,5.7,1.3,3,0.4
E00059148,94.7,4.1,0.8,0,0.4
E00059149,90.2,4.9,2.8,2.1,0
E00059150,90.8,5.4,1.9,1.1,0.8
E00059151,94.2,2.6,2.2,0.4,0.7
E00059152,97,2.3,0.7,0,0
E00059153,94.3,5,0.7,0,0
E00059154,94.6,5.4,0,0,0
E00059155,87.4,8.2,3.5,0.9,0
E00059156,89.5,4.3,2.5,1.8,1.8
E00059157,93.4,3.7,0,0,2.9
E00059158,90.3,3.1,0.9,2.2,3.5
E00059159,91.9,4.1,1.6,2.4,0
E00059160,90.6,8.2,0.7,0,0.4
E00059161,87.3,7.4,2.9,1.4,1
E00059163,90.3,7,1,0.3,1.3
E00059164,95.2,3.4,0,1.4,0
E00059165,96,2.2,0.4,1.1,0.4
E00059166,95.4,3.5,0.7,0.4,0
E00059167,97.1,1.7,1.3,0,0
E00059168,96.4,2.8,0.8,0,0
E00059169,98.3,1.3,0.4,0,0
E00059170,96.1,3.4,0.5,0,0
E00059171,92.5,5.6,0.3,0.9,0.6
E00059174,93.8,5.2,0,0.7,0.3
E00059175,93,4.9,1.6,0,0.4
E00059176,83.8,10.4,4.1,1.1,0.5
E00059177,92.9,4.2,2.2,0.6,0
E00059178,89.7,8.7,1,0.3,0.3
E00059179,84.2,8.8,5.8,0,1.2
E00059180,92.4,6.5,0,1.1,0
E00059181,74.2,5.3,5.3,11.9,3.3
E00059182,76.5,4.6,10.1,4,4.9
E00059183,84.7,9.8,2.9,1.5,1.1
E00059184,75,14.7,4,2.9,3.3
E00059185,94.3,3.6,1.4,0.7,0
E00059186,87,8.5,2.4,0.3,1.8
E00059187,86.3,7.9,2.9,2.2,0.7
E00059188,83.7,9.2,5.1,1,1
E00165688,94.4,4.6,0,0,1
E00165689,86.2,10.7,0,3.1,0
E00165694,83.7,12,2.1,1.6,0.5
E00169749,92.9,5.7,1,0,0.3
E00169750,90.9,4.9,0.7,2.8,0.7
E00169753,68.8,4.5,17.4,5.8,3.5
E00169754,72.4,8.9,11,5.3,2.4
E00170435,94.1,3.3,1.7,0.9,0
E00170436,84.9,8.5,2.3,1.2,3.1
E00170438,92.8,5.1,1.5,0,0.5
E00170439,79.5,13.9,3.2,1.7,1.7
E00170441,78.2,11.3,5.3,1.9,3.4
E00170443,86.6,7.1,3.3,3,0
E00170444,88,8.1,2.7,0.9,0.3
E00170449,77.2,9.9,2.5,5.4,5
E00170450,85.1,7.1,3.1,2,2.7
E00170598,92.5,4.6,0.4,2.1,0.4
E00170618,81.3,12.7,1.5,3,1.5
E00170623,92,6,0.7,0,1.3
E00187041,93.5,3.5,2.5,0,0.5
E00187084,95.6,3.1,1.3,0,0
E00187108,71.5,7.8,7.3,12.4,1
E00187116,97.5,1.3,0,0.6,0.6