geography_code,workplace_travel_4a-001,workplace_travel_4a-002,workplace_travel_4a-003,workplace_travel_4a-004
E00087279,37.6,9.4,31.8,21.2
E00087280,27.7,9.8,39.3,23.1
E00087281,46.4,8.2,28.2,17.3
E00087282,58.1,8.8,16.9,16.2
E00087283,51.4,6.7,21,21
E00087284,56.8,7.2,16,20
E00087285,45.7,12.1,21.6,20.7
E00087286,57,9.1,17.6,16.4
E00087287,51.8,17.5,13.2,17.5
E00087288,50.3,7.1,20,22.6
E00087289,21.7,13.3,46.7,18.3
E00087290,17.3,26.5,37.8,18.4
E00087291,18.1,25,40.3,16.7
E00087292,20,20,43.3,16.7
E00087293,23.7,30.9,27.8,17.5
E00087294,16,30,38,16
E00087295,13.6,30.5,44.1,11.9
E00087296,25.4,16.9,40.8,16.9
E00087297,32.8,37.7,19.7,9.8
E00087298,24.2,27.3,34.8,13.6
E00087299,18.6,23.3,46.5,11.6
E00087300,29.7,27.7,23.8,18.8
E00087301,31.1,26.4,24.5,17.9
E00087302,28.7,29.9,24.1,17.2
E00087303,28.2,23.7,29,19.1
E00087304,36.5,7.9,34.9,20.6
E00087305,39.3,6.5,40.2,14
E00087306,29.7,13.3,42.2,14.8
E00087307,35.3,8.6,33.8,22.3
E00087308,59,10.8,11.4,18.7
E00087309,59.2,7.2,20.8,12.8
E00087310,62.1,9.5,14.7,13.8
E00087311,49.6,8.8,26.5,15
E00087312,58.9,7.4,17.9,15.8
E00087313,52.8,0,29.2,18
E00087314,48.2,2.4,25.3,24.1
E00087315,26,19.5,29.3,25.2
E00087316,24.3,36.4,20.6,18.7
E00087317,37.1,18.5,26.6,17.7
E00087318,33.6,29.5,16.4,20.5
E00087319,23.7,21.9,34.2,20.2
E00087320,26.3,25.3,23.2,25.3
E00087321,31.6,30.6,19.4,18.4
E00087322,28.8,17.8,36.4,16.9
E00087323,23.2,24,35.2,17.6
E00087324,33.7,17.3,31.6,17.3
E00087325,31.7,24.4,28,15.9
E00087326,26.9,29.9,28.4,14.9
E00087328,25.8,36.3,21,16.9
E00087330,20.8,35.4,31.3,12.5
E00087331,22,39,22,17.1
E00087332,25.8,29.2,34.8,10.1
E00087333,31,16.3,34.1,18.6
E00087334,25.6,12,36.1,26.3
E00087335,43.4,12.4,29.5,14.7
E00087336,58.5,18.2,12.5,10.8
E00087337,55.9,13.8,17.8,12.5
E00087338,48.4,14.8,15.6,21.1
E00087339,54.4,9.6,25.7,10.3
E00087340,51.6,12.1,25,11.3
E00087343,59.1,12.9,13.6,14.4
E00087344,25,18.5,33.1,23.4
E00087345,53.7,9.1,12.2,25
E00087346,57.2,16.4,9.4,17
E00087347,49.4,19.8,11.7,19.1
E00087348,48.1,14.3,20.3,17.3
E00087349,43.6,17.4,21.5,17.4
E00087350,48.1,14.7,22.4,14.7
E00087351,46.5,11.6,20.3,21.5
E00087352,39.7,12.8,32.6,14.9
E00087353,50.4,10.2,21.2,18.2
E00087354,43.9,8.6,29.5,18
E00087355,36.5,16.3,25.1,22.2
E00087356,33.5,17.4,34.8,14.3
E00087357,35.1,17.5,33.3,14
E00087358,47.2,12.4,25.5,14.9
E00087359,27.7,17.6,42.9,11.8
E00087360,27,23.5,28.6,20.9
E00087361,11.3,34.9,27.4,26.4
E00087362,22.6,34,12.3,31.1
E00087363,18.5,20.2,37,24.4
E00087364,17.5,35,23.8,23.8
E00087365,15.4,28.5,33.3,22.8
E00087366,19.6,34.6,24.3,21.5
E00087367,14.9,37.6,30.5,17
E00087368,17.4,30.3,28.4,23.9
E00087369,13.4,31.1,37.8,17.6
E00087421,54.1,9,18,18.8
E00087422,35.9,15.9,30.8,17.4
E00087423,50.4,12.1,22,15.6
E00087424,58,9.3,13.2,19.5
E00087425,60.8,11.1,9.2,19
E00087426,63.7,12.4,8,15.9
E00087427,53.5,5.1,27.4,14
E00087428,53.6,6,28.6,11.9
E00087429,56.8,6.5,20.6,16.1
E00087456,41.3,24.8,15.6,18.3
E00087457,46.4,24.1,15.2,14.3
E00087458,26.4,25.3,25.3,23.1
E00087459,40.4,22.3,12.8,24.5
E00087460,43.9,21.5,8.4,26.2
E00087461,27.7,32.1,20.5,19.6
E00087462,37.4,28.2,16.1,18.4
E00087463,36.2,21.7,16.7,25.4
E00087464,35.3,21.2,26.9,16.7
E00087465,31.7,32.9,18.3,17.1
E00087466,36.5,18.9,27,17.6
E00087467,43.3,28.3,20,8.3
E00087468,31.1,33.8,17.6,17.6
E00087469,48.5,24.2,12.1,15.2
E00087470,29.3,37.9,13.8,19
E00087471,34.7,32.7,12,20.7
E00087472,50,30.8,5.8,13.5
E00087473,33.1,24.6,19.2,23.1
E00087474,45.2,9.7,22.6,22.6
E00087475,47.9,20.5,8.5,23.1
E00087476,40.5,11.6,38.1,9.8
E00087477,53.3,14.1,8.9,23.7
E00087478,55.3,14.9,23.4,6.4
E00087479,50,15.3,23.5,11.2
E00087480,57.5,19.2,11.6,11.6
E00087481,52,14,16,18
E00087482,51.6,7,25.5,15.9
E00087483,47.2,7.8,31.7,13.3
E00087484,36.8,8.5,37.7,17
E00087485,41.6,14.9,30.7,12.9
E00087486,45,13,21,21
E00087487,51.2,17.4,15.1,16.3
E00087488,59.8,3.8,19.7,16.7
E00087489,34.4,14.5,32.8,18.3
E00087490,31,10.1,29.5,29.5
E00087491,37.1,10.3,29.9,22.7
E00087492,56.8,9.5,18.9,14.9
E00087493,65.1,9,11.6,14.3
E00087494,56.9,13.8,9.6,19.7
E00087495,66.7,7.9,5.3,20.2
E00087496,54.8,16.7,11.9,16.7
E00087497,60.8,12.2,10.8,16.2
E00087498,47.2,18.3,19.7,14.8
E00087499,59.3,11.6,15.1,14
E00087500,57.7,18.3,11.3,12.7
E00087501,66.5,10.5,11,12
E00087502,60,10.4,17.6,12
E00087503,59.7,13.4,18.5,8.4
E00087504,58.8,11.8,11.8,17.6
E00087505,61.3,10.5,14.5,13.7
E00087506,57.4,10.8,16.2,15.5
E00087507,47.8,16.9,18,17.4
E00087508,61.5,12.3,11.5,14.6
E00087509,64.4,11.7,14.1,9.8
E00087510,49.4,18.5,12.3,19.8
E00087511,55.3,14.4,20.5,9.8
E00087519,46.9,7.6,29.7,15.9
E00087521,52.4,11.9,23.8,11.9
E00087526,58.5,10,11.5,20
E00087527,71.9,9.4,6.3,12.5
E00087528,70.1,4.8,10.9,14.3
E00087530,66.4,10.3,6.9,16.4
E00087531,65.4,8.7,10.2,15.7
E00087532,63.8,7.9,11.8,16.4
E00087534,50,12.8,16.7,20.5
E00087535,58.5,9.3,11.5,20.8
E00087537,54.2,10.7,17.5,17.5
E00087538,52.8,12.3,20.9,14.1
E00087539,52.2,13.2,16.9,17.6
E00087541,56.8,14.8,17.9,10.5
E00087543,61.1,11.8,10.3,16.7
E00087544,49.5,14.3,17.1,19
E00087545,33.8,37.4,13.7,15.1
E00087546,29.8,22.1,23.1,25
E00087547,37.9,25.3,22.1,14.7
E00087548,31.1,20.4,31.1,17.5
E00087549,47.7,24.3,20.7,7.2
E00087550,41,15.7,28.9,14.5
E00087551,51.9,15.3,15.3,17.5
E00087552,32.4,21.9,33.3,12.4
E00087553,43.6,24.5,17,14.9
E00087554,41.8,22.4,16.4,19.4
E00087555,31.9,26.4,25.3,16.5
E00087556,50.8,20.3,16.1,12.7
E00087557,46.2,11,27.5,15.4
E00087558,34.5,7.1,48.8,9.5
E00087559,40.8,25,21.1,13.2
E00087560,49.5,9.9,29.7,11
E00087561,46.1,12.1,30.5,11.3
E00087562,54,11.5,22.1,12.4
E00087563,47.2,23.6,15.4,13.8
E00087564,49.7,11.6,28.4,10.3
E00087565,45.2,11.9,31,11.9
E00087566,58.3,3.9,21.3,16.5
E00087567,52.9,18.2,17.1,11.8
E00087568,46.9,14.2,21,17.9
E00087569,54.1,14.4,11,20.5
E00087570,48.1,17.8,14,20.2
E00087571,48.4,17.4,13.5,20.6
E00087572,50.6,12.3,14.8,22.2
E00087573,51.4,14.9,13.5,20.3
E00087574,45.3,19.6,18.2,16.9
E00087575,54.7,5,24.5,15.7
E00087576,52.9,4.9,24.8,17.5
E00087577,55,14.7,11,19.3
E00087578,46.5,8.8,27.2,17.5
E00087579,64.6,7.5,15,12.9
E00087580,56.6,6.6,20.5,16.3
E00087581,53.6,8.9,19.6,17.9
E00087582,61.5,8.3,12.5,17.7
E00087583,44.7,13.8,27.6,13.8
E00087584,47.9,8.3,17.7,26
E00087585,62.3,6,15.2,16.6
E00087586,62.1,9.7,8.7,19.4
E00087587,44.9,15.9,15,24.3
E00087588,37.2,28.8,16,17.9
E00087589,38.3,29,16.9,15.7
E00087590,44.6,20.9,16.2,18.2
E00087591,31.8,30.5,24.5,13.2
E00087592,42.4,33.7,7.6,16.3
E00087593,28.9,28.9,30.3,11.8
E00087594,30.3,21.1,30.3,18.3
E00087595,29.6,31,33.8,5.6
E00087596,37.5,24.4,20.8,17.3
E00087597,59,17.9,6,17.1
E00087599,29.3,25,25,20.7
E00087600,46.5,20.5,14.2,18.9
E00087601,32.5,25.4,16.7,25.4
E00087602,50.4,31,10.6,8
E00087603,27.2,23.9,40.2,8.7
E00087604,31,27.6,24.1,17.2
E00087605,38.2,19.1,19.1,23.6
E00087606,32.7,25.5,18.8,23
E00087607,42.2,22.9,13.9,21.1
E00087608,37,34.5,12.6,16
E00087609,18,28,38,16
E00087610,40,21.7,15,23.3
E00087611,37.8,25.6,15.4,21.2
E00087612,40.8,25.8,18.3,15
E00087613,37.4,22.6,22.1,17.9
E00087614,38.3,23.3,18.8,19.5
E00087615,42.7,26.1,15.3,15.9
E00087616,18.7,25.3,38.7,17.3
E00087617,47.4,15,21.8,15.8
E00087618,43.7,23,17.5,15.9
E00087619,42.8,26.9,8.3,22.1
E00087620,40.5,25.9,13.9,19.6
E00087621,46.2,20.1,9.2,24.5
E00087622,34.7,19.7,26.5,19
E00087623,36.1,30.4,19.6,13.9
E00087624,45.1,22.5,16.7,15.7
E00087625,39.3,28.6,19.3,12.9
E00087626,53.2,16.5,15.8,14.4
E00087627,37.7,27.3,21.4,13.6
E00087628,18.8,28.1,32.3,20.8
E00087629,12,28,42,18
E00087630,15.9,30.2,36.5,17.5
E00087631,20.4,18.5,40.7,20.4
E00087632,22.5,40,26.3,11.3
E00087633,17.6,29.7,33.8,18.9
E00087634,24,22.2,27.5,26.3
E00087635,19.1,20.2,41.5,19.1
E00087636,25.4,19,34.9,20.6
E00087637,7.5,22.5,55,15
E00087638,2.1,36.2,51.1,10.6
E00087647,24.8,26.6,33.9,14.7
E00087648,27.2,27.2,23.6,22
E00087649,30.6,34,17.4,18.1
E00087650,30.1,27.1,21.8,21.1
E00087651,25.6,26.8,29.3,18.3
E00087652,12.5,23.2,46.4,17.9
E00087653,28.6,25,23.6,22.9
E00087654,25.7,30.7,20.8,22.8
E00087655,30.4,26.8,23.9,18.8
E00087656,30.2,27.9,17.4,24.4
E00087657,23.3,33.7,18.6,24.4
E00087658,41.4,26.3,16.5,15.8
E00087659,25.8,23.7,26.9,23.7
E00087660,35.8,26,12.2,26
E00087661,29.3,23.6,35.8,11.4
E00087662,24.4,37,29.4,9.2
E00087663,36.7,25,21.7,16.7
E00087664,37.5,29.2,19.8,13.5
E00087665,27,41.6,10.1,21.3
E00087666,26,43.8,8.2,21.9
E00087667,27.3,21.6,30.9,20.1
E00087668,26,21.9,37.5,14.6
E00087669,34,20.8,20.8,24.5
E00087670,17.9,21.1,45.3,15.8
E00087671,28,27.1,29.9,15
E00087672,21.3,26.3,33.8,18.8
E00087673,21.1,32.9,35.5,10.5
E00087674,23.7,21.1,30.7,24.6
E00087675,30.3,28.7,19.7,21.3
E00087676,49,23.2,9.3,18.5
E00087677,25.9,31.5,27.3,15.4
E00087688,13.9,21.5,41.8,22.8
E00087689,24.7,19.8,37,18.5
E00087690,26.3,22.4,31.6,19.7
E00087691,22.8,27.7,29.7,19.8
E00087692,37,34.6,19.8,8.6
E00087693,22.6,23.7,25.8,28
E00087694,25.2,27,30.6,17.1
E00087695,20.7,32.9,26.8,19.5
E00087696,30,31.4,14.3,24.3
E00087697,27.4,31.9,24.8,15.9
E00087698,35.8,33,11.9,19.3
E00087699,15.9,24.6,39.1,20.3
E00087700,16,21.3,37.3,25.3
E00087701,31.2,30.3,16.5,22
E00087702,37.4,29,6.5,27.1
E00087703,28.2,35.9,12,23.9
E00087704,24,25,24,27
E00087705,10.4,34.3,32.8,22.4
E00087706,20,33.3,36.7,10
E00087707,28.6,26.5,26.5,18.4
E00087708,17.4,26.7,34.9,20.9
E00087709,9,28.1,46.1,16.9
E00087710,29.6,32.2,16.5,21.7
E00087711,62.7,3.6,19.3,14.5
E00087712,46.3,6.5,28.7,18.5
E00087713,36.8,7.9,38.6,16.7
E00087714,53.3,10.3,22.4,14
E00087715,46.2,12.3,29.2,12.3
E00087716,55.9,10.8,18.3,15.1
E00087717,47.2,13,22.2,17.6
E00087718,58.5,7.6,20.3,13.6
E00087719,36.2,19,29.5,15.2
E00087720,59.7,9.1,16.9,14.3
E00087721,67.8,5.1,16.1,11
E00087722,47.8,11.1,23.3,17.8
E00087723,60.7,9.8,14.3,15.2
E00087724,42.2,18.1,19.3,20.5
E00087725,29.1,13.6,40.4,16.9
E00087726,43.5,12.9,16.1,27.4
E00087727,51,14.4,13.1,21.6
E00087728,36.6,15.8,27.7,19.8
E00087729,23.9,43.1,11.9,21.1
E00087730,15.4,33.3,29.9,21.4
E00087731,26.6,41.3,16.5,15.6
E00087732,25.8,26.9,26.9,20.4
E00087733,23.6,39.1,18.2,19.1
E00087734,18.7,32.7,18.7,29.9
E00160764,26.3,32.2,15.3,26.3
E00160765,25.3,31.3,25.3,18.1
E00160766,25.9,36.1,24.1,13.9
E00160767,18.2,25.3,35.4,21.2
E00160768,35.8,26.4,17,20.8
E00160769,26.9,29.8,20.2,23.1
E00160770,29.5,35.3,14.4,20.9
E00160771,23.5,29.4,28.2,18.8
E00160775,24.5,22,29.6,23.9
E00160779,27.3,32.2,16.8,23.8
E00160780,25.9,31.7,19.4,23
E00160781,22.2,31.1,25.7,21
E00160783,26.8,31.2,23.9,18.1
E00160784,32.4,32.4,20.6,14.7
E00160785,30,37.5,17.5,15
E00160786,15.8,27.2,36.8,20.2
E00160787,17.7,24.1,38,20.3
E00160788,26.7,33.3,21.5,18.5
E00160789,32.9,29.4,20.6,17.1
E00160790,26.7,35.9,21.4,16
E00160791,37.7,28.3,13,21
E00160792,32.4,27.6,24.8,15.2
E00160793,18.9,22.1,43.4,15.6
E00160794,22.2,28.7,31.5,17.6
E00160795,15.9,36.6,29.3,18.3
E00160796,14.9,31.2,39.7,14.2
E00160797,20,25.4,40,14.6
E00160798,14.7,35.3,31,19
E00160799,11.1,30.9,35.8,22.2
E00172701,51.3,21.7,10.4,16.5
E00172702,46,25.4,15.9,12.7
E00172713,46.1,18.4,11.3,24.1
E00172715,41.7,17.3,23.6,17.3
E00172716,58.4,12.9,14.4,14.4
E00172718,60.4,12.9,11.5,15.1
E00172722,50.8,16.4,19.7,13.1
E00172725,48.9,18.1,9.6,23.4
E00180402,51.3,9.3,20.7,18.7
E00180410,58.3,13.1,10.7,17.9
E00180411,63,8.3,15.7,13
E00180412,65.9,10.1,8.9,15.1
E00180438,64.7,15.1,4.2,16
E00180439,57.1,12.5,16.1,14.3
E00180443,55.9,11.8,22.6,9.7
E00180446,57.5,11.9,17.9,12.7
E00180450,61.9,11.5,13.1,13.5
E00180452,45.1,11.3,28.2,15.5
E00180457,60.6,9.7,9,20.6