areacd,passports_all_4a-001,passports_all_4a-002,passports_all_4a-003
E00134564,74.7,1,24.3
E00134565,67.5,0.3,32.2
E00134566,85.5,3,11.5
E00134718,85.2,3,11.8
E00134748,75.6,1.8,22.6
E00134749,83,1.3,15.7
E00134750,80.5,2.1,17.4
E00134751,92.1,1.3,6.6
E00134752,85,3.9,11.2
E00134753,84.4,2.2,13.4
E00134754,70.8,12.9,16.3
E00134755,72.5,15.7,11.8
E00134756,71.8,7.9,20.2
E00134757,73.5,2.1,24.4
E00134758,80,5.7,14.3
E00134759,66,2.7,31.3
E00134760,80.9,0.4,18.7
E00134761,82.9,0.9,16.1
E00134762,86.7,1.8,11.4
E00134763,85.4,3.1,11.4
E00134764,80.4,1.4,18.2
E00134765,88.1,0.7,11.2
E00134766,76.3,4.8,18.9
E00134783,85.6,2.7,11.8
E00134784,85.2,2.1,12.7
E00134787,78.3,4.5,17.2
E00134788,90,4.1,5.8
E00134789,79.3,0.8,19.8
E00134790,76.3,3.3,20.4
E00134791,85.6,1.5,12.9
E00134792,83.1,1.8,15.1
E00134793,70.6,1.9,27.5
E00134794,82.5,5.1,12.5
E00134795,75,0.7,24.3
E00134796,75.2,2.2,22.6
E00134797,76.7,0.8,22.6
E00134798,84.8,1.4,13.8
E00134799,77.8,2.3,19.9
E00134800,75.9,1.2,23
E00134801,80.9,3,16.2
E00134802,71.4,4.5,24.1
E00134803,68.8,6.8,24.3
E00134804,68.6,5.3,26.1
E00134805,73.9,5.1,20.9
E00134806,82,1.8,16.2
E00134807,78.9,3.4,17.7
E00134808,81.1,3.5,15.4
E00134809,75.9,1.8,22.3
E00134810,76.1,5.4,18.5
E00134811,78.5,5.6,15.9
E00134812,85.2,6.9,7.9
E00134813,81.7,4.1,14.2
E00134814,81.9,6.8,11.3
E00134815,78.2,4.7,17.1
E00134816,88.2,2,9.8
E00134817,67.6,16.4,16
E00134818,82.1,2.6,15.3
E00134819,73.7,9.3,17
E00134820,76,5.5,18.5
E00134821,79.9,5,15.1
E00134822,80.1,8.7,11.2
E00134823,79,7.2,13.8
E00134824,80.9,7.8,11.3
E00134825,79,5.2,15.7
E00134859,89.1,1.5,9.5
E00134860,79.7,3.4,16.9
E00134861,84.1,6,9.9
E00134862,77.7,4.1,18.3
E00134863,79.4,5.7,14.9
E00134864,85.8,1.7,12.5
E00134865,81.2,3.2,15.5
E00134866,75.8,5.6,18.6
E00134867,78.9,1.9,19.2
E00134868,82.6,3.3,14.1
E00134869,92.1,2.1,5.9
E00134870,91.4,2.2,6.3
E00134871,80.9,4.9,14.2
E00134872,85.7,3.2,11.1
E00134873,82.5,3.6,13.9
E00134874,85.9,2.3,11.8
E00134875,75,1.9,23.1
E00134876,72,6.6,21.4
E00134877,85.2,2.9,11.9
E00134878,83.8,0,16.2
E00134879,69.8,4.2,25.9
E00134880,77.1,3.3,19.6
E00134882,79.1,3.4,17.5
E00134883,79.3,2.9,17.8
E00134884,79.9,0,20.1
E00134885,86.7,3.2,10.1
E00134887,90.3,1.5,8.3
E00134888,86.9,2.2,10.8
E00134889,78,3.7,18.3
E00134892,92.2,2,5.8
E00134902,79.6,0.4,20
E00134905,66.2,0,33.8
E00134906,87.3,0.3,12.3
E00134907,88,2.2,9.8
E00134908,73.7,2.5,23.7
E00134909,86.2,2.7,11.2
E00134910,82.9,2.2,14.9
E00134911,77.6,3.6,18.8
E00134912,87.6,0.8,11.6
E00134913,80.2,2.2,17.6
E00134914,86.2,3.5,10.4
E00134915,88.8,0,11.2
E00134916,88,0.8,11.3
E00134917,84.7,0.4,14.9
E00134918,82.1,0.3,17.6
E00134919,83.5,2.9,13.6
E00134920,82.1,0.7,17.2
E00134921,85.7,0.4,13.9
E00134922,77.6,2.8,19.6
E00134923,81.4,1.6,17
E00134924,78.5,6.8,14.8
E00134925,79.7,2.6,17.6
E00134926,77.1,1.6,21.3
E00134927,74.3,4,21.7
E00134928,82.1,3.4,14.5
E00134929,84.9,5.2,9.8
E00134930,82.6,4.6,12.9
E00134931,80.4,3.7,15.9
E00134932,86.7,0,13.3
E00134933,88.8,2.1,9.1
E00134934,80.7,2.8,16.5
E00134935,83.2,2.2,14.6
E00134936,76.8,2.8,20.4
E00134937,83,2,15
E00134938,64.5,6.1,29.4
E00134939,80.9,2.3,16.8
E00134940,86,1.5,12.5
E00134941,83.9,1.2,15
E00134942,84,2.3,13.7
E00134943,74.5,2,23.5
E00134944,76,4.1,19.9
E00134945,67.4,2.5,30.1
E00134946,79.2,3.1,17.7
E00134947,85.3,5,9.7
E00134948,85,3.5,11.5
E00134949,66.3,2,31.7
E00134950,71.7,3.5,24.8
E00134952,79.5,1.9,18.6
E00134953,72.5,2.4,25.1
E00134954,87.1,0.6,12.3
E00134955,75.5,4.4,20.1
E00134956,72.2,2.4,25.3
E00134957,84.4,1.2,14.3
E00134958,81.9,3,15.1
E00134959,81.6,5.6,12.8
E00134960,84.6,1.2,14.2
E00134962,85.1,0.4,14.5
E00134963,81.4,1.8,16.7
E00134964,79.8,2.3,17.9
E00134965,80.3,1.3,18.4
E00134966,88.5,1.8,9.7
E00134967,70,3,27
E00134968,89.5,3.6,6.9
E00134969,79,6.1,15
E00134970,75.1,6.8,18.1
E00134971,94.7,0.5,4.8
E00134972,80.3,2,17.6
E00134973,83.7,7.2,9.1
E00134974,84.6,1.5,13.9
E00134975,87.3,0.6,12
E00134976,81.7,7.1,11.2
E00134977,65.8,20.3,13.9
E00134978,86.6,0.7,12.7
E00134979,80.5,3.9,15.6
E00134980,81.9,1.9,16.2
E00134981,88.2,1.8,10
E00134982,86.7,2.8,10.6
E00134983,87.2,0.3,12.5
E00134984,86.9,1.6,11.5
E00134985,83.5,0.4,16.1
E00134986,77.3,0.4,22.3
E00134987,83.9,0.4,15.7
E00134988,92.9,1.1,6.1
E00134989,85.2,4.1,10.7
E00134990,81.1,1.5,17.4
E00134991,84.7,3,12.3
E00134992,80.1,0.3,19.5
E00134993,93.2,4,2.8
E00134994,84.9,2.3,12.8
E00134995,71.7,10.6,17.7
E00134996,84.4,1.9,13.7
E00134997,84.2,2.9,12.9
E00134998,90.4,0,9.6
E00134999,80.9,4.4,14.7
E00135000,81.4,6.2,12.4
E00135001,79.3,2.5,18.1
E00135002,76,2.5,21.5
E00135003,82,0.7,17.3
E00135004,85.5,2.7,11.8
E00135005,86.4,2.6,11
E00135006,83.3,2.5,14.2
E00135007,86.9,3.3,9.8
E00135008,87.9,2.9,9.3
E00135009,73,2.4,24.6
E00135010,80.1,7,12.9
E00135011,82.8,1.1,16.1
E00135012,72.7,1.4,25.9
E00135013,71.3,6.3,22.4
E00135014,85.5,3.4,11.1
E00135015,71.4,1,27.7
E00135016,77.7,2.3,20
E00135017,82.8,4,13.2
E00135018,86.3,2.9,10.9
E00135019,80.6,0.4,19
E00135020,77.1,5.3,17.6
E00135021,80.5,5.2,14.3
E00135022,80,0,20
E00135023,87.3,3.6,9.1
E00135024,85.6,2.8,11.6
E00135025,81,1.3,17.7
E00135026,78.5,6.3,15.1
E00135027,87.9,5.7,6.4
E00135028,89.2,5.6,5.3
E00135029,78.9,3.1,17.9
E00135030,83.3,4.4,12.3
E00135031,85.3,7.2,7.5
E00135032,84.3,4.7,11
E00135033,73.2,6.1,20.7
E00135034,85.7,6.3,8
E00135035,84.3,1.1,14.6
E00135037,71.1,6.7,22.1
E00135038,79.7,4.1,16.2
E00135039,79.1,3.1,17.9
E00135040,91.5,1.7,6.8
E00135041,88.2,4.6,7.2
E00135042,75.8,6.1,18.1
E00135043,90.9,2.8,6.3
E00135044,87.5,4.9,7.6
E00135045,85.3,4.4,10.3
E00135046,92.3,3.5,4.1
E00135047,88.9,5.9,5.2
E00135048,79.9,2.7,17.4
E00135049,85.4,1.4,13.1
E00135050,79.3,3.5,17.2
E00135051,83.1,0.3,16.6
E00135052,76.7,3.1,20.2
E00135056,84.7,0.5,14.8
E00136233,69.6,7.1,23.3
E00136234,72.9,12.7,14.4
E00136235,59.3,17.8,22.9
E00136238,56.2,16.4,27.4
E00136239,63.6,9.2,27.2
E00136240,69.4,12.9,17.7
E00136241,61.9,12.1,26
E00136242,68.4,6.9,24.7
E00136243,76.6,9.2,14.2
E00136244,65.9,9.3,24.9
E00136245,71,12.2,16.8
E00136246,72.5,10.6,16.9
E00136247,54.7,19.1,26.2
E00136248,48.5,11.8,39.7
E00136249,71.3,11.4,17.3
E00136250,61.5,11.1,27.4
E00136251,62.7,2.7,34.6
E00136252,68.9,8.4,22.7
E00136253,58.6,9.8,31.6
E00136254,64.7,19.2,16.2
E00136255,68.8,11.9,19.3
E00136256,62.1,13.4,24.5
E00136257,47.8,17.6,34.5
E00136258,69.1,12.4,18.5
E00136259,59.9,11.2,28.9
E00136260,71.4,12.2,16.4
E00136261,67.5,11.6,20.9
E00136262,64.5,13.5,22
E00136263,56.7,14.5,28.8
E00136264,51.6,17.4,31
E00136265,83.6,2.5,14
E00136266,59.8,16.4,23.9
E00136267,56.8,14.7,28.4
E00136268,58.9,17.4,23.7
E00136269,70.2,9.1,20.6
E00136270,74.6,8.5,16.9
E00136271,77.3,6,16.7
E00136272,76.5,7.6,15.9
E00136273,83.4,5.4,11.1
E00136274,42.5,37.7,19.8
E00136276,66.8,17.8,15.5
E00136277,60.4,18.5,21.1
E00136278,65.2,9.4,25.4
E00136279,58,10.7,31.3
E00136280,63,19.5,17.5
E00136281,56.4,12.2,31.4
E00136282,62.7,22.1,15.2
E00136283,54,20.8,25.3
E00136284,64.1,12.4,23.6
E00136285,59.4,11.1,29.5
E00136286,52.3,13.7,34
E00136287,61.7,12.2,26.1
E00136288,81.4,3,15.5
E00136289,39.9,18.9,41.2
E00136290,70.9,8.3,20.9
E00136291,79.9,6.8,13.3
E00136292,71.3,13.5,15.3
E00136293,56.4,16.8,26.8
E00136294,72.1,14.1,13.8
E00136295,58.4,13.9,27.7
E00136296,68.3,14.3,17.3
E00136297,55.9,3.9,40.2
E00136298,59,5.9,35
E00136299,76,9.2,14.8
E00136300,62.6,7.9,29.4
E00136301,55.7,5.5,38.8
E00136302,59.1,8.1,32.8
E00136303,58.1,5.9,36
E00136304,72.8,3.7,23.5
E00136305,72.1,5.8,22.1
E00136306,52.3,4.6,43
E00136307,66.3,4.7,29
E00136308,61,9.1,30
E00136309,64.2,9.3,26.5
E00136310,64.6,7.5,27.9
E00136311,68.6,8.3,23.1
E00136312,63.9,8.3,27.8
E00136313,56.7,16.1,27.2
E00136314,69.6,7.6,22.8
E00136315,64.8,6.1,29.1
E00136316,61.3,10.7,28
E00136317,66.1,7.7,26.2
E00136319,71,9.2,19.9
E00136320,74.6,7.2,18.2
E00136321,85.6,3,11.4
E00136322,77.6,2.5,19.9
E00136323,78.3,6.2,15.5
E00136324,84.3,9.5,6.2
E00136325,72.3,4.4,23.3
E00136326,61,9.2,29.9
E00136327,70.6,6,23.4
E00136328,74.6,12.9,12.5
E00136329,56.9,10.7,32.4
E00136330,74.5,10.3,15.2
E00136331,87.3,5.8,6.9
E00136332,74.2,9.8,16
E00136333,67.8,5.5,26.7
E00136334,64.3,15,20.7
E00136335,85.6,5.2,9.2
E00136336,81.3,5.6,13.1
E00136337,87.6,5.4,7
E00136338,79.5,6.5,14
E00136339,90.2,5.9,3.9
E00136340,88.9,5.4,5.7
E00136341,87.2,7.4,5.4
E00136342,90.2,5.3,4.5
E00136343,82.3,7.9,9.7
E00136344,89.6,5.9,4.5
E00136345,80.4,7,12.6
E00136346,84.1,5.3,10.6
E00136347,80.6,6,13.4
E00136348,89.6,3.9,6.5
E00136349,85.4,6.1,8.4
E00136350,79,12,9
E00136351,78.1,6.6,15.3
E00136352,85.1,6,9
E00136353,91.1,3.9,4.9
E00136354,73.2,7.9,18.9
E00136355,81.2,10.8,8
E00136356,83.4,10.7,5.9
E00136357,79.4,12.1,8.6
E00136358,85.4,9.5,5.1
E00136359,77.7,7.9,14.5
E00136360,60,11.4,28.6
E00136361,65.7,8.2,26.1
E00136362,72.9,7.8,19.2
E00136363,64.2,7.1,28.7
E00136364,64.7,8.1,27.2
E00136365,57.1,13.8,29.1
E00136366,76,5.7,18.3
E00136367,70,5.6,24.4
E00136368,62,6.7,31.4
E00136369,62.7,14.5,22.9
E00136370,61.4,8.7,29.9
E00136371,68.5,8.5,23
E00136372,56.8,11.1,32.1
E00136373,68.5,10.3,21.1
E00136374,73.4,7.8,18.8
E00136375,78.7,9.2,12
E00136376,68.6,20.1,11.4
E00136377,82.1,6.8,11.1
E00136378,83.6,6.3,10.1
E00136379,55.1,12.7,32.2
E00136380,56.8,15.9,27.3
E00136381,75.2,6.2,18.6
E00136382,63.9,6.3,29.8
E00136383,67.1,21.7,11.2
E00136384,62.1,10.4,27.5
E00136385,49.4,11.7,39
E00136386,68,5.4,26.6
E00136387,60.6,10.2,29.3
E00136388,67.7,8.1,24.2
E00136389,71.5,5.5,23
E00136390,60.1,13.5,26.4
E00136391,66.6,9.6,23.8
E00136392,70.9,2.9,26.2
E00136393,67,11,22
E00136394,58.6,9.9,31.5
E00136395,79.6,13.8,6.6
E00136397,59.8,15.6,24.6
E00136398,62.8,3.4,33.8
E00136399,57.5,18.9,23.6
E00136400,65,19.1,15.8
E00136401,72.9,14,13.1
E00136402,66.5,18.9,14.6
E00136403,61,14.8,24.2
E00136404,59.3,18.2,22.4
E00136405,61.8,19.4,18.8
E00136406,63.3,15.2,21.5
E00136407,71,14,15
E00136408,60,19.1,20.9
E00136409,65.9,18.4,15.7
E00136410,58.7,20.4,20.9
E00136411,53.2,26.2,20.7
E00136412,70.4,19.5,10.1
E00136413,66.1,10.1,23.8
E00136414,78.3,6.8,14.9
E00136415,59.8,11.7,28.6
E00136416,51.4,16.7,31.9
E00136417,62.2,13.9,24
E00136418,58.6,19.4,22
E00136419,72,5.8,22.2
E00136420,69.2,7.7,23.1
E00136422,64.1,17.9,17.9
E00136423,73.7,9.8,16.5
E00136424,76.4,13.4,10.3
E00136425,46.2,20.9,33
E00136426,68.3,17.1,14.6
E00136427,58.2,21.5,20.4
E00136428,54,14.6,31.4
E00136429,53.2,16.4,30.4
E00136430,74,9,17
E00136431,74.5,14,11.5
E00136432,72.8,15.1,12.1
E00136435,60.5,21.3,18.2
E00136436,52.6,19.5,27.9
E00136437,59.4,8.1,32.5
E00136438,57.2,8.3,34.5
E00136439,56.3,10.1,33.6
E00136440,45.3,22.8,31.9
E00136441,61.1,7.2,31.7
E00136442,65.6,16.2,18.2
E00136443,63.3,11.6,25.1
E00136444,47.8,16.6,35.6
E00136445,61.3,16.8,21.8
E00136446,63.7,8.2,28.1
E00136447,57.3,16.1,26.6
E00136449,69.7,16.2,14.1
E00136450,65.5,12.5,22
E00136451,74.2,12.9,12.9
E00136452,73.5,13.5,13.1
E00136453,77,12.1,10.9
E00136454,65.1,21.3,13.7
E00136455,82.2,9.4,8.4
E00136456,50.6,19.2,30.2
E00136457,63.3,8.1,28.6
E00136458,56.5,9.2,34.2
E00136459,48.7,15.1,36.2
E00136460,61.8,7.4,30.8
E00136461,53.7,15.2,31.1
E00136462,52,8,39.9
E00136463,42.8,30.6,26.6
E00136464,65.2,2.4,32.4
E00136465,52.7,13.6,33.7
E00136466,58.2,17.2,24.6
E00136467,48.8,12.5,38.8
E00136468,53.5,11,35.5
E00136469,88.1,6.8,5
E00136470,87.2,7,5.8
E00136471,83.3,10.1,6.5
E00136472,79.8,13.3,6.8
E00136473,79.9,13,7.1
E00136474,77.6,12.4,10
E00136475,88.7,5.7,5.7
E00136476,84.5,9.8,5.7
E00136477,81.8,10.3,7.9
E00136478,84.4,8.7,6.9
E00136479,84,11.5,4.5
E00136480,80.5,10.6,8.9
E00136481,78.2,14.8,7
E00136482,72.5,10.5,17
E00136483,84.1,8.2,7.7
E00136484,85.4,8.8,5.8
E00136485,83.1,10.4,6.4
E00136486,89.1,3.6,7.2
E00136487,80.3,11.8,7.9
E00136488,80.8,11.7,7.6
E00136489,55.7,29.8,14.5
E00136490,85.6,7.2,7.2
E00136491,85.9,5.9,8.2
E00136492,86.3,5,8.6
E00136493,91.5,3.8,4.6
E00136494,85.4,8.1,6.5
E00136495,80.5,9.4,10.1
E00136496,80.2,13.1,6.7
E00136497,87.6,7.6,4.7
E00136498,79.2,12,8.8
E00136499,78.8,8.2,13
E00136500,86.5,5.9,7.6
E00136501,62.9,25.7,11.4
E00136502,65.1,6.6,28.3
E00136503,74.2,4.8,21
E00136504,70.8,17,12.3
E00136505,76.3,13.7,10.1
E00136506,72.1,7.8,20.1
E00136507,64,22,14
E00136508,75.6,4.9,19.5
E00136509,71.2,8.4,20.4
E00136510,56.2,11.3,32.5
E00136511,75.6,13.5,10.9
E00136512,89.6,1.1,9.3
E00136513,78.9,10.2,10.9
E00136514,65.1,14.5,20.5
E00136515,66.5,9.8,23.7
E00136516,78.2,10.9,10.9
E00136517,75.8,7.3,16.9
E00136518,68.4,17.3,14.3
E00136519,65.7,15.2,19.1
E00136520,72.4,10.9,16.7
E00136521,64.9,25.4,9.7
E00136522,70.4,13,16.6
E00136523,70,13.3,16.7
E00136524,68.9,10,21.1
E00136525,65.6,15.4,18.9
E00136526,65.2,22.2,12.5
E00136527,76.2,12.1,11.7
E00136528,58.2,12.5,29.3
E00136529,80.6,9,10.4
E00136530,65.5,14.7,19.9
E00136531,64.9,8.8,26.3
E00136532,68.9,13.9,17.2
E00136533,70.9,12.7,16.4
E00136534,72,10.3,17.7
E00136535,72.7,13.3,14
E00136536,75.9,9.6,14.5
E00136537,76.5,10.9,12.6
E00136538,78.3,9.6,12.1
E00136539,77.7,10.9,11.3
E00136540,84.1,8.8,7.1
E00136541,79.9,11.3,8.7
E00136542,61.4,22,16.6
E00136544,71.3,13.2,15.4
E00136545,59.7,15.2,25.1
E00136547,57.3,7.6,35
E00136548,68,18.4,13.6
E00136550,81.3,6,12.7
E00136553,62.9,11.9,25.2
E00136554,53.7,18.2,28.1
E00136555,87.4,6.1,6.5
E00136556,82.7,7.5,9.8
E00136558,62.2,29.6,8.1
E00136559,73.3,12.5,14.2
E00136560,60.1,32.9,7.1
E00136561,59.3,16.6,24.1
E00136562,52.3,13.2,34.5
E00136563,54.1,17,28.9
E00136564,47.9,28.6,23.5
E00136565,62.2,16.5,21.2
E00136566,84.9,8.8,6.3
E00136567,69.6,6.3,24.2
E00136568,76.2,9.4,14.3
E00136569,67.3,14.4,18.3
E00136570,73.7,14.5,11.8
E00136571,66.9,6.7,26.4
E00136573,79.1,9.4,11.6
E00136574,79.4,11.2,9.4
E00136575,82.4,7.6,10.1
E00136576,56.3,17.6,26.2
E00136577,82.5,8.5,9
E00136578,77.1,13.7,9.2
E00136579,67.8,15.2,17
E00136580,84.8,9.1,6.1
E00136581,78,5.3,16.7
E00136582,60.7,31.2,8.1
E00136583,94.6,2.9,2.5
E00136584,63.2,13,23.8
E00136585,54,26.2,19.8
E00136586,77.5,15.6,6.9
E00136587,70.1,8.2,21.6
E00136588,80.2,4.1,15.7
E00136589,73.4,11.9,14.7
E00136590,74.5,12.2,13.3
E00136591,77.5,4.3,18.2
E00136592,83.5,6.5,10
E00136593,76.1,12.7,11.2
E00136594,66.3,15.1,18.7
E00136595,53.3,18,28.7
E00136596,57.7,15,27.3
E00136597,76.3,11.9,11.9
E00136598,52.3,22.3,25.5
E00136599,59.8,19.5,20.7
E00136600,68.4,18.1,13.5
E00136602,86.5,6.8,6.8
E00136603,78.6,13.7,7.7
E00136604,82.9,8.8,8.4
E00136605,82.4,10.8,6.8
E00136606,81.2,11.2,7.6
E00136607,76.2,14.5,9.3
E00136608,79.2,16.8,4
E00136609,81.4,12.6,6
E00136610,80.7,13.7,5.7
E00136611,57.7,18.1,24.2
E00136612,70.4,13.4,16.2
E00136613,58.4,12.2,29.4
E00136614,73.2,8.6,18.2
E00136615,55.6,23.8,20.5
E00136616,85.7,4.3,10.1
E00136617,56.7,19.6,23.7
E00136618,74.4,8.8,16.9
E00136619,70.2,17.1,12.7
E00136620,57.9,11.7,30.5
E00136621,87.4,9,3.7
E00136622,66.7,17.9,15.5
E00136623,75.1,7.8,17
E00136624,84.6,7.8,7.6
E00136625,62.3,14.7,23
E00136626,59.9,19.3,20.8
E00136627,70.2,10.9,18.9
E00136629,62.7,12.3,25.1
E00136630,85.3,7.6,7.1
E00136631,73.3,8.8,17.9
E00136632,71.7,10.8,17.5
E00136633,65,11.8,23.2
E00136634,55.6,9,35.4
E00136636,57,19.8,23.1
E00136637,69.8,17,13.2
E00136638,77,14,9
E00136639,73.9,13.5,12.6
E00136640,76.1,12.2,11.7
E00136641,58.3,10.6,31.1
E00136642,48.1,10,42
E00136643,62.9,14.9,22.2
E00136644,61.3,13,25.7
E00136645,54,9.1,36.9
E00136646,64.8,7.1,28.1
E00136647,63,5.9,31.1
E00136648,73.3,8.8,17.9
E00136649,78.4,4.5,17.1
E00136650,69.2,10.3,20.5
E00136651,69.5,7.5,23
E00136652,54.2,12.4,33.4
E00136653,63.5,7.5,29
E00136654,72.6,5.7,21.7
E00136655,56,13.1,30.9
E00136656,63.4,9.7,26.9
E00136657,65.6,7.3,27.1
E00136658,60.2,10.2,29.7
E00136659,64.4,10.7,24.9
E00136660,64.4,18.4,17.2
E00136661,75.6,10.7,13.6
E00136662,59,11.1,29.9
E00136663,65.4,15.4,19.2
E00136664,71.8,12.2,16.1
E00136665,57,10.7,32.3
E00136666,58.8,20.5,20.7
E00136667,81.3,11.4,7.4
E00136668,86.4,2.8,10.8
E00136669,79.7,1.3,18.9
E00136670,86.2,2.3,11.5
E00136671,89.3,4.3,6.4
E00136672,88.7,3.8,7.5
E00136673,69.2,5.5,25.3
E00136674,65.8,3.1,31.1
E00136675,64.2,6.4,29.4
E00136676,78.2,4.2,17.6
E00136677,84.6,1.9,13.5
E00136678,77.5,2.4,20.1
E00136697,84.7,2.3,13
E00136698,85.6,5.3,9.1
E00136699,90.1,1.5,8.4
E00136700,88.8,0.9,10.3
E00136701,68.4,1,30.6
E00136702,89.3,3,7.7
E00136703,89.3,1.6,9
E00136707,72.4,1.5,26.1
E00136708,82.6,2.5,14.9
E00136709,82.4,1.7,15.9
E00136710,85,0.9,14.1
E00136711,82.6,2.1,15.3
E00136712,79,0.7,20.3
E00136723,80.1,3.4,16.5
E00136724,87.5,4.3,8.3
E00136725,89.3,2.9,7.8
E00136727,89,6.1,4.9
E00136728,89,3.3,7.7
E00136729,58.1,33,8.8
E00136731,85.5,6.3,8.1
E00136732,84.4,4.6,11
E00136733,75.7,8.4,15.9
E00136734,74.8,1.8,23.4
E00136735,84.2,2.5,13.3
E00136736,89.3,2.1,8.6
E00136737,67.7,2.5,29.9
E00136739,85.4,0.9,13.7
E00136740,83.8,1.5,14.7
E00136741,82.1,1.2,16.7
E00136742,83.3,2.4,14.3
E00136743,82.9,2.7,14.5
E00136744,69.6,6.2,24.2
E00136788,87.4,1.3,11.3
E00136797,85.8,0.9,13.2
E00136798,75.6,1.5,22.8
E00136799,75.8,1.8,22.4
E00136800,83.3,3.4,13.3
E00136801,81.6,3.3,15.1
E00136802,82,3.8,14.2
E00136803,79.5,2.7,17.8
E00136804,82.9,2.6,14.4
E00136805,79.6,1.8,18.6
E00136806,76.2,2,21.9
E00136808,63.6,3.1,33.3
E00136810,81.9,1.8,16.3
E00136811,84.9,2,13
E00136812,74,4.2,21.9
E00136841,84.1,1.5,14.4
E00136842,81.8,0.6,17.6
E00136843,83.8,1.4,14.8
E00136844,86.3,0.3,13.3
E00136845,72.8,0.6,26.6
E00136846,77.4,1.3,21.4
E00136848,85.7,1.4,12.9
E00136849,78.9,1.3,19.8
E00136850,80.2,3.3,16.5
E00136851,77.7,2.7,19.6
E00136852,87.6,2.8,9.6
E00136853,86,5.3,8.7
E00136854,87.1,3.6,9.2
E00136855,86.7,2.3,11
E00136856,83,5.2,11.8
E00136859,82,0,18
E00136860,84.5,3.9,11.6
E00136861,67.6,2.9,29.4
E00136862,82.7,2.9,14.4
E00136863,76.3,1.5,22.2
E00136864,86.3,3.2,10.5
E00136865,89.1,1,9.9
E00136866,68.4,4.3,27.4
E00136867,69.9,1.9,28.2
E00136868,78.9,6.3,14.7
E00136869,82.5,3.5,14
E00136890,85.7,1.7,12.6
E00136891,79.1,0.9,20
E00136892,84.4,3.4,12.3
E00136893,87.7,0,12.3
E00136894,87.6,1.6,10.7
E00136895,84,0.7,15.4
E00136897,82.7,2.5,14.8
E00136899,85.3,1.8,13
E00136900,67.8,2.7,29.5
E00136901,79.2,1.4,19.3
E00136902,88,2.3,9.7
E00136903,79.8,1.5,18.7
E00136904,77.7,5.9,16.4
E00136905,74.9,2.1,23
E00136906,82.3,1.2,16.5
E00136907,84,2.3,13.7
E00136908,82.1,6.4,11.5
E00136909,80.6,3.8,15.6
E00136910,76.2,3.1,20.7
E00136911,82.8,4.5,12.8
E00136912,77.3,2.9,19.8
E00136913,85.6,1.8,12.5
E00136914,83,6.2,10.8
E00136915,63.5,0.4,36.1
E00136916,83.2,1.8,15.1
E00136917,77.2,4.4,18.4
E00136918,81.4,3.8,14.8
E00136919,78.2,5.2,16.6
E00136920,85.8,2.8,11.4
E00136921,81.1,2.3,16.6
E00136922,73.2,1.7,25.2
E00136923,85.8,1.3,12.9
E00136924,80.5,0.4,19.1
E00136925,72.7,3.8,23.5
E00136926,72,1.3,26.7
E00136927,83.7,2.8,13.5
E00136928,89.8,1.6,8.6
E00136929,75.2,1.1,23.7
E00136930,73.7,3.9,22.4
E00136931,82,5.1,12.9
E00136932,78.5,0.7,20.8
E00136933,75.3,5.6,19.2
E00136934,54.5,5.5,40
E00136935,73.8,1,25.2
E00136936,64.9,0.6,34.6
E00136937,82.6,1.5,15.9
E00136938,81.7,2.1,16.2
E00136939,81.7,2.7,15.6
E00136940,72,6.3,21.8
E00136941,86.6,2.8,10.6
E00136942,57.6,4.1,38.3
E00136943,89,3.9,7.1
E00136945,80.3,3,16.7
E00136946,60.4,3.1,36.5
E00136947,72.9,5.8,21.3
E00136949,63.3,4,32.7
E00136950,76.2,1.7,22.1
E00136951,80.4,7.1,12.4
E00136952,87.1,5.5,7.4
E00136953,84.2,6.3,9.5
E00136954,78.4,0.7,20.9
E00136955,63.6,8.8,27.6
E00136956,82.3,3.3,14.4
E00136957,88.1,2.7,9.1
E00136958,86.5,0.8,12.7
E00136959,86.5,2,11.5
E00136960,83.9,5.2,11
E00136961,88.1,5.4,6.5
E00136962,77.4,2,20.5
E00136963,90.8,2.5,6.7
E00136964,88.2,1,10.8
E00136965,80.5,5.1,14.4
E00136967,76.9,2.8,20.3
E00136969,81.6,2.1,16.4
E00136972,75.6,2.4,22
E00136973,82.9,4.2,12.9
E00136974,81.2,4.5,14.3
E00136976,86.7,1.9,11.4
E00136977,86.6,3.6,9.8
E00136984,89.9,2.1,8
E00136993,84.2,1.6,14.2
E00136995,73.2,6.7,20.1
E00136996,75.3,2.8,21.9
E00136997,77.7,0,22.3
E00136998,74.7,0.7,24.6
E00136999,71.8,5.2,23
E00137008,76.4,3.1,20.4
E00137009,84.8,3.6,11.6
E00137010,87.1,1.2,11.8
E00137011,76.5,3.6,20
E00137012,85.4,2.3,12.3
E00137013,92.3,2.1,5.6
E00137014,87,1.3,11.8
E00137015,83.6,2.1,14.3
E00137016,83.5,5.4,11.1
E00137017,90.3,2.1,7.6
E00137018,77,1.8,21.2
E00137019,75.2,4.7,20.1
E00137021,61.5,3.5,35
E00137022,63.7,3.9,32.4
E00137025,80.2,3.3,16.5
E00137026,67,0.8,32.2
E00137027,79.8,2.7,17.5
E00137029,84.9,2.6,12.6
E00137030,80.7,2.1,17.2
E00137031,85.8,1.4,12.7
E00137033,88.4,3.9,7.7
E00137035,78.8,4,17.1
E00137036,88.9,1,10.1
E00137037,83.4,4.1,12.5
E00137038,91.8,2.1,6.2
E00137039,90.5,1.8,7.7
E00137040,83.6,3.7,12.6
E00137041,88,4,8
E00137042,88.2,1.7,10.1
E00137053,76.4,4.7,18.9
E00137054,80,0.6,19.4
E00137055,87.8,2.5,9.6
E00137057,88.5,1,10.5
E00137058,82.1,0.8,17.1
E00137059,76,1.9,22.1
E00137060,77.6,1.7,20.7
E00137061,81.8,3.6,14.6
E00137062,87.6,1,11.4
E00137063,84.5,4.2,11.4
E00137064,92.1,1.3,6.6
E00137067,90.9,3,6.1
E00137068,68.8,1.7,29.5
E00137069,87,1.2,11.7
E00169819,82.8,1.6,15.6
E00169820,79.9,3.2,16.9
E00169821,86.3,1,12.7
E00169822,81.2,4.4,14.4
E00169823,93.7,2.3,4.1
E00169825,76.4,2.9,20.7
E00173827,76.3,19.5,4.2
E00173828,73.9,18,8.2
E00173829,78.6,19.5,1.9
E00173830,76.3,8.6,15.1
E00173831,71.6,24.6,3.8
E00173832,80.8,15.4,3.8
E00173833,78.9,9.9,11.3
E00173834,76.2,11.6,12.1
E00173835,68.1,19.1,12.7
E00173837,74.6,15.6,9.9
E00173838,82.7,7.5,9.7
E00173839,76.8,20,3.2
E00173840,70.6,17.1,12.4
E00173841,65.2,26.5,8.3
E00173842,84.1,11.8,4.2
E00173843,71.8,25.7,2.5
E00173844,72.6,21.4,6
E00173845,72.3,22.5,5.2
E00173846,67,10,23
E00173847,58.2,21.6,20.2
E00173848,59.6,22.1,18.2
E00173849,73.4,15.4,11.2
E00173853,74.6,18.1,7.3
E00173856,40.4,55.8,3.8
E00173860,55.3,40.1,4.6
E00173861,51.5,39.8,8.7
E00174622,75.8,13.9,10.3
E00174624,67.9,10.9,21.2
E00174627,78.9,9.9,11.2
E00174628,87.7,4,8.3
E00174629,83.2,3.1,13.7
E00174631,72.7,10.5,16.8
E00174632,80.7,8.7,10.5
E00174633,72.1,9,18.8
E00174634,89,3,8
E00174635,79.7,0.9,19.4
E00174636,84.2,3.9,11.8
E00174637,72.5,12.7,14.9
E00174639,70.2,14.2,15.5
E00174641,85.7,2.9,11.4
E00174642,83.4,5.7,10.8
E00174645,83.3,12.2,4.5
E00174646,77.7,5.1,17.2
E00174647,82.9,2.1,15
E00174648,84.5,3.9,11.5
E00184660,80.5,6.7,12.8
E00184662,88.8,2.8,8.4
E00184664,84.3,0,15.7
E00184666,73.6,17,9.4
E00184673,79.1,5.3,15.6
E00184681,81.2,1.5,17.3
E00184702,78.2,7.4,14.4
E00184705,79.8,7.7,12.5
E00184707,78.3,10,11.7
E00184708,83.2,4.4,12.4
E00184709,83.9,3.5,12.6
E00184710,74.1,7,18.8
E00184711,77,5,18
E00184719,79.4,3.7,16.9
E00184720,82,8.8,9.2
E00187858,71.2,23.3,5.5
E00187859,74.6,16.3,9.2
E00187860,50.6,45.2,4.2
E00187868,58.3,22.9,18.8
E00187869,71.1,25.4,3.4
E00187872,69,9.5,21.4
E00187873,74.9,22.8,2.3
E00187874,54.5,18.4,27.1
E00187878,85.7,1.9,12.4
E00187880,83.8,5.1,11
E00187882,81,8.8,10.1
E00187884,64.7,26.6,8.7
E00187886,89,4.5,6.5
E00187887,76.4,10.5,13.1
E00187889,84.3,1.7,13.9
E00187890,65.9,21,13
E00187892,89.5,0.8,9.8
E00187893,69.1,11.5,19.4
E00187894,80.1,9,10.9
E00187895,75.7,14.3,10
E00187903,77.2,5.9,16.9
E00187905,74.4,3.8,21.8
E00187906,75.8,14.7,9.5
E00187908,72.7,11.8,15.5
E00187909,77.8,8.1,14.1
E00187910,69,20.5,10.6
E00187915,83.1,3.8,13.2
E00187916,62,10.4,27.6
E00187917,70.2,15.6,14.2
E00187921,54.9,41,4.2
E00187923,75.2,15.9,8.9
E00187928,78.8,5.8,15.5
E00187929,81.7,3.7,14.6
E00187932,76,6.5,17.5
E00187933,65.1,0.5,34.4
E00187935,60.4,17.8,21.8
E00187936,72.8,20.5,6.7
E00187937,72.6,17.1,10.3
E00187938,81.8,6.1,12.2
E00187939,79.9,12,8.1
E00187940,71,2.4,26.6
E00187942,77.8,10.6,11.7
E00187944,86,1.6,12.4
E00187945,37.6,1.2,61.2
E00187946,85.2,3,11.9
E00187948,82.7,4.7,12.6
E00187950,85.8,4.6,9.5
E00187954,88.6,6.6,4.8
E00187955,87.3,3.6,9
E00187956,79.7,6.1,14.2
E00187958,76.3,16,7.7
E00187959,84.8,4.6,10.5
E00187961,80,3.5,16.5
E00187962,87.8,1,11.2
E00187963,89.4,5.8,4.9
E00187964,76.9,7.6,15.5
E00187965,79.8,10,10.2
E00187966,83.1,10.4,6.5
E00187967,80,10.3,9.7
E00187968,86.1,1.6,12.3
E00187969,73.2,7.7,19
E00187970,80.2,11.9,7.9
E00187971,79.5,11.8,8.7
E00187974,68.2,23.5,8.3
E00187975,86.1,4.9,9
E00187978,82.7,2.5,14.8
E00187979,60.4,25.5,14.1
E00187981,84.8,1.4,13.8
E00187983,91.1,0.7,8.1
E00187984,83.6,7.7,8.7
E00187986,90,1.7,8.3
E00187987,74.1,10.7,15.3
E00187989,63.5,25,11.5
E00187990,73.7,3,23.4
E00187991,71.7,10.2,18.1
E00187994,75.4,8.5,16.2
E00187996,88.5,1.9,9.6
E00187998,87.9,0.9,11.2
E00187999,58.7,30.4,10.9
E00188000,83.8,0,16.2
E00188003,81.3,5.2,13.5
E00188006,84.9,3.9,11.2
E00188007,65,29.1,5.9
E00188008,74.9,9.1,16
E00188009,86,5.4,8.6
E00188015,83.3,2.4,14.2
E00188017,83.3,2.9,13.7