areacd,number_bedrooms_5a-001,number_bedrooms_5a-002,number_bedrooms_5a-003,number_bedrooms_5a-004
E00086549,7.1,55.1,10.2,27.6
E00086550,33.1,44.4,8.1,14.5
E00086570,3.2,16,19.1,61.7
E00086571,21.4,30.4,19.6,28.6
E00086572,13.1,38.5,12.3,36.1
E00086575,49.1,22.8,10.5,17.5
E00086576,3.6,8.9,16.1,71.4
E00086577,11.4,10.5,14.9,63.2
E00086578,55.6,25.6,13.3,5.6
E00086579,5.5,1.8,13.8,78.9
E00086581,19,52.6,16.1,12.4
E00086582,33.3,52.4,14.3,0
E00086589,0,3.8,28.3,67.9
E00086590,24.8,38,24.8,12.4
E00086592,0,4.9,41.8,53.3
E00086596,2,41.6,19.8,36.5
E00086598,0.8,20.9,31.8,46.5
E00086602,0,27.8,39.1,33.1
E00086603,14.1,64.6,15.2,6.1
E00086605,0.9,51.3,21.2,26.5
E00086609,10.5,9.6,25.4,54.4
E00086610,0.8,31.1,59.8,8.2
E00086613,38.7,20.2,18.5,22.6
E00086614,54.6,22.7,4.2,18.5
E00086615,5.5,48.3,37.2,9
E00086616,7.8,12.4,11.6,68.2
E00086617,2.7,12.4,60.2,24.8
E00086618,47.2,38.4,13.6,0.8
E00086619,24.3,32.9,32.9,10
E00086620,27.5,19.2,41.7,11.7
E00086621,17.1,15.1,54.6,13.2
E00086622,19.8,30.2,39.7,10.3
E00086623,12.7,14.9,59.7,12.7
E00086624,27.1,50,20.3,2.5
E00086625,9.6,31.1,50.4,8.9
E00086626,27.8,23.6,34,14.6
E00086627,1.5,22.3,22.3,53.8
E00086762,3.9,28.3,59.9,7.9
E00086763,0,12.1,81,6.9
E00086764,22.1,24.1,47.6,6.2
E00086765,0,31.9,54.6,13.5
E00086766,0.6,18.4,73,8
E00086767,0,28,52.3,19.7
E00086768,0,5.5,80.3,14.2
E00086769,0,15.3,79.3,5.3
E00086770,32.8,8.1,55.9,3.2
E00086771,0,3.3,90.1,6.6
E00086772,1.1,5.7,89.8,3.4
E00086773,23,3.7,73.3,0
E00086774,67.6,4.9,27.5,0
E00086775,15,35,47.5,2.5
E00086776,0.9,2.8,91.5,4.7
E00086777,0,2.6,92.3,5.1
E00086778,27.3,8.2,53.6,10.9
E00086779,0,15,77.1,7.9
E00086780,0.8,4,87.3,7.9
E00086781,43.2,11.4,37.1,8.3
E00086782,41.1,11.2,43.9,3.7
E00086783,0,3.2,91.3,5.6
E00086784,89.5,7,2.1,1.4
E00086785,0,2.9,91.9,5.1
E00086786,28,5.6,64,2.4
E00086788,28.1,50.9,21.1,0
E00086789,0.9,30.4,60.9,7.8
E00086790,16.5,30.2,43.2,10.1
E00086791,35.6,4.2,60.2,0
E00086792,1.9,61,37.1,0
E00086793,26.3,43.2,28.8,1.7
E00086794,8.8,29.8,57.9,3.5
E00086795,0.8,41.7,46.5,11
E00086796,55.1,18.1,23.9,2.9
E00086798,41.6,22.4,21.6,14.4
E00086799,12.9,23.5,61.4,2.3
E00086800,21,16.1,37.1,25.8
E00086801,1,44.8,49.5,4.8
E00086802,25.7,27.9,41.9,4.4
E00086803,19.6,46.1,28.4,5.9
E00086804,9.7,18.6,67.3,4.4
E00086805,0,28.3,69.9,1.8
E00086806,0,3,92.9,4
E00086807,13.8,2.6,77.6,6
E00086808,1.4,6.8,89,2.7
E00086809,41.4,21.1,13.3,24.2
E00086810,23.1,42.5,17.7,16.7
E00086811,30.5,35.1,29.8,4.6
E00086812,18.5,13,18.5,50
E00086813,36,29.8,28.1,6.1
E00086814,59.1,27.1,10.5,3.3
E00086815,38.1,38.7,21.4,1.8
E00086817,30.1,21.5,37.6,10.8
E00086819,57.8,30.4,7.4,4.4
E00086820,23.8,41.5,29.2,5.4
E00086821,11.8,39.6,42.4,6.3
E00086822,58.9,15.3,13.5,12.3
E00086823,32.4,31.8,18.2,17.6
E00086824,64.4,18.9,13.3,3.3
E00086825,42.5,29.2,11.5,16.8
E00086826,37.8,31.7,26.7,3.9
E00086827,34.6,28.5,33.1,3.8
E00086828,59.6,16.8,8.7,14.9
E00086829,27.7,31.4,28.3,12.6
E00086830,29.4,48.5,13.4,8.8
E00086831,26.5,36.4,28.5,8.6
E00086832,11.9,40.3,42.5,5.2
E00086833,41.2,8.4,40.5,9.9
E00086834,43.5,37,10.4,9.1
E00086835,50.3,38.2,9.6,1.9
E00086836,37.7,43.7,10.2,8.4
E00086837,58.7,28.1,7.4,5.8
E00086838,9,60.6,25.8,4.5
E00086839,36.1,32.3,24.1,7.5
E00086841,4.5,11.8,20.9,62.7
E00086842,31.3,59.2,5,4.5
E00086843,3.6,4.5,58.6,33.3
E00086844,1.7,23.9,48.7,25.6
E00086845,31.2,54.5,10.4,3.9
E00086846,12.3,16,42.5,29.2
E00086847,10.7,9.8,40.2,39.3
E00086848,20.4,54.9,9.7,15
E00086849,6.5,46.3,38.2,8.9
E00086850,67.5,11.4,5.3,15.8
E00086851,14.3,22.2,51.6,11.9
E00086852,7,40.6,15.6,36.7
E00086853,18,15.6,53.9,12.5
E00086854,49.7,30.2,16.2,3.9
E00086855,37.1,18.1,16.4,28.4
E00086856,65.7,16.7,3.9,13.7
E00086857,44.8,35.2,8.8,11.2
E00086858,65.7,13.7,5.9,14.7
E00086859,14.6,25.5,55.5,4.4
E00086860,25.9,40.4,28,5.7
E00086909,2.2,5,84.2,8.6
E00086910,78.1,15.3,5.8,0.8
E00086911,36.8,16.2,39,8.1
E00086912,4.1,17.1,71.5,7.3
E00086913,0.8,25.6,66.9,6.6
E00086914,4.2,19.2,70.8,5.8
E00086915,17.1,77.2,5.7,0
E00086916,6.8,12.7,74.6,5.9
E00086917,5.2,26.1,60.9,7.8
E00086918,9.4,35.8,50,4.7
E00086919,7.9,59.6,18.4,14
E00086920,21.7,29.2,42.5,6.7
E00086921,22.2,29.1,42.7,6
E00086922,26.4,36.8,22.2,14.6
E00086923,8.4,55.9,24.8,10.9
E00086925,8.7,46.1,37.4,7.8
E00086926,11.8,2.7,60.9,24.5
E00086929,32.1,38.4,24.5,5
E00086930,0,3.9,85,11
E00086931,18.8,37.5,31.3,12.5
E00086932,3.5,60.5,22.8,13.2
E00086933,4.1,27.9,58.2,9.8
E00086934,68.4,8.8,14.9,7.9
E00086935,26.3,25.4,43.2,5.1
E00086936,0.7,2.8,78.5,18.1
E00086937,5,28.3,61.7,5
E00086938,13.8,19.5,55.3,11.3
E00086939,0,4,81.5,14.5
E00086940,4.1,0.8,82.9,12.2
E00086941,69.7,10.1,15.7,4.5
E00086942,4.2,28.5,61.8,5.6
E00086943,10.9,29.3,52.4,7.5
E00086944,0.7,6.5,84.2,8.6
E00086945,7.5,39.2,40.3,12.9
E00086946,0,3.5,87.8,8.7
E00086947,30.1,3.9,54.9,11.1
E00086948,10.7,17.3,58.7,13.3
E00086949,0.8,7.1,76.2,15.9
E00086950,13.9,13,64.8,8.3
E00086951,4.9,0,78,17.1
E00086952,27.8,14.8,50.4,7
E00086953,2.5,18.9,65.6,13.1
E00086954,27.3,28.3,31.3,13.1
E00086955,4.1,16.4,74.6,4.9
E00086956,28.4,49.3,18.7,3.7
E00086957,35.4,39.2,22.3,3.1
E00086958,9,89.7,1.4,0
E00087052,0.8,26.6,57.3,15.3
E00087053,24.8,7.8,50.4,17.1
E00087054,50,31.9,15.2,2.9
E00087055,0.8,5.6,88.9,4.8
E00087056,10.5,40.1,44.7,4.6
E00087057,8,33.2,35.7,23.1
E00087058,13,13,70.1,3.9
E00087059,88.6,9.6,0,1.8
E00087060,62.8,34.3,2.9,0
E00087061,38.5,30.8,21.2,9.6
E00087062,13.2,50,30.1,6.6
E00087063,3.3,23.7,65.1,7.9
E00087064,13.3,21.1,32,33.6
E00087065,0.8,11.4,81.3,6.5
E00087066,6.3,24.3,49.3,20.1
E00087067,1.6,50.4,39.8,8.1
E00087069,17.9,78.4,3.7,0
E00087070,2.9,93.6,2.1,1.4
E00087071,8.6,14.7,57.8,19
E00087072,11.7,56.7,22.5,9.2
E00087073,41,35,17.9,6
E00087074,16,26.4,48,9.6
E00087075,12.2,22.8,51.2,13.8
E00087076,44,22.9,33,0
E00087077,28.1,43.9,25.4,2.6
E00087078,13.5,39.7,42.1,4.8
E00087079,1.6,39.8,48,10.6
E00087080,10.3,32.8,44,12.9
E00087081,21.7,25.2,37.4,15.7
E00087082,1.8,16.7,73.7,7.9
E00087083,14.9,30.4,49.3,5.4
E00087084,13.2,65.3,15.7,5.8
E00087085,33.6,24.6,31.1,10.7
E00087086,9.8,34.1,49.2,6.8
E00087087,95,5,0,0
E00087088,7.2,26.1,54.1,12.6
E00087089,10.9,41.2,44.5,3.4
E00087090,33.7,22.1,26.9,17.3
E00087091,0.9,98.1,0.9,0
E00087092,0,7.6,87.6,4.8
E00087093,18.9,20.7,55,5.4
E00087094,3.2,63.2,31,2.6
E00087095,1.3,57.1,34.4,7.1
E00087096,0.9,29.6,63.5,6.1
E00087097,50,32.1,14.3,3.6
E00087098,6.6,21.1,61.2,11.2
E00087099,1.8,12.6,66.7,18.9
E00087100,0.9,27.4,54,17.7
E00087101,0,35.5,58.9,5.7
E00087102,5,17.4,38.8,38.8
E00087103,2.5,7.4,53.3,36.9
E00087104,35.2,38.3,21.1,5.5
E00087105,5.7,15,72.9,6.4
E00087106,10.3,11.8,53.7,24.3
E00087107,26.8,31,35.1,7.1
E00087108,10.9,33.3,48.8,7
E00087109,8,31.4,46.8,13.8
E00087110,0,0.8,37.6,61.6
E00087111,5.2,26,57.1,11.7
E00087112,4.7,3.1,61.4,30.7
E00087113,3.2,24.6,48.4,23.8
E00087114,0.8,25,67.7,6.5
E00087115,25.9,18,51.1,5
E00087116,4,14.5,73.4,8.1
E00087117,38.2,48.3,9,4.5
E00087118,25.6,57,15.7,1.7
E00087119,0.8,31.1,35.6,32.6
E00087120,32.1,35.8,29.1,3
E00087121,2.9,10.3,66.9,19.9
E00087122,9.1,34,49.7,7.1
E00087123,5.9,51.3,34.5,8.4
E00087124,25.5,45.7,21.3,7.4
E00087125,36,33.1,28.1,2.9
E00087126,3.6,2.7,48.6,45
E00087127,0.8,0.8,64.7,33.6
E00087128,1.6,3.1,27.9,67.4
E00087129,24,29.5,42.6,3.9
E00087130,5.8,6.7,45.8,41.7
E00087131,12.9,45.3,35.3,6.5
E00087132,70.5,22.7,4.5,2.3
E00087133,27.3,28.2,38.2,6.4
E00087134,7.7,11.1,35,46.2
E00087135,71.9,18.8,8.3,1
E00087136,3.4,93.2,1.4,2
E00087137,28.7,24.3,28.7,18.3
E00087138,0,14.8,56.5,28.7
E00087139,0,0,73.6,26.4
E00087140,16.7,21,39.1,23.2
E00087141,0,3.9,16.4,79.7
E00087142,4.3,6.8,35,53.8
E00087143,3.4,3.4,62.2,31.1
E00087144,11.2,29.4,43.4,16.1
E00087145,17.9,27.4,42.9,11.9
E00087146,15.3,21.9,32.8,29.9
E00087147,17.1,41.1,36.3,5.5
E00103085,4,28,62.4,5.6
E00103086,51.8,43,2.6,2.6
E00103087,19.2,64,10.4,6.4
E00103088,2.8,25.5,60.4,11.3
E00103089,5.6,30.2,53.2,11.1
E00103090,11.6,10.1,70.5,7.8
E00103091,6.7,25.2,62.2,5.9
E00103092,30.7,15.7,44.1,9.4
E00103093,31.5,25.2,35.1,8.1
E00103094,28.4,32.9,31.6,7.1
E00103096,14.2,41.4,36.7,7.7
E00103097,17.3,25.5,54.5,2.7
E00103101,23.5,50.8,17.9,7.8
E00103102,2.4,32.8,45.6,19.2
E00103103,4.6,34.4,29.8,31.3
E00103104,86.2,10,3.1,0.8
E00103105,11.8,72.3,10.9,5
E00103106,15.2,56.3,21.9,6.6
E00103107,5.1,46.3,31.6,16.9
E00103108,15.6,33.5,39,11.9
E00103109,17.8,41.1,16.6,24.5
E00103110,0,36.2,37.8,26
E00103111,0,24.8,50.4,24.8
E00103112,44.8,18.4,24.8,12
E00103113,30.9,57.6,9.2,2.3
E00103114,11.1,52.3,16.3,20.3
E00103129,0.7,15.2,37,47.1
E00103137,0,14.3,36.4,49.3
E00103147,0,19.7,29.1,51.2
E00103148,3.8,25.9,49.4,20.9
E00103149,0.6,17.9,46.2,35.3
E00103150,2.9,15.3,48.2,33.6
E00103151,1.5,18.3,37.4,42.7
E00103152,28.2,15.5,47.3,9.1
E00103153,0,27.7,50,22.3
E00103154,0.7,28.5,47.9,22.9
E00103155,0,12.7,46.3,41
E00103156,3.4,1.7,93.3,1.7
E00103157,2.4,18.7,65,13.8
E00103158,1.3,26.5,43.9,28.4
E00103215,0,5.8,35.5,58.7
E00103216,0.8,32.8,51.6,14.8
E00103217,8.9,44.7,39,7.3
E00103218,0,19.7,49.6,30.7
E00103219,18.4,59.2,15.1,7.2
E00103220,1.4,23.6,44.3,30.7
E00103221,7.2,45.1,37.3,10.5
E00103223,6.9,36.6,35.9,20.6
E00103224,3.6,38.7,42.3,15.3
E00103225,1.5,35.4,53.1,10
E00103226,0.8,52,25.2,22
E00103227,0,22.6,43.5,33.9
E00103228,0,37.6,44.8,17.6
E00103229,10.8,49.6,28.1,11.5
E00103230,9.7,30.3,37.4,22.6
E00103231,2.4,19.2,56,22.4
E00103232,0,24.6,46.2,29.2
E00103233,1.8,49.1,39.1,10
E00103234,0.7,48.1,32.6,18.5
E00116742,0,5.7,30.3,63.9
E00116743,0.8,22.4,40,36.8
E00116744,9.4,14.5,39.3,36.8
E00116745,0.7,17.9,42.1,39.3
E00116746,1.8,31.5,42.3,24.3
E00116747,4.3,26.5,48.7,20.5
E00116748,0,16.5,48.8,34.7
E00116749,2.9,20,48.6,28.6
E00116750,2.1,12.3,37.7,47.9
E00116751,5.3,26,39.7,29
E00116752,4.2,10.8,58.3,26.7
E00116753,5.8,20,40,34.2
E00116754,4.1,15.8,45.6,34.5
E00116755,2.5,14.9,47.9,34.7
E00116756,0.8,20.5,39.3,39.3
E00116757,1.7,15,33.3,50
E00116758,24.6,56.9,10.8,7.7
E00116759,2.3,20.3,39.8,37.6
E00116760,7.6,17.6,31.9,42.9
E00116761,4,39.5,36.3,20.2
E00116762,0,28.4,47,24.6
E00116763,0.9,20.7,57.8,20.7
E00116764,0.8,33.6,48.4,17.2
E00116765,27.1,60,11.4,1.4
E00116766,1.5,21.5,46.7,30.4
E00116767,1.4,49.6,22.3,26.6
E00116768,1.7,27.4,41.9,29.1
E00116769,2.4,54.5,30.9,12.2
E00116770,0.8,30.2,39.5,29.5
E00116771,0.7,32.8,48.2,18.2
E00116772,0,35,26.3,38.7
E00116773,0.8,28.5,47.7,23.1
E00116774,15.3,44.8,15.8,24.1
E00116775,2.1,25.9,46.2,25.9
E00116776,11.2,38.1,38.1,12.7
E00116777,29.5,16.1,25,29.5
E00116778,5.8,50.4,26.6,17.3
E00116779,10.9,34.6,38.5,16
E00116780,0.7,39.1,46.4,13.8
E00116781,1.4,11.6,36.2,50.7
E00116782,4.8,20.2,34.5,40.5
E00116783,0.8,4.7,43.8,50.8
E00116784,19.9,67.3,7.6,5.3
E00116785,1.7,61.3,25.2,11.8
E00116786,0,14.1,59.2,26.8
E00116787,1.5,10.5,42.1,45.9
E00116788,2.2,36.8,46.3,14.7
E00116789,1.5,19.2,48.5,30.8
E00116790,4.4,16.2,52.9,26.5
E00116791,0,15.3,65.3,19.5
E00116792,5.9,12.8,43.3,38
E00116793,25,37.1,29.8,8.1
E00116794,5.5,21.9,59.4,13.3
E00116795,25.8,64.4,7.6,2.3
E00116796,1.4,11.6,67.8,19.2
E00116797,21.6,33.6,29.6,15.2
E00116798,2.6,36.2,43.1,18.1
E00116799,0.8,34.6,49.2,15.4
E00116800,3,40.6,35.3,21.1
E00116801,1.4,24.1,48.9,25.5
E00116802,2.1,26.8,35.2,35.9
E00116803,0.7,7.4,55.9,36
E00116804,0.7,24.8,47,27.5
E00116805,2.9,34.8,31.2,31.2
E00116806,11,7.1,22,59.9
E00116807,6.2,20.2,38,35.7
E00116808,1.5,20.8,32.3,45.4
E00116809,5.9,19.9,45.6,28.7
E00116810,4.1,15.1,40.4,40.4
E00116811,0,17.9,33.3,48.7
E00116812,0,29.6,38,32.4
E00116813,1.3,10.1,46.5,42.1
E00116814,1.9,29.2,57.1,11.8
E00116815,2.4,10.2,55.1,32.3
E00116816,1.4,16.3,42.9,39.5
E00116817,9.9,19.8,24.8,45.5
E00116818,2.2,22.5,38.2,37.1
E00116819,5.3,11.7,36.2,46.8
E00116820,0,9.6,22.6,67.8
E00116821,4.1,8.1,49.6,38.2
E00116822,0.7,17.2,35.1,47
E00116823,0.8,14.5,49.6,35.1
E00116824,2.3,27.1,30.8,39.8
E00116825,3.9,16.4,46.9,32.8
E00116826,3.3,16.5,37.2,43
E00116827,2,19,49.7,29.3
E00116828,5.8,22.1,34.9,37.2
E00116829,6.5,17.3,34.5,41.7
E00116830,6.2,13.7,30.1,50
E00116831,0,4.2,69.2,26.7
E00116832,3.5,15.9,36.3,44.2
E00116833,0,9.6,43.5,47
E00116834,1.7,23.9,36.8,37.6
E00116835,2,18,49,31
E00116836,1.8,20.4,61.9,15.9
E00116837,0,14.5,39.5,46
E00116838,0.8,13.1,35.4,50.8
E00116839,2.1,8.5,22.7,66.7
E00116840,11.7,19.8,32.7,35.8
E00116841,10.4,13.4,44,32.1
E00116842,9.9,18.3,31,40.8
E00116843,3.8,15,34.6,46.6
E00116844,0,20,30,50
E00116845,4.1,15.8,26.7,53.4
E00116846,2.2,14.3,30.8,52.7
E00116847,4.4,20.2,47.4,28.1
E00116848,0,16.5,32,51.5
E00116849,8.8,30.1,36.3,24.8
E00116850,16.9,25.4,24.6,33.1
E00116851,4.4,10.5,32.5,52.6
E00116852,3.6,15.5,40,40.9
E00116853,1.4,3.6,22.5,72.5
E00116854,2.7,16.8,44.2,36.3
E00116855,0.7,5.8,17.5,75.9
E00116856,33.7,42.1,16.3,7.9
E00116857,0.8,20.3,30.9,48
E00116858,12.3,24.1,53.7,9.9
E00116859,0,11.4,34.2,54.4
E00116860,7.8,7.8,52.9,31.4
E00116861,2.3,9.1,22,66.7
E00116862,0.8,16.9,50.8,31.4
E00116863,0,2.5,19.2,78.3
E00116864,7,26.1,38,28.9
E00116865,1.6,18,44.5,35.9
E00116866,5.6,16.7,37.8,40
E00116867,0,30.2,55.6,14.3
E00116869,38.8,35.3,21.6,4.3
E00116870,1.3,33.6,25,40.1
E00116871,2.3,24.3,60.7,12.6
E00116872,3.9,31.8,39.5,24.8
E00116873,16.6,36.4,43,4
E00116874,3.1,2.3,74.2,20.3
E00116875,30.6,33.3,23.4,12.6
E00116876,33,45.9,11.9,9.2
E00116877,8.8,46.2,24.7,20.3
E00116878,4.3,10.9,37,47.8
E00116879,11.8,26.5,22.1,39.7
E00116880,0,49.6,39.2,11.2
E00116881,0,4,17.6,78.4
E00116882,1.4,19,40.1,39.4
E00116886,1.7,2.5,62.7,33.1
E00116887,5.8,18.1,42.6,33.5
E00116888,8.4,5.6,49.5,36.4
E00116889,0,5,47.5,47.5
E00116891,2.7,2.7,72.3,22.3
E00116892,48.3,13.6,21.2,16.9
E00116893,2.4,20.8,47.2,29.6
E00116894,15.4,21.1,31.4,32
E00116901,5.3,14.3,59.4,21.1
E00116902,14.3,42.9,33.3,9.5
E00116903,0.9,14,33.3,51.8
E00116904,2.4,10.2,37,50.4
E00116908,20.9,10.9,61.8,6.4
E00116910,22.9,47.9,27.1,2.1
E00116911,7.7,46.2,27.9,18.3
E00116912,2.3,43.5,38.2,16
E00116913,10.6,27.7,36.2,25.5
E00116914,36.3,38.7,18.5,6.5
E00116915,1.5,17.3,26.3,54.9
E00116916,4.9,13.6,34.6,46.9
E00116917,26.5,57.8,9.6,6
E00116920,27.5,44.4,25.4,2.8
E00116931,10.4,15.6,42.7,31.3
E00116932,0,11.9,35.6,52.5
E00116953,5.1,27.6,30.1,37.2
E00116954,46.3,6,43.3,4.5
E00116955,23.6,51.4,20,5
E00116956,0.8,29.1,50.4,19.7
E00116957,2.5,25.8,55.8,15.8
E00116958,21.1,36.6,33.3,8.9
E00116959,2.6,29.6,51.3,16.4
E00116960,8.3,36.4,52.1,3.3
E00116961,3.6,49.6,39.4,7.3
E00116962,58.3,30.1,9.7,1.9
E00116963,23.7,35.6,31.1,9.6
E00116964,0.8,20.2,40.3,38.8
E00116965,1.5,36.1,45.1,17.3
E00116966,0,15.8,41.7,42.5
E00116967,16.2,19.5,44.8,19.5
E00116968,16.9,32.3,32.3,18.5
E00116970,1.6,10.2,35.2,53.1
E00116971,1.5,17.3,54.1,27.1
E00116972,22.1,35.7,24,18.2
E00116996,6.4,18.3,36.7,38.5
E00117003,6.5,12,36.1,45.4
E00117036,4,14.7,45.3,36
E00117037,0.7,21,54.3,23.9
E00117038,9.2,25.8,53.3,11.7
E00117039,29,27.6,27.6,15.9
E00117040,0.6,36.3,30.4,32.7
E00117041,0.9,56.4,27.4,15.4
E00117042,2.1,24.7,40.4,32.9
E00117043,0.7,15.4,54.4,29.4
E00117044,7.6,47.3,34.4,10.7
E00117045,6.6,15.1,41.5,36.8
E00117046,3.1,22.1,40.5,34.4
E00117047,0.7,17.2,56.3,25.8
E00117048,12.3,80.8,4.1,2.7
E00117049,6.8,35,45.3,12.8
E00117050,1.6,14.1,68.8,15.6
E00117051,1.8,28.8,40,29.4
E00117052,3.2,14.3,20.6,61.9
E00117053,4.1,17.1,56.2,22.6
E00117054,8.8,39,35.2,17
E00117058,0,34.9,35.7,29.5
E00117066,4.5,45.5,40.3,9.7
E00117067,1.6,37,44.1,17.3
E00117069,0.7,29.2,40.1,29.9
E00117070,3.1,12.4,38,46.5
E00117072,0,12,53,35
E00117073,0.7,11.4,41.4,46.4
E00117074,0.8,28.5,54.5,16.3
E00117075,0,25.8,55.6,18.5
E00117076,11.2,29.1,29.9,29.9
E00117077,1.4,21.7,33.6,43.4
E00117078,7.1,23.6,49.3,20
E00117079,20.4,19.7,38,21.8
E00117080,1.7,26.5,46.2,25.6
E00117081,29.1,34.5,27.7,8.8
E00117082,63.3,20,10,6.7
E00117083,1.5,10,63.1,25.4
E00117084,11.6,50.4,29.5,8.5
E00117085,16.8,41.2,19.3,22.7
E00117086,6.2,16.2,30,47.7
E00117087,19.6,24.1,41.1,15.2
E00117088,11.6,21.7,53.5,13.2
E00117089,0.8,16,47.9,35.3
E00117090,13,15.2,39.1,32.6
E00117091,0,29.3,50.4,20.3
E00117092,0.7,5.1,34.6,59.6
E00117093,0,8.3,38.3,53.4
E00117094,20.9,40.7,30.5,7.9
E00117095,5.7,13.8,40.8,39.7
E00117096,18.4,52.5,21.1,8.1
E00117097,25.9,48.9,19.5,5.7
E00117098,17,23.3,23.9,35.8
E00117099,7.9,35.1,38.6,18.4
E00117100,17.4,33.9,26.6,22
E00117101,0,15.8,37.7,46.5
E00117102,2.8,15.6,41.3,40.4
E00117103,1.6,11.9,48.4,38.1
E00117106,1,16.2,46.5,36.4
E00117107,35.8,16.4,23.9,23.9
E00117108,0,34.3,34.3,31.4
E00117109,38.7,21.6,22.5,17.1
E00117110,28.8,45.8,17.8,7.6
E00117111,41.8,32.9,14.4,11
E00117112,0.7,2.2,64.7,32.4
E00117113,0,4.1,27.4,68.5
E00117114,3.5,17.4,33,46.1
E00117115,10.8,23.8,43.1,22.3
E00117116,0,1.5,17.3,81.2
E00117117,4.9,20.5,37.8,36.8
E00117118,15.8,28.8,28.8,26.7
E00117119,11.5,24.8,48.7,15
E00117120,5,10.8,54,30.2
E00117121,3.1,34.6,31.5,30.8
E00117122,1,40.8,50.8,7.3
E00117123,21.8,17.8,29.3,31
E00117124,7.1,38.8,41.1,12.9
E00117125,3.3,20.3,45.8,30.7
E00117126,26.6,34.7,25,13.7
E00117127,9,7.7,29.5,53.8
E00117146,2.8,32.6,45.1,19.4
E00117147,4.8,31,47.6,16.6
E00117148,6.1,19.7,59.1,15.2
E00117149,7.4,51.4,33.8,7.4
E00117150,36.3,41.9,19.4,2.4
E00117151,0.7,29.9,53.3,16.1
E00117152,6.5,57.1,26.6,9.7
E00117153,16.5,71.1,11.6,0.8
E00117154,25,61.8,10.3,2.9
E00117155,27.5,58.1,10.2,4.2
E00117156,2.3,39.5,27.1,31
E00117157,2.5,51.6,36.9,9
E00117158,9.2,78.5,10.8,1.5
E00117159,22.4,24.8,38.2,14.5
E00117160,21.4,3.6,64.3,10.7
E00117161,10.4,28.3,48.1,13.2
E00117162,0,52.8,42.4,4.8
E00117163,49.7,40.5,7.2,2.6
E00117164,22.8,31.7,37.4,8.1
E00117165,4.2,26.1,53.5,16.2
E00117166,0.6,26,48.7,24.7
E00117167,14.9,29.8,45.4,9.9
E00117168,5.7,41.8,48.4,4.1
E00117169,6.5,10.6,52.8,30.1
E00117170,3.6,19,39.3,38.1
E00117171,0.9,13.7,63.2,22.2
E00117172,0,37.2,40.7,22.1
E00117173,3.6,20.4,39.3,36.7
E00117174,19.8,22.1,51.9,6.1
E00117175,8.1,40.3,38.7,12.9
E00117176,3.4,20.7,43.4,32.4
E00117177,16.2,36.2,31.5,16.2
E00117178,11.3,22.6,50.4,15.7
E00117179,1.4,13.8,42,42.8
E00117180,19.4,37,29.7,13.9
E00117181,0.9,20.7,60.3,18.1
E00117182,0.7,48.6,44.2,6.5
E00117183,8.1,39,31.6,21.3
E00117184,38.1,25.7,36.3,0
E00117185,33.6,10.7,34.4,21.3
E00117186,18,43,32.8,6.3
E00117187,4.1,13.7,28.1,54.1
E00117188,1.7,13.3,65,20
E00117189,1,6.9,38.2,53.9
E00117193,0,17.9,17.9,64.3
E00117194,0.8,4.5,27.3,67.4
E00117198,5.1,31,26.6,37.3
E00117239,18.3,33.3,28.6,19.8
E00117240,7.5,29.3,51,12.2
E00117241,2.1,19.7,59.9,18.3
E00117242,34.9,34.4,20.4,10.2
E00117243,7,50.7,40.8,1.4
E00117244,8.9,33.1,43.9,14
E00117245,7.5,24.2,55.3,13
E00117246,4.3,20,48.6,27.1
E00117247,0.8,25.6,59.7,14
E00117248,3.1,9.4,69.3,18.1
E00117249,18.5,36.3,37.7,7.5
E00117250,0,21.5,41.3,37.2
E00117251,0.7,8.9,68.1,22.2
E00117252,0.8,3.9,27.3,68
E00117253,2.2,14.9,27.6,55.2
E00117254,14.6,28.5,37.2,19.7
E00117255,0.8,32.3,60,6.9
E00117256,1.6,46.3,41.5,10.6
E00117257,2.2,19.6,52.9,25.4
E00117258,3.4,24.4,48.7,23.5
E00117259,0.8,27.8,46.8,24.6
E00117260,1.5,25,51.5,22
E00117261,6.3,27.1,50,16.7
E00117262,22.5,40.8,34.2,2.5
E00117263,4.9,39.3,34.4,21.3
E00117264,1.5,26.2,49.2,23.1
E00117265,11.7,28.5,54.2,5.6
E00117266,2.4,23.6,63,11
E00117267,13.4,30.7,51.2,4.7
E00117268,24,35.1,36.8,4.1
E00117269,47.8,31.3,19.9,1
E00117270,12.8,37.6,44.3,5.4
E00117271,5.3,42.4,39.7,12.6
E00117272,3.4,36.2,53.4,6.9
E00117273,4.2,39.2,50,6.7
E00117274,7.7,23.5,43.4,25.5
E00117275,2.8,22.2,53.7,21.3
E00117277,40.2,18.9,39.4,1.6
E00117278,0.9,11.9,78,9.2
E00117279,18,29.5,49.2,3.3
E00117280,4.8,12,49.7,33.5
E00117281,0,3.3,94.2,2.5
E00117282,14.5,52.6,28.3,4.6
E00117283,9.8,13.2,32.2,44.8
E00117284,0.8,14.2,71.7,13.3
E00117285,2.3,34.6,54.1,9
E00117286,0.8,17.1,69.1,13
E00117287,4.2,14.4,43.5,38
E00117288,0,3.6,84.8,11.6
E00117289,0.8,3.3,93.5,2.4
E00117290,0,12.2,84.7,3.1
E00117291,30.8,16.7,40,12.5
E00117292,18.3,25.2,48.9,7.6
E00117293,17.4,34.7,30.6,17.4
E00117294,18.1,31,31,19.8
E00117295,10.5,21,64.5,4
E00117296,14.7,34.9,47.3,3.1
E00117297,3.3,24,24.8,47.9
E00117298,8.7,19.7,58.3,13.4
E00117299,3.9,14,65.9,16.3
E00117300,5.6,25.2,39.3,29.9
E00117301,1.6,22.2,46.8,29.4
E00117302,0.8,29.5,47.3,22.5
E00117303,0,5,62.8,32.2
E00117304,13.7,47.3,35.1,3.8
E00117305,1.6,21.3,61.4,15.7
E00117306,4.9,8.9,61,25.2
E00117307,2.4,38.9,52.4,6.3
E00117308,9.4,34.6,48,7.9
E00117309,1.5,23.8,66.2,8.5
E00117310,19.2,44.6,25.4,10.8
E00117311,0.8,16.7,57.6,25
E00117312,0.8,37.2,52.9,9.1
E00117313,10.4,34,29.2,26.4
E00117314,17.6,30.4,31.8,20.3
E00117315,21.1,35.9,15.5,27.5
E00117316,31.2,19.9,23.4,25.5
E00117317,25.5,19.6,33.3,21.6
E00117318,0.9,48.7,24.8,25.7
E00117319,22,18.7,50.4,8.9
E00117320,0,16.4,69.7,13.9
E00117321,4.4,10.6,82.3,2.7
E00117322,17.5,40.8,35,6.7
E00117323,6.4,21.6,50.4,21.6
E00117324,7.9,32.3,46.5,13.4
E00117325,31.9,26.9,19.3,21.8
E00117326,5.6,17.6,56.8,20
E00117327,1.6,18.5,66.9,12.9
E00117328,0.9,38.5,50.4,10.3
E00117329,42.7,35.5,12.7,9.1
E00117730,0,0.7,7.9,91.4
E00117731,2.2,8.1,38.4,51.4
E00117732,0,6.9,38.9,54.3
E00117733,10,15,35,40
E00117734,7.3,25.8,37.1,29.8
E00117735,0.8,3.9,32.3,63
E00117736,0.8,4.2,16.7,78.3
E00117737,7.4,8.7,51.7,32.2
E00117739,2.3,18.5,45.4,33.8
E00117740,27,27,15.3,30.6
E00117741,4,6.4,20.8,68.8
E00117742,24.1,38.4,15.2,22.3
E00117743,0,5.7,39.3,55
E00117744,0,0.8,25.8,73.3
E00117745,0,22.4,47.4,30.2
E00117746,19.1,48.1,22.4,10.4
E00163058,0.9,3.4,24.1,71.6
E00163059,3.5,20.4,44.4,31.7
E00166944,28.1,20.3,44.5,7
E00166945,62.8,34,2.1,1.1
E00166948,36.4,44.2,14.9,4.5
E00166953,8.1,49.5,21.6,20.7
E00166954,55.8,32.6,5.8,5.8
E00166956,10.6,79.5,8.3,1.5
E00166958,35.3,14.1,15.3,35.3
E00167009,12.2,12.2,29.3,46.3
E00167010,51.9,45.3,1.9,0.9
E00167012,17.1,74.3,1,7.6
E00171455,19.4,36.3,22.4,21.9
E00171459,10,34.5,24.5,30.9
E00171460,6.5,20.6,65.4,7.5
E00171461,5.9,35.3,52.9,5.9
E00171462,6.7,17.9,43.3,32.1
E00171463,0.7,3,47.8,48.5
E00177756,38.6,44.6,5,11.9
E00178641,2.2,6.7,42.2,48.9
E00179080,10.4,73.6,10.4,5.7
E00180423,0,20,50,30
E00180437,0.4,26,28.4,45.2
E00181838,67,29.1,2.9,1
E00183035,6.5,17.4,50,26.1
E00183429,5.9,44.1,23.5,26.5
E00186517,13.8,42.3,38.5,5.4
E00190526,40.5,18.4,38.4,2.6
E00190533,19,32.1,11.9,36.9
E00190534,10.6,88.5,0.9,0
E00190545,3,17.4,66.7,12.9
E00190551,1,37.9,52.4,8.7
E00190554,26,68.3,4.1,1.6
E00190578,12.9,20.8,50.5,15.8