geography_code,passports_all_4a-001,passports_all_4a-002,passports_all_4a-003
E00067918,62.7,21.3,16
E00067919,63.1,20.9,16
E00067920,53.8,23.1,23.1
E00067921,50.2,26.7,23.1
E00067922,52.3,27.4,20.3
E00067923,70.7,16.4,13
E00067926,51.7,34.7,13.6
E00067927,54.9,27.2,17.9
E00067928,60.4,17.1,22.5
E00067929,59.7,12,28.3
E00067930,62.9,25.2,11.9
E00067931,54.6,27.5,17.9
E00067932,80.4,10.8,8.9
E00067933,74,10.7,15.3
E00067934,71,17.3,11.6
E00067935,69.4,21.2,9.4
E00067942,56.1,16.4,27.5
E00067943,57.6,29.7,12.7
E00067945,62,18.2,19.8
E00067946,57.1,19.2,23.7
E00067947,61.4,20.6,18
E00067948,66.1,26.1,7.8
E00067949,49.3,33.9,16.8
E00067950,62.3,17,20.7
E00067952,55.9,16.3,27.8
E00067953,57.4,19,23.5
E00067954,49.2,31.1,19.7
E00067955,54.4,31.6,13.9
E00067956,56,25.4,18.7
E00067957,51.1,30.6,18.3
E00067958,72,16.1,11.8
E00067959,58.1,22.9,19
E00067960,81.5,4.9,13.6
E00067961,87.5,1.4,11.1
E00067962,92.2,0.4,7.5
E00067963,87.6,5.4,6.9
E00067964,85.7,4.8,9.5
E00067965,88.5,1.9,9.6
E00067966,87.7,1.8,10.5
E00067967,90.2,2.2,7.6
E00067968,85.7,1.6,12.7
E00067969,83.8,1.7,14.5
E00067970,84,2.8,13.1
E00067971,85.1,2.7,12.2
E00067972,91.8,2.1,6.2
E00067973,85.9,3,11.1
E00067974,85.2,2.5,12.3
E00067975,86.4,3.3,10.3
E00067976,89.8,2.9,7.3
E00067977,93.6,1.6,4.8
E00067978,83.3,4,12.8
E00067979,84.6,3,12.4
E00067980,82.9,2.4,14.7
E00067981,85,1.3,13.7
E00067982,84.7,2.4,12.9
E00067983,87.8,1.7,10.5
E00067985,62.1,9.4,28.6
E00067987,84.6,3.5,11.9
E00067988,83.2,1.8,15
E00067989,91.9,0.6,7.5
E00067990,91.1,1.4,7.4
E00067991,83.6,3.2,13.2
E00067992,89.4,3.4,7.2
E00067993,83.5,2.9,13.7
E00067994,88.3,3.7,8
E00067995,84.7,1.8,13.5
E00067996,93,1.1,6
E00067997,84.2,4.2,11.6
E00067998,87.9,2.9,9.3
E00067999,85.5,2.1,12.3
E00068000,75.1,3.3,21.5
E00068001,88.9,0.9,10.1
E00068002,78.8,7,14.3
E00068003,82.4,1.8,15.8
E00068004,90.2,2.7,7.2
E00068005,94.1,2,3.9
E00068055,42.4,33.3,24.3
E00068056,38,40.4,21.5
E00068057,83.5,8.6,7.9
E00068058,72.1,17.6,10.2
E00068059,62.1,28.5,9.4
E00068060,66.6,26,7.4
E00068062,61.8,22.8,15.4
E00068063,44.4,40.6,14.9
E00068065,54.8,23.4,21.9
E00068066,65.6,17.3,17.1
E00068068,57.4,27.3,15.2
E00068070,52.7,32.6,14.7
E00068071,59.2,14.3,26.5
E00068072,46.5,30.1,23.4
E00068073,44,33.5,22.6
E00068075,40.5,34.9,24.6
E00068076,44.8,33.7,21.5
E00068077,53.2,34.4,12.5
E00068078,69.1,23.5,7.4
E00068079,64.4,23.2,12.4
E00068080,58.2,28.6,13.1
E00068081,41.1,36.6,22.3
E00068082,81.9,12.6,5.5
E00068083,36.4,44.2,19.5
E00068084,56.3,35,8.7
E00068085,74.4,15.6,9.9
E00068086,61.6,29.5,8.9
E00068087,58.5,30.5,11
E00068088,54.9,31.8,13.2
E00068089,67,25.1,7.9
E00068188,80.9,2,17.1
E00068189,80.4,2.3,17.4
E00068190,61.1,8,31
E00068191,79.4,0.7,19.9
E00068192,74.7,3.6,21.7
E00068193,79.9,5.7,14.4
E00068194,83.2,3.6,13.2
E00068195,83.7,3.1,13.2
E00068196,80.5,3.7,15.8
E00068197,74.1,4.8,21.1
E00068198,75.3,6.1,18.6
E00068199,79.5,3.5,17.1
E00068200,71.4,3.7,24.8
E00068201,88.5,1.9,9.6
E00068202,65.2,7.7,27.2
E00068203,75,4.3,20.7
E00068204,81.8,1.5,16.7
E00068205,81.7,2.6,15.8
E00068206,72.5,1.3,26.1
E00068207,72.9,6.6,20.5
E00068208,72.8,3.5,23.7
E00068209,84,2.3,13.7
E00068210,61.6,7.2,31.1
E00068211,71,5.1,23.9
E00068212,86.8,2.8,10.4
E00068213,77.9,3.9,18.1
E00068214,71.2,3.6,25.2
E00068215,80.8,4.7,14.6
E00068216,85.8,0.3,13.9
E00068217,83.9,4,12.1
E00068218,86.4,1.7,11.9
E00068219,80.6,6.9,12.4
E00068220,64.9,5,30.1
E00068221,70.8,3.6,25.6
E00068222,74.6,4.6,20.8
E00068223,75.2,4.2,20.6
E00068224,59.7,13.2,27.1
E00068225,59.8,8.9,31.3
E00068226,69.3,5.1,25.6
E00068227,75.6,2.5,21.9
E00068228,71.5,4.3,24.1
E00068229,71.3,4.3,24.5
E00068230,86.1,0.7,13.2
E00068272,89.3,3.6,7.1
E00068273,86.6,4,9.4
E00068274,88.7,5.1,6.1
E00068275,77.2,6.5,16.3
E00068276,81.3,4.6,14.1
E00068277,78.1,5.6,16.4
E00068278,67.8,9.4,22.7
E00068279,66.5,18.1,15.4
E00068280,92.5,2,5.6
E00068281,83.5,8.9,7.6
E00068282,93,2.3,4.7
E00068283,82.7,4.1,13.2
E00068284,85.1,5.6,9.3
E00068285,73.2,12,14.8
E00068286,78.6,5.8,15.5
E00068287,84.6,6.5,9
E00068288,84.1,4.5,11.4
E00068289,71.1,15.6,13.3
E00068290,83.9,6.9,9.2
E00068291,72.8,15.4,11.8
E00068292,68.4,19.8,11.8
E00068293,75.1,14.4,10.6
E00068294,64.9,9.4,25.7
E00068295,61.7,11.1,27.2
E00068296,62.4,8.4,29.3
E00068297,75.4,5.2,19.4
E00068298,65.3,15.3,19.3
E00068299,60.6,15.2,24.2
E00068301,61.6,14.1,24.3
E00068302,75.6,15.4,9
E00068303,71.8,14.6,13.7
E00068304,67.9,16.2,15.9
E00068306,91,1.2,7.8
E00068307,83.8,11.1,5.1
E00068308,87.3,5.5,7.3
E00068309,89.2,1.3,9.5
E00068310,93.4,2.1,4.5
E00068312,84.9,2.3,12.8
E00068314,78.6,4.8,16.6
E00068315,70.2,6.3,23.5
E00068316,68.3,14.6,17.1
E00068317,54,10.8,35.2
E00068318,56.7,10.8,32.6
E00068319,55.7,6.1,38.2
E00068320,72.6,2.8,24.7
E00068321,61.1,8.8,30.1
E00068322,56.3,11.1,32.7
E00068323,66.2,11.7,22.1
E00068324,66.4,12.8,20.8
E00068325,72.6,9.4,18.1
E00068326,82.4,3,14.6
E00068327,84.1,4.5,11.4
E00068328,61,14.6,24.4
E00068329,85.6,2.3,12
E00068330,70.1,9,20.9
E00068331,57.7,7.9,34.4
E00068332,70.7,7.1,22.2
E00068333,57.5,9.3,33.1
E00068334,77.2,3.4,19.5
E00068335,77.4,3.7,18.9
E00068336,61.3,8.3,30.5
E00068337,57.1,8,34.9
E00068338,56.2,7.5,36.3
E00068339,75,3,22
E00068340,84.9,1.8,13.3
E00068341,54.1,9.9,36
E00068342,66.9,12.8,20.3
E00068343,65.4,7,27.6
E00068344,53.3,10.4,36.4
E00068345,83.1,3.9,12.9
E00068346,79,5.5,15.5
E00068347,76.6,3.2,20.2
E00068348,60.7,12.9,26.5
E00068349,49.8,22.5,27.6
E00068350,71,15.5,13.5
E00068351,76.6,7.9,15.5
E00068352,68.4,6.1,25.6
E00068353,73.6,3.8,22.6
E00068354,73.8,6.2,20
E00068355,73.3,8.4,18.2
E00068356,76,3,20.9
E00068357,74.1,3,22.9
E00068358,86.4,5.9,7.7
E00068359,67.1,7.9,25
E00068380,83.9,9.2,6.9
E00068382,81.4,4.8,13.8
E00068383,58.6,7,34.4
E00068384,90.2,3.5,6.3
E00068385,82.6,8.5,8.8
E00068398,69.8,9.8,20.4
E00068399,69.7,5.1,25.2
E00068400,77.9,8.3,13.8
E00068401,73.5,14.9,11.6
E00068402,64.9,11.8,23.3
E00068403,61.7,20.6,17.6
E00068404,71.4,10.9,17.7
E00068405,75.1,5.9,19.1
E00068406,70.7,5.4,23.9
E00068407,79.1,6.4,14.4
E00068408,71.6,8.1,20.3
E00068409,69.5,3.4,27.1
E00068412,74.6,6.3,19.1
E00068413,61.5,9.9,28.6
E00068414,67.3,20.4,12.2
E00068415,64.4,11.4,24.2
E00068416,52.3,24.8,23
E00068417,69,13.2,17.9
E00068418,75.2,9.4,15.4
E00068419,58.1,12.1,29.8
E00068420,58.1,21.7,20.2
E00068421,65.5,18.3,16.2
E00068422,56,22.6,21.4
E00068423,59.4,15.2,25.4
E00068424,75.1,12,12.9
E00068425,75.7,5.3,18.9
E00068426,62,2.6,35.4
E00068427,71.1,8.1,20.8
E00068428,74.2,4.8,21
E00068429,76.7,3.7,19.6
E00068430,70.2,9.2,20.6
E00068431,70.2,7.1,22.7
E00068432,69,6.2,24.8
E00068433,75.2,6.4,18.4
E00068434,72.2,5.9,22
E00068435,68,20.7,11.3
E00068436,70.2,11.5,18.3
E00068437,64.2,5.9,29.9
E00068438,65.1,11.1,23.8
E00068439,69.5,9.6,20.9
E00068440,64.3,18,17.7
E00068441,69.1,13.6,17.3
E00068442,67,22.2,10.8
E00068448,86.7,4.6,8.7
E00068454,87.1,1.9,11
E00068455,86.6,5.3,8
E00068457,88.8,2.9,8.3
E00068458,86.8,1.5,11.7
E00068459,79.7,3.5,16.8
E00068460,85,3,12
E00068461,86.3,1.3,12.4
E00068462,82.1,5.5,12.4
E00068463,79.3,6.4,14.3
E00068465,85,1,13.9
E00068466,90,3.2,6.8
E00068467,77.4,3.2,19.5
E00068468,80.7,6.6,12.8
E00068469,84.1,2.3,13.6
E00068470,85.6,1.9,12.5
E00068471,83.6,5.2,11.2
E00068472,73.3,5.3,21.4
E00068474,76.8,4.8,18.3
E00068475,88,5.2,6.8
E00068476,76.5,3.7,19.8
E00068477,86.3,3.4,10.3
E00068478,81.6,3.5,14.8
E00068479,83.2,2.3,14.5
E00068480,80.9,7.8,11.3
E00068515,70.1,22.3,7.7
E00068529,73,3.7,23.3
E00068530,87,2.7,10.2
E00068532,91.4,3.6,5
E00068533,89.5,1.9,8.6
E00068534,93.7,2.1,4.2
E00068535,87.4,1,11.6
E00068537,90.1,1.5,8.4
E00068538,88.4,2.2,9.4
E00068539,81.1,5.3,13.6
E00068540,86.7,4.3,9
E00068541,86.8,1.8,11.3
E00068543,85.2,5.2,9.6
E00068544,84.4,4.4,11.2
E00068545,73.4,10.1,16.5
E00068546,89.2,2.7,8.1
E00068547,85.4,3.8,10.8
E00068548,92.6,1.4,6
E00068549,90,3.7,6.4
E00068550,84.7,4.8,10.5
E00068551,89.2,2.4,8.4
E00068552,79.4,4.6,16
E00068553,87.3,4.2,8.4
E00068554,93.3,3.6,3.1
E00068555,91.1,1.1,7.8
E00068556,89.9,0.6,9.5
E00068557,83.7,3.8,12.5
E00068558,72.7,0.7,26.6
E00068559,72.2,6.7,21.1
E00068560,67.8,7.9,24.3
E00068561,69.6,7.7,22.7
E00068562,83.8,5,11.3
E00068563,75.8,8.9,15.3
E00068564,70,7.1,22.9
E00068565,61.1,6.8,32.1
E00068566,65,6.8,28.2
E00068567,82.7,2.2,15.1
E00068568,75.1,6.7,18.2
E00068569,70.1,3.8,26.1
E00068570,87.6,4.6,7.8
E00068571,85.5,2.5,12
E00068572,69.8,5,25.2
E00068620,86.6,0.3,13.1
E00068625,86.4,0.7,12.9
E00068634,82.3,4,13.7
E00068636,88.8,1.4,9.8
E00068639,77.9,3.5,18.6
E00068646,81,2.2,16.8
E00068648,76.4,1.6,22
E00098139,81.7,0.4,17.9
E00098140,81.9,3.8,14.3
E00098141,88.4,1.4,10.2
E00098142,84.5,1.5,14
E00098143,82.9,2,15
E00098144,83.4,1.5,15.1
E00098145,88.6,1.5,10
E00098146,87.6,1.5,10.9
E00098147,78.1,2.6,19.3
E00098148,83.1,0,16.9
E00098149,81.7,2.5,15.8
E00098150,84,0.4,15.5
E00098151,80.6,0.4,19.1
E00098152,87.5,0.3,12.2
E00098153,76.2,0.3,23.5
E00098154,84,0.7,15.3
E00098155,86,2.3,11.7
E00098156,82.1,1.5,16.4
E00098157,78.9,3.1,17.9
E00098158,84.2,2.1,13.8
E00098159,76.3,4,19.8
E00098160,84.5,1.8,13.7
E00098161,81.5,2.3,16.1
E00098162,83.7,1.5,14.8
E00098163,83.2,2.2,14.7
E00098164,70.9,3.8,25.3
E00098165,78,6.7,15.2
E00098166,85.9,0.4,13.7
E00098167,89.4,1.3,9.4
E00098168,85.7,4.6,9.8
E00098169,85.5,3.3,11.2
E00098170,80.2,2.3,17.5
E00098171,81.9,1.2,16.8
E00098172,76.1,0.7,23.2
E00098173,86.4,1.2,12.3
E00098174,81.2,0.9,17.9
E00098175,85.7,2.3,12
E00098176,87.2,0.8,12
E00098177,89.1,0.3,10.5
E00098178,80.9,1,18.1
E00098179,60.7,2.3,37
E00098180,91.5,0.7,7.8
E00098181,81,3.2,15.8
E00098182,87.8,1,11.1
E00098183,82.9,0.8,16.3
E00098184,89.8,0,10.2
E00098185,73.1,1.6,25.3
E00098186,76.1,3.2,20.7
E00098187,79.1,1.7,19.2
E00098188,80.5,1.9,17.6
E00098189,88.6,1.1,10.3
E00098190,81.5,2,16.6
E00098191,87.5,3.1,9.4
E00098192,84.1,0,15.9
E00098193,79.3,2.1,18.6
E00098194,82.2,1,16.8
E00098195,85.1,0.4,14.5
E00098196,77.3,1.7,21.1
E00098197,87.7,1.1,11.2
E00098198,85.4,1.2,13.4
E00098199,83.5,0.8,15.7
E00098200,91.1,1,7.9
E00098201,77.9,2.1,20
E00098202,90.4,1.1,8.5
E00098203,69.9,1.6,28.5
E00098204,80.5,0.4,19.1
E00098206,80.4,3.3,16.4
E00098207,80.4,2.3,17.3
E00098208,70.1,1.8,28.1
E00098209,84.8,1.6,13.6
E00098210,68.6,1.2,30.2
E00098211,67.7,5.2,27.1
E00098212,83.9,0,16.1
E00098213,77.9,1,21
E00098214,83.7,1.1,15.2
E00098215,79.8,4.9,15.4
E00098216,78,1.2,20.8
E00098217,85.1,0.7,14.2
E00098218,71.6,1.5,26.9
E00098236,86,3.7,10.4
E00098237,72.9,0.4,26.7
E00098238,81.6,0,18.4
E00098239,84.6,1.5,13.8
E00098240,78.8,1.7,19.4
E00098242,83.5,1.1,15.5
E00098243,83.1,0.6,16.2
E00098244,91.3,1.1,7.6
E00098246,93.3,1,5.8
E00098247,94.7,0.6,4.7
E00098248,83.8,6.7,9.5
E00098249,90.6,3.9,5.5
E00098250,83,5.4,11.6
E00098251,85.5,3.1,11.4
E00098252,88.9,1.6,9.4
E00098253,93.4,2.3,4.3
E00098254,93.4,1.3,5.4
E00098255,81.1,2.8,16.1
E00098256,86.3,4.8,8.9
E00098257,91.7,1.8,6.4
E00098258,87.7,2.7,9.5
E00098259,71.1,1,27.8
E00098260,79.7,0,20.3
E00098261,84.2,2.5,13.3
E00098262,80.9,1.1,18.1
E00098263,81.4,1.4,17.2
E00098264,78.6,1.2,20.2
E00098265,80.5,0.3,19.2
E00098266,84,1.2,14.8
E00098267,73.9,1.6,24.5
E00098268,85,0.6,14.5
E00098269,81.1,0.6,18.3
E00098270,83.9,1.9,14.1
E00098271,79.6,0.8,19.6
E00098272,88.5,0.7,10.8
E00098273,83.3,2.3,14.5
E00098274,82.7,1.7,15.6
E00098347,88.2,1.5,10.3
E00098349,85.7,1.1,13.3
E00098350,77.7,0,22.3
E00098352,77.8,0.7,21.5
E00098353,87.9,0,12.1
E00098354,75.3,0.3,24.4
E00098355,81.3,1.6,17.2
E00098356,80.7,0.8,18.4
E00098357,86.7,1.1,12.2
E00098358,71.3,0.3,28.4
E00098359,74.2,3.2,22.6
E00098360,81.3,0.9,17.8
E00098361,84.3,0.4,15.4
E00098362,87,0.6,12.3
E00098363,86.8,2.2,11
E00098364,68.3,1.2,30.4
E00098365,84.9,1.1,14
E00098366,77,1.3,21.7
E00098367,84.3,0,15.7
E00098368,86.1,0.7,13.2
E00098369,83,0.3,16.7
E00098370,66.6,1,32.5
E00098398,78.3,0.4,21.2
E00098399,81.7,0.4,17.9
E00098402,89.7,0.4,9.9
E00098404,81.8,0.8,17.4
E00098407,90.5,2,7.5
E00098409,68.2,0.5,31.3
E00098411,83.9,0,16.1
E00098417,56.4,0,43.6
E00098419,72.1,2.9,25
E00098420,85.3,1,13.7
E00098421,75.8,1.3,22.9
E00098422,84.3,0.3,15.4
E00098423,85.2,0.7,14.1
E00098424,84.3,0.7,15.1
E00098425,67,2.5,30.5
E00098426,86.4,1.2,12.3
E00098427,86.9,0.6,12.5
E00098428,64.8,0.3,34.9
E00098429,67.3,1.4,31.3
E00098430,74.9,0.8,24.3
E00098431,69,2.8,28.2
E00098432,59.4,4.3,36.2
E00098433,56.6,1.9,41.6
E00098434,80.6,1.4,18
E00098435,82.2,0.7,17
E00098436,82.8,2.4,14.8
E00098437,87.9,1.4,10.7
E00098438,80.5,1.7,17.8
E00098439,67.1,2.9,30
E00098440,83.1,1.2,15.7
E00098441,85.1,1,13.9
E00098451,88.8,0.9,10.3
E00098474,80.8,0.6,18.6
E00098475,90.5,1.6,8
E00098477,95.2,1.1,3.7
E00098478,95.3,1.1,3.6
E00098479,91.8,1.4,6.8
E00098480,86.6,2.2,11.2
E00098481,89.1,0.9,10
E00098482,87.2,0.6,12.2
E00098500,82.5,1.4,16.1
E00098501,85.7,2.1,12.2
E00098502,85.5,1.4,13.1
E00098503,82.8,0.7,16.5
E00098504,83.1,0,16.9
E00098505,83.1,0.3,16.6
E00098506,65.5,1.3,33.2
E00098507,81.4,0.4,18.2
E00099099,73.2,0.4,26.4
E00099100,83.5,0.8,15.7
E00099101,89.8,1.4,8.8
E00099102,77.9,5.4,16.8
E00099103,78.5,1.9,19.6
E00099104,84.3,2.7,13
E00099105,85.7,2,12.2
E00099106,76.9,10,13.1
E00099107,63.9,8,28.1
E00099108,73.7,0.9,25.4
E00099109,78.3,3.8,17.9
E00099110,91.4,1.3,7.3
E00099111,87.6,0,12.4
E00099112,80.9,1.7,17.4
E00099113,79.6,3,17.4
E00099115,83.1,0,16.9
E00099117,83.3,0,16.7
E00099118,74.4,9,16.6
E00099119,76.2,0.9,22.9
E00099120,87.7,1,11.2
E00099121,75.6,3.6,20.8
E00099122,67,3.8,29.2
E00099123,74.9,6.7,18.4
E00099124,83.1,2.8,14.1
E00099150,88.1,2.5,9.4
E00099151,88.7,1.9,9.4
E00099152,85.7,1.4,12.9
E00099153,88.8,1.9,9.3
E00099154,83.8,0.5,15.7
E00099162,79.6,0.6,19.7
E00099163,79.5,0.9,19.6
E00099164,88.2,0,11.8
E00099165,84.2,0.4,15.4
E00099166,88.7,3.3,7.9
E00099167,86.9,0.8,12.3
E00099168,83.1,2,15
E00099176,87.5,1.6,10.9
E00099177,88.9,0.4,10.7
E00099178,81.6,1.5,16.8
E00099179,87.5,1.7,10.8
E00099180,86.6,3,10.4
E00099181,86,2.9,11.1
E00099183,83.9,0.9,15.2
E00099206,78.5,1.1,20.4
E00099208,88.6,0.8,10.6
E00099209,85,2.2,12.8
E00099210,82.6,0,17.4
E00099212,72.4,4.5,23.1
E00099239,86.7,0,13.3
E00099240,80.2,0,19.8
E00099241,84,1.8,14.2
E00099242,80.5,1.5,17.9
E00099243,84,0.8,15.2
E00099244,84.9,0.5,14.6
E00099245,87.2,1.2,11.5
E00099246,85.9,1,13.1
E00099264,91,1.8,7.2
E00099265,75.8,2.7,21.5
E00099266,84.4,0.3,15.3
E00099267,88.7,0.9,10.4
E00099268,65.8,1.1,33.1
E00099269,83.2,1.8,15
E00099310,82.4,1.6,16
E00099311,79.8,0.5,19.7
E00099314,85.4,1.7,12.8
E00099333,89,2.8,8.1
E00099334,82.2,0.8,17.1
E00099335,77.1,1.8,21
E00099336,83.5,1.7,14.8
E00099337,80.6,0.5,18.9
E00099338,73.2,0.5,26.3
E00099339,84.4,3.2,12.4
E00099340,82.2,3.5,14.3
E00099341,74.2,2.7,23.1
E00099342,79.3,3.4,17.2
E00099343,86.9,0.3,12.7
E00099344,86.2,1.4,12.4
E00099345,71.2,2.1,26.7
E00099346,71,1.4,27.5
E00099347,70.7,0,29.3
E00099348,80.4,2.7,16.9
E00099349,82.5,3.5,14
E00099351,68.5,1.1,30.4
E00099519,86.9,1.5,11.7
E00099520,88.3,1.4,10.2
E00099521,91.1,0.8,8.1
E00099522,86.3,0.6,13
E00099523,85.9,0.7,13.4
E00099524,90.4,0.9,8.7
E00099525,93,1.3,5.7
E00099526,91,2.1,6.9
E00099527,83,2.3,14.7
E00099528,92.1,0.8,7.2
E00099529,80.5,4,15.5
E00099530,82.3,1,16.8
E00100305,83.1,0.3,16.6
E00100306,83.3,0.9,15.8
E00100524,90.6,0,9.4
E00100528,84.6,3,12.4
E00170713,78.2,1.5,20.3
E00170714,81.5,5,13.5
E00170715,73.9,2.5,23.6
E00171185,54.4,21,24.5
E00171186,66.1,22.2,11.6
E00171188,51.2,25.6,23.3
E00171189,71.1,14.2,14.7
E00171190,67.3,16.5,16.1
E00171191,59.2,28.5,12.3
E00171193,62.3,23.8,13.9
E00171194,62.5,23.6,13.9
E00171195,72.2,11.2,16.6
E00171196,82.2,4.3,13.5
E00171197,70,19.4,10.5
E00171200,72.2,14.8,13
E00171210,92.7,1.5,5.8
E00171211,74.1,14.3,11.5
E00171212,85.1,4.2,10.7
E00171213,83.3,11.8,4.8
E00171215,84.5,4,11.4
E00171216,80,5.9,14.1
E00171218,65.4,4.6,30
E00171219,76.3,7.4,16.3
E00171220,79.7,7,13.3
E00171221,73.5,5.3,21.2
E00171228,77.6,7,15.3
E00171233,78.1,2.5,19.4
E00171234,86.7,2.4,10.9
E00171239,79.1,7.1,13.7
E00171240,86,5.1,8.9
E00171243,90.7,2.8,6.5
E00171244,79.3,5.6,15.1
E00171245,77.2,0.4,22.3
E00171246,79.9,3.4,16.8
E00174334,82.6,2.6,14.8
E00179845,77,5.6,17.4
E00179847,88.4,8.5,3.1
E00179849,49.5,38.8,11.7
E00179852,80,12,8
E00179854,71.2,22.7,6.1
E00179855,85.1,2.5,12.4
E00179856,66.6,18.8,14.6
E00179857,28.8,68.2,3
E00179858,44.7,40.8,14.5
E00179860,93.1,1.7,5.2
E00179862,71.2,15.6,13.2
E00179863,88.1,0.7,11.3
E00179864,86.3,0.8,12.9
E00179867,85,2.3,12.7
E00179868,70.6,12.9,16.4
E00179870,70.4,15,14.6
E00179871,62.3,32.7,5
E00179872,72.4,20.7,6.9
E00179875,57.3,27.5,15.3
E00179877,43.8,24.9,31.4
E00179878,82.1,9,8.8
E00179879,34.8,59,6.1
E00179880,85.6,1.4,12.9
E00179881,69.9,10.3,19.9
E00179882,77.8,7.8,14.4
E00179884,76.2,17.1,6.7
E00179888,73.1,15.5,11.4
E00179892,86.8,9.3,3.9
E00179893,94,1.8,4.1
E00179894,76.1,8.5,15.4
E00179897,68.1,15.5,16.4
E00179898,81.1,4.1,14.8
E00179899,73.6,14.2,12.2
E00179901,77.5,13.6,8.9
E00179905,85.2,4.5,10.2
E00179907,73.6,17.6,8.8
E00179908,87,1.2,11.8
E00179909,73.2,12,14.8
E00179911,86.3,6,7.7
E00179912,86.6,3.1,10.4
E00180315,90.6,3.2,6.2
E00180319,83.6,0.3,16.1
E00180333,90.2,0.7,9.1
E00180342,91.7,0.6,7.7
E00180351,90.3,3.1,6.6
E00180366,74.4,3,22.6
E00180368,76.9,5.8,17.3
E00180380,79.3,0,20.7