geography_code,hh_family_composition_4a-001,hh_family_composition_4a-002,hh_family_composition_4a-003
E00002660,6.1,49.5,44.4
E00002661,12.5,33.1,54.4
E00002662,8.7,59.2,32
E00002663,10.7,51.3,38
E00002664,9.9,32.1,58
E00002665,21.4,15.4,63.2
E00002667,8.7,37.9,53.4
E00002668,10.7,37.2,52.1
E00002669,3.9,57.8,38.2
E00002670,12.7,39.7,47.6
E00002672,10.2,44.9,44.9
E00002676,7.5,36.7,55.8
E00002677,20,20.9,59.1
E00002678,8.9,36.6,54.5
E00002679,8.7,53.4,37.9
E00002680,7.5,40.8,51.7
E00002681,22,12,66
E00002682,17.4,35.9,46.7
E00002807,10.7,30.9,58.4
E00002808,15.8,36.8,47.4
E00002810,11.7,45.7,42.6
E00002811,21.1,32,46.9
E00002815,13.4,43.3,43.3
E00002816,25.2,23.6,51.2
E00002821,16.3,33.3,50.4
E00002822,12.8,33.8,53.4
E00002827,14.4,41.5,44.1
E00002834,11.8,18.8,69.4
E00002837,16.7,20.8,62.5
E00002839,11.6,36.1,52.3
E00002840,11.3,29.9,58.8
E00002844,15.4,17.9,66.7
E00002845,18.5,32.9,48.6
E00002846,15.3,15.3,69.3
E00002847,11.4,18.6,70
E00002848,16.9,26.9,56.2
E00004610,13.6,38.4,48
E00004611,3.2,86.7,10.1
E00014139,14,68.2,17.8
E00014150,8.5,59.9,31.7
E00014151,25.4,37.9,36.7
E00014152,6.3,55.4,38.3
E00014153,3.6,43.8,52.7
E00014154,18.2,35.5,46.4
E00014155,13.4,47.6,39
E00014156,7.9,57.9,34.2
E00014157,5.7,32.8,61.5
E00014158,4.7,65.1,30.2
E00014159,9.8,36.6,53.7
E00014160,10.6,52.9,36.5
E00014161,4.3,53.8,41.9
E00014162,17.8,39.5,42.8
E00014163,8.6,50.8,40.6
E00014164,5.3,60.3,34.4
E00014165,8,41.1,50.9
E00014166,11.2,56.2,32.6
E00014167,12.6,51.5,35.9
E00014168,5.7,56.9,37.4
E00014169,8.9,44.6,46.5
E00014170,8,41.6,50.4
E00014171,5.9,63.9,30.3
E00014172,9.6,55.9,34.6
E00014173,5.8,54.7,39.5
E00014174,14.4,39.2,46.4
E00014175,16.6,47.6,35.9
E00014176,6.9,47.2,45.8
E00014177,12.3,46.6,41.1
E00014178,2.4,57.9,39.7
E00014179,12.8,33.3,53.8
E00014180,6.3,43.7,50
E00014181,9.7,64.1,26.2
E00014300,10.2,45.8,44
E00014301,8.5,38.8,52.7
E00014302,8.8,53.9,37.3
E00014303,5.6,41.1,53.3
E00014304,7.5,35.5,57
E00014305,13.2,35.6,51.1
E00014309,8.2,27.7,64.1
E00014310,17.2,35.6,47.1
E00014311,9,34.8,56.2
E00014312,13.5,37.1,49.4
E00014314,16.5,30.1,53.4
E00014315,8.2,60.7,31.1
E00014316,6.9,52,41.2
E00014321,6.9,41.6,51.5
E00014322,13.6,44.7,41.7
E00014323,7.1,49,43.9
E00014324,12.5,32.5,55
E00014325,10.9,50.4,38.7
E00014326,11.5,51.6,36.9
E00014327,7.8,50.9,41.4
E00014328,15.5,54.9,29.5
E00014329,11.4,50,38.6
E00014411,8.7,43.3,48.1
E00014412,11.5,35.9,52.6
E00014413,6.3,48.4,45.3
E00014414,7.7,29.8,62.5
E00014415,18.6,42.5,38.9
E00014416,15.5,35.5,49.1
E00014417,16.9,24.7,58.4
E00014418,2.6,56.5,40.9
E00014419,13.2,28.7,58.1
E00014420,5.6,57.9,36.4
E00014421,7.2,34.2,58.6
E00014422,10.6,33.6,55.8
E00014425,13.5,35.6,51
E00014431,2.8,69.4,27.8
E00014432,11.1,47,41.9
E00014433,9.6,49.6,40.7
E00014434,7.7,38.5,53.8
E00014435,10.4,41.7,47.9
E00014436,12.1,34.1,53.8
E00014437,9.5,46.3,44.2
E00014438,8.7,58.7,32.5
E00014439,9.5,55.2,35.2
E00014440,8,35.8,56.2
E00014441,13.2,33.3,53.5
E00014442,10.9,42.6,46.5
E00014447,14.5,21.4,64.1
E00014448,7,32.5,60.5
E00014449,10.8,35.1,54.1
E00014452,36.3,15.6,48.1
E00014454,7.9,37.8,54.3
E00014455,6.9,52.5,40.6
E00014457,10.5,50,39.5
E00014459,10.1,48.6,41.3
E00014461,23.2,43.7,33.1
E00014462,13.4,27.6,59
E00014463,7.6,61.9,30.5
E00014464,10.9,42.6,46.5
E00014465,7.6,34.7,57.6
E00014466,10.9,38,51.1
E00014468,15.2,33.9,50.9
E00014469,10.2,32.2,57.6
E00014470,8,27.5,64.5
E00014471,10.5,36.8,52.6
E00014473,5.6,48.6,45.8
E00014474,13,46.6,40.4
E00014475,7.4,63.8,28.7
E00014476,9.8,67.9,22.3
E00014477,3.7,40.7,55.6
E00014478,5.6,65.5,28.9
E00014479,9.9,68.3,21.8
E00014480,14.9,38.6,46.5
E00014481,10.1,59.4,30.4
E00014482,5.4,62,32.6
E00014483,9,47.2,43.8
E00014484,7.5,40,52.5
E00014485,11.9,33.7,54.5
E00014486,16.8,32.7,50.4
E00014487,5.8,54.5,39.7
E00014488,7.6,49.4,43
E00014489,6.3,50.6,43
E00014490,4.5,49.4,46.1
E00014491,7.5,55.8,36.7
E00014492,6,46.3,47.8
E00014493,14.4,23.3,62.2
E00014494,3.1,67.7,29.1
E00014495,5.4,62.5,32.1
E00014496,2.9,52,45.1
E00014497,11.2,51.7,37.1
E00014498,6.9,46.6,46.6
E00014499,6,48.8,45.2
E00014500,11.3,45.2,43.5
E00014501,7.4,41.5,51.1
E00014502,6.8,54.1,39.2
E00014505,5.6,56.1,38.3
E00014506,4.8,42.2,53
E00014614,7.4,52,40.6
E00014616,14.2,38.7,47.2
E00014617,13.2,49.1,37.7
E00014618,9.3,45,45.7
E00014621,26,32.5,41.6
E00014622,12.4,34.1,53.5
E00014623,15.5,31.9,52.6
E00014626,14.3,34.1,51.6
E00014628,10.3,43.9,45.8
E00014634,6.1,61.9,32
E00014639,6.1,44.8,49.1
E00014642,20.3,44,35.7
E00014644,4.3,47.9,47.9
E00023412,15.5,29.1,55.3
E00023413,15.9,34.1,50
E00023414,1,79.6,19.4
E00023415,14.9,19.9,65.2
E00023416,6.1,57.4,36.5
E00023419,10.6,37.1,52.4
E00023421,9.6,66.7,23.7
E00023422,11.3,37.9,50.8
E00023423,3.2,54.2,42.6
E00023424,5.6,56,38.4
E00023425,10,46.7,43.3
E00023426,8.6,29.3,62.1
E00023427,12.5,40.6,46.9
E00023428,7.5,31.8,60.7
E00023429,11.4,47.3,41.3
E00023430,6.1,66.4,27.5
E00023431,10.3,32.4,57.2
E00023445,4.9,27.2,67.9
E00023447,11.8,37.3,50.9
E00023448,9.7,32.8,57.5
E00023450,17.2,38.8,44
E00023451,11.6,46.2,42.2
E00023452,19.4,34.9,45.7
E00023453,16.5,47.8,35.7
E00023454,6.3,52.1,41.5
E00023455,14.5,48.2,37.3
E00023456,2.4,59.1,38.6
E00023458,9.6,48.2,42.1
E00023459,5.6,39.5,54.8
E00023460,10,57,33
E00023461,3.8,64.3,31.9
E00023462,3.5,56.3,40.3
E00023463,5.7,47.2,47.2
E00023464,9.3,43,47.7
E00023465,10.2,43.9,45.9
E00023466,14.4,34.1,51.5
E00023467,7.1,52.9,40
E00023468,9.8,45.9,44.3
E00023469,23.2,47.6,29.2
E00023470,9.6,26,64.4
E00023471,5.3,52.2,42.5
E00023472,28.9,49.1,21.9
E00023473,15.6,47.5,36.9
E00023474,8.4,50.4,41.2
E00023475,5.9,42.4,51.8
E00023476,11.3,38.9,49.8
E00023477,9.4,66,24.6
E00023478,16.2,41.9,41.9
E00023479,5.2,38.5,56.3
E00023480,5.5,64.1,30.5
E00023481,6.7,40,53.3
E00023482,25.2,45,29.7
E00023483,4.2,58.2,37.6
E00023484,14.7,41.4,44
E00023485,14.3,54.3,31.4
E00023585,15.1,17.5,67.5
E00023586,13.1,44.3,42.6
E00023587,8.9,46.4,44.7
E00023588,15.9,31.8,52.4
E00023589,11.3,33.9,54.8
E00023590,5.1,55.1,39.9
E00023591,17.4,34,48.6
E00023592,18.9,37.3,43.8
E00023593,15.1,31.3,53.6
E00023595,11.4,34.3,54.2
E00023596,6,40.3,53.7
E00023597,9.6,41.7,48.7
E00023598,11.7,40.5,47.9
E00023599,3.7,45,51.4
E00023600,9,32.4,58.6
E00023601,11.1,37.2,51.7
E00023602,11.2,50.5,38.3
E00023603,18.6,48.2,33.2
E00023604,9.3,47,43.7
E00023605,13.2,35.8,50.9
E00023606,12.1,39.3,48.7
E00023608,11.9,44.9,43.2
E00023609,15.2,38.4,46.4
E00023610,11.5,40.7,47.8
E00023611,14,44.2,41.9
E00023612,11.2,31.9,56.9
E00023613,14.9,36.4,48.8
E00023614,22.4,28,49.7
E00023615,18.2,37,44.8
E00023616,16.7,30.2,53.1
E00023618,11.8,55.1,33.1
E00023621,12.3,45.9,41.8
E00023626,14.2,50.4,35.4
E00023630,9.8,54.5,35.8
E00023635,15.2,37.9,47
E00023636,27.5,38,34.5
E00023638,16.9,41.6,41.6
E00023643,12.5,42.9,44.6
E00023653,15.1,48.9,36
E00023655,11.8,35.5,52.7
E00023691,7.1,39.3,53.6
E00023692,9,34,57
E00023694,15.7,40.2,44.1
E00023695,22.3,43.9,33.8
E00023696,5.7,46.7,47.5
E00023697,10.7,32.1,57.1
E00023698,30.1,35.5,34.4
E00023699,17.6,32.4,50
E00023700,14.4,51,34.6
E00023701,20.8,54.2,25
E00023702,6.9,62.1,31
E00023703,13.2,45.1,41.8
E00023704,8.1,51.5,40.4
E00023705,12.8,42.3,44.9
E00023706,10.8,44.1,45
E00023707,13.2,40.7,46.2
E00023708,4.2,33.8,62
E00023709,14.8,39.8,45.4
E00023710,8.5,42.6,48.9
E00023711,10.9,42.4,46.7
E00023712,14.3,46.4,39.3
E00023713,16,29,55
E00023714,22.5,41.7,35.8
E00023715,16.8,50.4,32.7
E00023717,24.4,42.3,33.3
E00023718,8.3,45.9,45.9
E00023719,17.9,51.9,30.2
E00023720,13.6,45.6,40.8
E00023721,7.8,48.4,43.8
E00023723,9.5,61.9,28.6
E00023724,10.3,46.4,43.3
E00023725,8.5,46,45.5
E00023726,6.4,47.3,46.4
E00023727,8.7,51.1,40.2
E00023728,9.8,42.7,47.6
E00023729,14,45.7,40.3
E00023730,17.4,44.6,38
E00023731,25.2,46.7,28
E00023732,12.1,30.8,57
E00023733,16.8,42.7,40.5
E00023734,18.6,46.6,34.7
E00023737,31,44.8,24.1
E00023738,6.1,49.6,44.3
E00023739,6.1,53.4,40.5
E00023740,7.1,42.9,50
E00023741,11,51.6,37.4
E00023744,7.1,41.4,51.4
E00023745,4.5,22.5,73
E00023746,8,31.5,60.6
E00023747,14.5,43.5,42
E00023748,6.1,44.2,49.7
E00023749,12.7,40.6,46.7
E00023750,11.6,30.6,57.9
E00023751,9.9,38,52.1
E00023752,9.6,46.2,44.2
E00023753,5.1,43.6,51.3
E00023755,8.1,27.4,64.5
E00023756,9.2,31.9,58.9
E00023758,4.5,37.3,58.2
E00023759,6.7,33.3,60
E00023761,13.7,30.1,56.2
E00023763,15.4,28.4,56.2
E00023764,14.7,23.2,62.1
E00023765,5.8,46.5,47.7
E00023766,8.7,40.4,51
E00023767,9.6,43.3,47.1
E00023768,12.5,48.4,39.1
E00023769,2.9,40,57.1
E00023770,5.6,33.3,61.1
E00023771,8.5,25.4,66.1
E00023772,48.5,22.8,28.7
E00023773,16,41.3,42.7
E00023774,11,20.5,68.5
E00023775,12.5,40,47.5
E00023776,2.9,52,45.1
E00023777,23.7,25.2,51.1
E00023778,11.4,35.4,53.2
E00023779,30.2,24,45.7
E00023780,7.1,46,46.9
E00023781,22.5,28.8,48.6
E00023782,13.9,24.1,62
E00023783,6.5,43.1,50.4
E00023784,7.3,47.7,45
E00023785,9.1,37.4,53.5
E00023786,8.4,36.1,55.5
E00023787,12.9,36.2,50.9
E00023788,12.8,36.7,50.5
E00023789,6.6,23,70.4
E00023790,16.3,32.5,51.2
E00023791,16.2,29.4,54.4
E00023792,12.4,41.1,46.5
E00023793,22,25.2,52.8
E00023794,8.7,21.4,69.9
E00023795,12,25.9,62
E00023796,33,21.4,45.5
E00023797,21.3,31.5,47.2
E00023798,16.2,30.5,53.3
E00023799,17,30,53
E00023800,10.4,32.3,57.3
E00023801,14.1,24.8,61.1
E00023802,21.8,30.3,47.9
E00023803,26,21.9,52.1
E00023804,14.1,40.6,45.3
E00023805,19.8,18.8,61.5
E00023806,18.4,28.2,53.4
E00023807,16.1,30.1,53.8
E00023808,20.7,30.2,49.1
E00023809,20,27.9,52.1
E00023810,17.3,30.6,52
E00023849,26.6,35.8,37.6
E00023851,15.5,34.5,50
E00023852,13.8,23,63.2
E00023853,12.8,41.6,45.6
E00023854,11.6,20,68.4
E00023855,8,22.2,69.8
E00023856,8.5,40,51.5
E00023857,7.5,36.1,56.4
E00023858,7.4,37.5,55.1
E00023859,14.2,41.1,44.7
E00023860,7.1,40.2,52.8
E00023861,15,30.1,54.9
E00023862,7.1,42.9,50
E00023863,6.5,41.8,51.6
E00023864,7.6,24.8,67.5
E00023865,14.4,40.7,44.9
E00023866,7.8,38,54.3
E00023867,3.4,40.3,56.4
E00023869,17.8,36.2,46
E00023870,14.5,34,51.5
E00023871,12.6,30.2,57.2
E00023872,27.8,13.5,58.6
E00023873,6.2,44.6,49.2
E00023874,6.7,24.6,68.7
E00023875,5.7,24.8,69.5
E00023876,19.3,23,57.8
E00023878,12.7,14.6,72.8
E00023879,1.9,29.1,69
E00023897,13.8,54.6,31.5
E00023898,11.8,28.2,60
E00023901,13.7,43.5,42.7
E00023905,10.9,39.1,50
E00023906,15.3,44.9,39.8
E00023908,13.5,48.1,38.5
E00023911,0.7,86.7,12.7
E00023913,12.9,24.7,62.4
E00023914,8.5,35.9,55.6
E00023918,6.1,49.6,44.3
E00024072,17,30.6,52.4
E00024073,8.3,34.9,56.9
E00024074,7.5,39.8,52.6
E00024075,16.1,28.9,55
E00024076,17.5,19.2,63.3
E00024077,4.3,41,54.7
E00024078,7,35.7,57.4
E00024079,4.7,50,45.3
E00024080,12.8,22,65.1
E00024081,6.7,54.5,38.8
E00024083,12.3,36.1,51.6
E00024084,7.5,50.4,42.1
E00024085,11.1,32.7,56.1
E00024086,17.9,27.6,54.5
E00024087,8.5,42.3,49.2
E00024088,8.2,51.6,40.2
E00024089,11.7,42,46.3
E00024090,11.3,47.5,41.3
E00024091,12.9,30.6,56.5
E00024093,13.4,45.1,41.5
E00024094,9.9,34.5,55.6
E00024095,11.3,37.6,51.1
E00024096,11.7,33.3,55
E00024097,22.1,30.1,47.8
E00024098,3.4,46.3,50.3
E00024099,3.2,42.4,54.4
E00024100,4.8,33.3,61.9
E00024101,2.8,42.1,55.2
E00024103,9.2,29.1,61.7
E00024104,19.7,19.7,60.6
E00024105,23.3,36.9,39.8
E00024106,3.9,30.5,65.6
E00024107,6.9,32.4,60.8
E00167284,14.3,27.6,58.2
E00175087,11.1,45.4,43.5
E00175095,10.7,20.4,68.9
E00175181,8.9,40.4,50.7
E00175182,3.6,33.9,62.5
E00175185,14.3,49.2,36.5
E00175186,10.8,46.1,43.1
E00175188,6.5,54.8,38.7
E00175197,21.7,33.3,45
E00175198,5,56.9,38.1
E00175199,6.7,45.5,47.8
E00175200,22.7,18.2,59.1
E00175201,11.8,32.3,55.9
E00175232,3.4,19,77.6
E00175233,21.1,33.9,45
E00175234,9.5,44.8,45.7
E00175235,17.9,26.2,55.9
E00175236,5.7,64.3,30
E00175237,7.2,45,47.7
E00175238,16.2,38,45.8
E00175242,5.7,33,61.4
E00175243,4.4,62.6,33
E00175244,9,35.1,55.9
E00175245,5.7,49.4,44.8
E00175246,2.8,40.4,56.9
E00175247,10.9,48.4,40.6
E00175259,5.4,34.8,59.8
E00175260,18.4,17.2,64.4
E00175261,21.1,21.1,57.8
E00175262,13.2,26.4,60.4
E00175264,4.5,31.8,63.6
E00175275,38.1,30.1,31.9
E00175276,5.7,44.3,50
E00175277,7.3,38.2,54.5
E00175279,5,28.7,66.3
E00178899,17.6,10.6,71.8
E00178926,22.8,24.7,52.5
E00178945,10.6,51.2,38.2
E00178969,5,39.3,55.7
E00178974,11.4,31.8,56.8
E00178982,5.6,52.8,41.7
E00179025,9,25.5,65.4
E00190370,4.2,54.6,41.2
E00190371,8.4,31.8,59.7
E00190372,16.8,40.3,43
E00190375,16.5,33,50.5
E00190382,7.1,43.9,49
E00190398,7.6,45.7,46.7
E00190399,8.9,30.4,60.7
E00190401,11.7,42,46.3
E00190402,8.9,45.9,45.2
E00190406,30.2,14.3,55.6
E00190411,21.4,32.1,46.4
E00190417,8.5,41.8,49.6
E00190424,24,27.9,48.1
E00190442,18.5,25.8,55.6
E00190443,10.7,37.9,51.4
E00190447,6,37.6,56.4
E00190448,10.5,39.5,50
E00190451,8.2,26.5,65.3
E00190460,13.8,27.6,58.5