areacd,has_ever_worked-001,has_ever_worked-002,has_ever_worked-003
E00071220,12.6,66.7,20.8
E00071221,8.5,71.3,20.2
E00071222,7.6,79.3,13
E00071223,12,63.2,24.8
E00071224,10.4,74.6,14.9
E00071225,14.8,67.5,17.8
E00071226,10.6,71.2,18.3
E00071227,5.2,76,18.8
E00071228,12.4,72.6,15
E00071231,9.8,56.4,33.8
E00071270,7.7,71.8,20.5
E00071271,2.9,68.6,28.6
E00071272,10.9,60.9,28.2
E00071273,7.5,75,17.5
E00071274,5.1,71.7,23.2
E00071275,9.6,69.6,20.9
E00071276,12.9,33.3,53.8
E00071277,13.5,38.6,48
E00071278,11.4,36.2,52.3
E00071279,10.1,45.3,44.6
E00071280,3.6,85.8,10.7
E00071352,21.9,68.8,9.4
E00071353,6.5,82.2,11.2
E00071354,9.4,77.5,13.1
E00071355,24.1,59.3,16.7
E00071356,18.5,65.3,16.1
E00071357,12.1,76.8,11.1
E00071358,4.8,74.7,20.5
E00071360,14.9,70.3,14.9
E00071369,12.2,69.4,18.4
E00071370,13.8,72.3,13.8
E00071371,14.1,71.2,14.7
E00071376,6.8,80.6,12.6
E00071377,10.8,65.5,23.6
E00071382,6.8,62.4,30.8
E00071383,12.6,68.4,18.9
E00071384,7.7,59,33.3
E00071385,3.8,84,12.2
E00071386,2.7,72,25.3
E00071387,5.1,83.8,11.1
E00071390,12.7,70.1,17.2
E00071391,14.7,74.1,11.2
E00071392,13.8,63.8,22.3
E00071394,9.4,51.8,38.8
E00071395,5.2,66,28.9
E00071396,24.2,37.4,38.5
E00071397,16.3,66.3,17.4
E00071399,8.3,55.6,36.1
E00071402,10,65.7,24.3
E00071404,14.4,69.1,16.5
E00071405,16.1,59.8,24.1
E00071406,9.9,44.3,45.8
E00071407,10.4,51.1,38.5
E00071408,14.7,42.1,43.2
E00071409,10.3,55.1,34.6
E00071410,21,47.6,31.4
E00071411,17,44,39
E00071412,13.2,55.7,31.1
E00071413,12,76,12
E00071415,8.4,66.9,24.7
E00071416,19,53.4,27.6
E00071417,7.4,60.2,32.4
E00071418,14,59.5,26.4
E00071419,8.5,61,30.5
E00071420,6.8,78,15.3
E00071421,11.2,67.2,21.6
E00071422,12.7,56.8,30.5
E00071423,13.5,57.9,28.6
E00071424,12.2,58.5,29.3
E00071425,13.2,59.2,27.6
E00071426,17.4,58.7,23.9
E00071429,7.9,75.4,16.7
E00071430,8.3,80,11.7
E00071431,5.3,64.9,29.8
E00071432,5.1,64.2,30.7
E00071433,6,58.4,35.5
E00071434,6.8,65.8,27.4
E00071436,8.6,61.8,29.6
E00071437,8.5,52.5,39
E00071458,9.7,48.4,41.9
E00071459,5.3,71.7,23
E00071461,10.7,60.7,28.7
E00071594,7.7,75.8,16.5
E00071595,8.2,71.9,19.9
E00071596,4.2,85.4,10.4
E00071597,4.5,79.8,15.7
E00071598,5.3,78.7,16
E00071599,17,64.8,18.2
E00071600,10.1,78.4,11.5
E00071601,9.9,68.1,22
E00071602,5.7,78.6,15.7
E00071640,4.3,78.3,17.4
E00071641,4.8,71.1,24.1
E00071642,11.7,69.1,19.1
E00071643,11,69.2,19.8
E00071644,10.5,68.4,21.1
E00071645,16.9,61.8,21.3
E00071646,12.5,72.5,15
E00071647,9.1,77.8,13.1
E00071648,23.6,65.2,11.2
E00071649,21,66.7,12.3
E00071702,13.1,75.4,11.5
E00071703,11.2,67.1,21.8
E00071704,9.7,78.6,11.7
E00071705,18.5,65.3,16.1
E00071706,12.1,74.8,13.1
E00071707,7,79.1,14
E00071709,9.9,71.4,18.7
E00071710,11.3,68.8,20
E00071711,12.9,72.7,14.4
E00071712,24.1,56.5,19.4
E00071713,9.6,64.9,25.5
E00071714,16.5,69.2,14.3
E00071715,6.6,73.6,19.8
E00071719,7.8,67.2,25
E00071726,10.6,69.4,20
E00071734,9.3,75.4,15.3
E00146991,8.2,82.7,9.1
E00146992,11.4,79,9.5
E00146993,8.9,80,11.1
E00146994,5.2,80.7,14.2
E00146995,15.2,67.6,17.1
E00146996,6,72.6,21.4
E00146997,7.1,79.3,13.6
E00146998,12.7,79.4,7.9
E00146999,9.4,74.4,16.2
E00147026,16.4,72.6,11
E00147027,12,63,25
E00147031,7.4,78.9,13.7
E00147032,6,66.3,27.7
E00147033,13.3,74.2,12.5
E00147034,10.1,69.7,20.2
E00147035,14.6,76,9.4
E00147036,13,72,15
E00147037,7.8,75.3,16.9
E00147038,7.4,65.3,27.2
E00147039,9.2,75.8,15
E00147045,10.8,82,7.2
E00147047,4.7,69.4,25.9
E00147048,7.3,68.8,24
E00147049,9,74.6,16.4
E00147051,11.7,77.5,10.8
E00147054,8,61.9,30.1
E00147055,6.1,68,25.9
E00147056,4.7,84.5,10.9
E00147057,23.2,52.4,24.4
E00147058,13.1,61.6,25.3
E00147059,12.5,77.5,10
E00147060,9.6,77.8,12.6
E00147062,22.3,56.4,21.3
E00147063,10.1,74.1,15.8
E00147064,8,64.3,27.7
E00147065,8.5,70.8,20.8
E00147066,7.9,70.4,21.7
E00147067,17.1,63.8,19
E00147068,9.1,71.1,19.8
E00147069,4.2,80.3,15.5
E00147070,13.6,65.4,21
E00147071,9.1,65.5,25.5
E00147072,16.2,60.8,23.1
E00147073,11.2,59.2,29.6
E00147074,12.5,75.8,11.7
E00147075,10.3,58.8,30.9
E00147076,12,69.7,18.3
E00147077,9.8,68.6,21.6
E00147078,14.9,72.7,12.3
E00147079,7.6,72,20.5
E00147082,11.2,73.1,15.7
E00147083,7.9,81.9,10.2
E00147084,9.2,74.5,16.3
E00147085,9.7,80.6,9.7
E00147086,8.2,69.6,22.2
E00147091,14.7,62.5,22.8
E00147093,11.2,75.5,13.3
E00147094,6.5,83.2,10.3
E00147095,9.9,80.2,9.9
E00147096,16.3,58.7,25
E00147097,15.5,62.1,22.3
E00147098,11.3,71.1,17.6
E00147100,19.4,64.3,16.3
E00147101,11,83.1,5.9
E00147104,22.6,60.4,17
E00147105,19.9,59.6,20.6
E00147106,15.8,63.4,20.8
E00147107,8.6,67.1,24.3
E00147109,7.7,79,13.3
E00147110,7.7,67.5,24.8
E00147111,7.2,71.9,20.9
E00147112,12.2,60,27.8
E00147113,12.1,64.5,23.4
E00147114,8.6,71.6,19.8
E00147115,4.7,79.3,16
E00147116,10.4,77.4,12.3
E00147117,8.8,67.5,23.8
E00147118,14.4,70.3,15.3
E00147119,8.5,72.6,18.8
E00147120,14,71.9,14
E00147121,8.7,68.7,22.6
E00147122,15.2,68.4,16.5
E00147123,11.7,57.2,31.1
E00147124,8.7,81.6,9.7
E00147125,11.9,61.9,26.2
E00147126,10.8,74.2,15
E00147127,8.1,65.9,25.9
E00147128,11.7,73.7,14.6
E00147129,7.9,70.9,21.3
E00147130,11.7,68,20.4
E00147167,5.6,71,23.4
E00147168,16.5,65.1,18.3
E00147170,10.4,68.7,20.9
E00147302,14.6,72.9,12.5
E00147303,7.5,77.4,15.1
E00147304,11.2,71.9,16.9
E00147305,13.6,72.2,14.2
E00147306,14.4,65.8,19.8
E00147307,13.8,65.5,20.7
E00147308,6.4,80,13.6
E00147309,22.2,65.7,12.1
E00147310,12.5,66.1,21.4
E00147312,18.4,75,6.6
E00147313,13.3,66.4,20.4
E00147314,8.4,82.1,9.5
E00147316,9.7,80.6,9.7
E00147317,11.9,75.4,12.7
E00147318,7.9,71.9,20.2
E00147319,11.9,60.6,27.5
E00147320,12.5,62.5,25
E00147321,11.1,50.9,38
E00147322,17.2,45.5,37.4
E00147323,9.3,54.2,36.4
E00147324,10.8,61.4,27.7
E00147327,11.6,67,21.4
E00147328,15.7,67.4,16.9
E00147329,15.2,64.3,20.5
E00147330,15.1,61.6,23.3
E00147331,15.6,71.1,13.3
E00147349,22.3,54.3,23.4
E00147350,4.9,86.9,8.2
E00147351,9.6,73.5,16.9
E00147352,18.6,64,17.4
E00147353,19.4,65.7,14.9
E00147354,6,69.9,24.1
E00147355,7.8,82.8,9.4
E00147356,7,68,25
E00147357,9.2,75.8,15
E00147358,12.1,81,6.9
E00147359,12,71,17
E00147360,15.1,75.3,9.6
E00147361,11.3,78.3,10.4
E00147362,12.3,76.2,11.5
E00147363,5.6,60.7,33.7
E00147364,6.8,80.7,12.5
E00147366,16.2,62.9,20.8
E00147367,18.1,63.9,18.1
E00147368,22.2,62.5,15.3
E00147369,12,73.1,14.8
E00147370,6.7,78.4,14.9
E00147371,8.5,80.3,11.1
E00147373,15.4,59.3,25.3
E00147374,10.9,60.9,28.2
E00147375,22,69.2,8.8
E00147376,8.6,78.6,12.9
E00147379,6.7,78.7,14.7
E00147380,13.6,74.6,11.9
E00147381,15.5,56,28.4
E00147383,14.8,67,18.3
E00147384,30.8,48.4,20.9
E00147385,14.7,68.6,16.7
E00147386,11.1,65.6,23.3
E00147387,14.9,54,31
E00147388,14.7,60.6,24.8
E00147389,10.8,72.5,16.7
E00147390,22.8,58.2,19
E00147391,14.9,63.5,21.6
E00147393,29.7,51.4,18.9
E00147394,17.1,71.1,11.8
E00147395,19.5,67.1,13.4
E00147396,11.3,79.7,9
E00147397,23.8,62.3,13.9
E00147399,5.9,74.1,20
E00147401,17.4,63,19.6
E00147402,12.9,57.3,29.8
E00147403,10.9,76.5,12.6
E00147405,9.5,86.2,4.3
E00147406,5.5,78.9,15.6
E00147407,8.2,85.1,6.7
E00147412,13.7,76.6,9.6
E00147413,14.7,69.5,15.8
E00147414,4.8,76.7,18.5
E00147415,15.8,73.7,10.5
E00147416,7,81.7,11.3
E00147417,15.2,81.8,3
E00147426,11.7,67.5,20.8
E00147427,6,77.6,16.4
E00147428,4.6,85.5,9.9
E00147429,11,78,11
E00147430,12.6,78.2,9.2
E00147431,11.4,79.3,9.3
E00147432,11.1,76.7,12.2
E00147433,17.4,64.5,18.1
E00147434,12.2,56.1,31.6
E00147435,8.7,78.3,13
E00147436,7,76.8,16.2
E00147437,5.6,80.4,14
E00147439,8.8,81.3,9.9
E00147440,10,78.8,11.3
E00147449,16.3,59.2,24.5
E00147450,4.7,73.4,21.9
E00147451,17.6,53.9,28.4
E00147452,14,64,21.9
E00147453,12.1,74.1,13.8
E00147454,16.4,72.1,11.5
E00147455,6.3,78.9,14.7
E00147456,21.1,64.2,14.7
E00147457,12.3,62.3,25.4
E00147458,4.3,56.5,39.1
E00147459,13.8,68.1,18.1
E00147460,2.4,86.9,10.7
E00147461,9.3,60.2,30.6
E00147462,12,58.3,29.6
E00147463,13.9,61.7,24.3
E00147464,8.4,74.7,16.8
E00147465,13,80.5,6.5
E00147466,14.3,76.5,9.2
E00147471,17.2,71.3,11.5
E00147472,13.2,71.9,14.9
E00147473,7.1,82.1,10.7
E00147485,11.7,69.4,18.9
E00147493,11.4,76.3,12.3
E00147499,11.1,67.7,21.2
E00147500,6.1,69.6,24.3
E00147501,14.3,71.4,14.3
E00147502,9.1,76.1,14.8
E00147503,10.8,69.9,19.3
E00147504,15.1,52.9,31.9
E00147505,11.4,65.9,22.7
E00147506,10.1,75.2,14.7
E00147507,6.5,70.7,22.8
E00147508,6.4,76.6,17
E00147509,4.7,59.1,36.2
E00147510,11.6,67,21.4
E00147511,8.9,81.3,9.8
E00147512,17,65.1,17.9
E00147513,13.6,68,18.4
E00147514,6.3,64.6,29.1
E00147515,16.2,73.7,10.1
E00147516,6.3,46.5,47.2
E00147517,4.7,81.9,13.4
E00147526,12.1,71.8,16.1
E00147528,15.5,70.2,14.3
E00147529,12.1,73.3,14.7
E00147530,9.9,73.6,16.5
E00147531,10.2,76.3,13.6
E00147532,6.6,72.8,20.6
E00147533,9,77.5,13.5
E00147534,11,81.6,7.4
E00147535,14.3,72.3,13.4
E00147536,10.5,77.9,11.6
E00147537,6.2,76.3,17.5
E00147538,13.9,68.1,18.1
E00147539,9.4,85,5.5
E00147540,16.5,57.1,26.4
E00147541,11.2,64.3,24.5
E00147542,10.8,75.8,13.3
E00147543,17.4,67.4,15.2
E00147544,9,80.8,10.3
E00147545,7.5,81.1,11.3
E00147546,4.8,84.8,10.5
E00147547,8.7,77.2,14.1
E00147549,16.4,66.4,17.3
E00147584,11.8,47.8,40.4
E00147585,9.3,57.4,33.3
E00147586,8.5,65.1,26.4
E00147587,12.1,65.9,22
E00147588,16.1,59.1,24.7
E00147589,7.9,63.4,28.7
E00147590,11.8,71,17.2
E00147591,13.1,68.7,18.2
E00147592,8.3,81,10.7
E00147593,15.4,78.2,6.4
E00147594,11.5,67.6,20.9
E00147595,11.1,69.6,19.3
E00147596,12,60.2,27.7
E00147597,13.1,67.2,19.7
E00147598,18,58.6,23.4
E00147599,7.2,78.3,14.5
E00147600,7.4,83.2,9.5
E00147601,5.8,87.5,6.7
E00147603,9.1,85.6,5.3
E00147611,16,59.3,24.7
E00147612,8.6,66.7,24.7
E00147613,6,81.2,12.8
E00147615,9.6,69.6,20.9
E00147616,14.4,70.1,15.5
E00147617,9.3,77.3,13.3
E00147618,15.9,69.3,14.8
E00147619,19.3,70.5,10.2
E00147620,13,56.5,30.6
E00147621,12.7,69,18.3
E00147622,17.3,65.3,17.3
E00147623,19,67.1,13.9
E00147625,16.5,72.7,10.8
E00147626,21.5,59.5,19
E00147627,15.4,51.9,32.7
E00147628,4.4,82.5,13.1
E00147629,9.3,80.4,10.3
E00147630,19.1,68.1,12.8
E00147631,10.1,60.5,29.4
E00147632,12.5,63.6,23.9
E00173097,16,42.7,41.3
E00173099,12.3,57.9,29.8
E00173100,20.2,49.4,30.3
E00173102,12.5,54.5,33
E00173105,18.6,40,41.4
E00173119,11.4,58.7,29.9
E00173127,6.4,67.3,26.4
E00174561,34.1,45.5,20.5
E00174562,5.4,76.9,17.7
E00174563,25,50,25
E00174565,13.4,71.4,15.1
E00174573,18,70.5,11.5
E00174575,18.8,69.6,11.6
E00174576,19.4,64.2,16.4
E00174577,14.9,71.6,13.5
E00174578,20,64.6,15.4
E00187158,35.3,39.2,25.5
E00187160,13.3,21.1,65.6
E00187163,23.7,47.4,28.9
E00187174,17.2,65.5,17.2
E00187189,26.4,41,32.6
E00187191,7.4,84,8.6
E00187197,22.7,47.4,29.9
E00187198,22.2,51.1,26.7
E00187199,7.8,76.7,15.5
E00187200,16.2,66.7,17.1
E00187203,27.4,41.1,31.5
E00187204,33.3,37.5,29.2
E00187210,14,44,42
E00187212,13.1,82,4.9
E00187214,5.8,57.9,36.4
E00187215,28.6,42.9,28.6
E00187220,13.8,50,36.2
E00187222,9.1,57,33.9
E00187229,18.6,64.4,16.9
E00187230,17,62.2,20.7
E00187233,25,43.3,31.7
E00187249,21.4,64.3,14.3
E00187250,22.2,58.3,19.4
E00187251,14.6,73.2,12.2
E00187253,16.5,64.7,18.8
E00187256,9.3,61.8,28.9
E00187258,12.7,73,14.3
E00187263,23.7,47.4,28.9
E00187264,11.3,68,20.6
E00187269,19.7,52.5,27.9
E00187270,15.9,79.5,4.5
E00187271,17.2,73.6,9.2
E00187275,25,59.4,15.6
E00187279,20,61.8,18.2
E00187281,5.8,81.9,12.3
E00187290,9.7,48.4,41.9
E00187296,14.9,58.6,26.4
E00187297,23.1,44.5,32.4
E00187300,11.1,62.2,26.7
E00187302,24.2,48.5,27.3
E00187306,7.7,82.1,10.3
E00187308,21.5,41.5,36.9
E00187310,24.2,43.9,31.8
E00187316,31.3,37.5,31.3
E00187317,5.1,69.2,25.6
E00187320,22.4,41,36.6
E00187322,23.8,65.1,11.1
E00187323,1.1,85.4,13.5
E00187325,7.5,82.1,10.4
E00187326,10,82,8
E00187328,7.7,76.8,15.5
E00187329,7.4,70.4,22.2
E00187330,6.6,71.4,22
E00187334,6.4,80.8,12.8