areacd,workplace_travel_4a-001,workplace_travel_4a-002,workplace_travel_4a-003,workplace_travel_4a-004
E00066373,42.2,22,19.3,16.5
E00066378,40.7,24.2,19.8,15.4
E00066380,46.4,18.8,16.1,18.8
E00066383,39.5,18.5,25.2,16.8
E00066385,42.3,22.5,12.7,22.5
E00066386,44.9,16.3,14.3,24.5
E00066387,51.1,20.7,15.2,13
E00066388,45.5,17.1,21.5,15.9
E00066389,46.1,17.4,22.2,14.3
E00066390,45.3,21.5,21.1,12.1
E00066391,47.8,16.4,17.9,17.9
E00066438,32.1,18.9,27,22
E00066439,53.6,12.6,18.5,15.2
E00066441,46.2,12.8,19.7,21.4
E00066442,53.2,13.8,14.9,18.1
E00066445,55.6,15.5,15.5,13.4
E00066446,49.2,10.8,20,20
E00066447,48.5,14.2,16.6,20.7
E00066448,41.9,13.2,23.3,21.7
E00066449,52.6,17.2,13.8,16.4
E00066450,58.4,16.3,12.5,12.8
E00066451,47.3,17,14.3,21.4
E00066452,46.5,21.1,16.7,15.8
E00066453,40,21,18.1,21
E00066454,47,12,24.1,16.9
E00066455,47.1,10.7,24.3,17.9
E00066456,43,18.3,24.7,14
E00066457,43.6,18.2,22.7,15.5
E00066458,47.3,16.8,19.6,16.3
E00066459,45.6,16.5,17.6,20.3
E00066460,45,21.4,17.6,16
E00066461,45.4,14.6,20,20
E00066462,45.5,14.8,26.1,13.6
E00066463,40.9,17.3,25.2,16.5
E00066464,48.4,18.9,18,14.8
E00066465,52.8,12.8,20.8,13.6
E00066466,42.7,19.7,17.9,19.7
E00066468,50.4,17.1,12.4,20.2
E00066470,46.7,17.6,15.9,19.8
E00066550,47.8,14.8,20.9,16.5
E00066551,57.7,14.7,11,16.6
E00066552,56,14.7,13.8,15.6
E00066553,47.2,15.7,18.1,18.9
E00066554,52.4,21.4,12.7,13.5
E00066555,45.2,12.2,23.5,19.1
E00066556,49.7,19.3,15.2,15.7
E00066557,55,16.1,15.4,13.4
E00066558,55.2,3.4,19,22.4
E00066559,47,15.4,18.8,18.8
E00066560,54.2,16.9,10.8,18.1
E00066561,53.4,11.2,19,16.4
E00066562,52.3,11,20.2,16.5
E00066563,47.4,15.5,17.2,19.8
E00066564,51.2,19.4,17.8,11.6
E00066565,46.5,15.8,20.2,17.5
E00066568,54,17.8,19,9.2
E00066569,59.8,9.3,19.6,11.2
E00066570,44.4,20.2,21.2,14.1
E00066571,45.6,12.8,24,17.6
E00066572,45.3,14.2,16,24.5
E00066573,64.3,14.7,5.6,15.4
E00066574,46.6,13.5,20.3,19.5
E00066575,54,16.1,16.1,13.9
E00066576,55.7,23,8.2,13.1
E00066577,43.7,18.5,20,17.8
E00066578,51.3,12.8,16.2,19.7
E00066579,53.5,12.5,13.9,20.1
E00066580,53.7,18.2,8.3,19.8
E00066664,25,25.9,31.9,17.2
E00066665,43.5,16.1,28,12.4
E00066666,44.2,17.4,21.5,16.9
E00066667,41.6,18.4,26.4,13.6
E00066668,44.1,16.2,16.2,23.5
E00066669,43,17.8,15,24.3
E00066670,56.4,25.6,7.7,10.3
E00066671,42.5,22.6,17.9,17
E00066672,45.2,19.4,12.9,22.6
E00066674,31.8,15.9,31.8,20.5
E00066675,51.1,17.3,18.7,12.9
E00066676,55.7,14.2,9.4,20.8
E00066677,52.1,15.5,12.7,19.7
E00066678,42.9,24.4,20.8,11.9
E00066679,58.3,16.7,13.9,11.1
E00066680,50.3,19.7,19.7,10.4
E00066681,40,23.1,23.8,13.1
E00066682,55.2,22.4,17.2,5.2
E00066683,46.3,18.9,15.8,18.9
E00066684,36.6,20.6,25.2,17.6
E00066685,36.7,15.8,33.8,13.7
E00066686,40.2,16.4,24.6,18.9
E00066716,34.1,19.2,26.9,19.8
E00066717,15.3,42.4,32.2,10.2
E00066719,16.3,41.3,27.5,15
E00066720,22.8,31.6,29.8,15.8
E00066729,30.4,30.4,28.3,10.9
E00066734,46.8,20.9,12.9,19.4
E00066735,47,15.8,25.7,11.4
E00132169,4.7,55.3,21.2,18.8
E00132170,12.5,41.2,28.7,17.6
E00132171,11.7,43.8,19.5,25
E00132172,20.3,26.6,29.7,23.4
E00132173,22.9,35.4,22.9,18.8
E00132174,34.9,28.4,22,14.7
E00132175,17.7,31.5,28.5,22.3
E00132249,37.1,35.7,11.9,15.4
E00132250,28.6,30,28.6,12.9
E00132251,46.3,24.5,16.3,12.9
E00132252,24.8,33.3,20,21.9
E00132253,36.2,26.8,16.7,20.3
E00132255,41,30.3,16.4,12.3
E00132256,34.7,17.7,26.6,21
E00132257,39.8,28.2,16.5,15.5
E00132258,32.6,26.3,16.8,24.2
E00132259,36,21.6,16.8,25.6
E00132260,31.7,27.7,20.8,19.8
E00132304,25,25.7,25,24.3
E00132314,9.8,40.2,28,22
E00132317,6.1,51,32.7,10.2
E00132318,8.6,39.1,28.5,23.8
E00132321,3.4,32.8,32.8,31
E00132360,31.1,28.3,24.2,16.4
E00132361,30.2,20.6,22.2,27
E00132362,42,36.6,13.4,8
E00132364,39.6,32.3,6.3,21.9
E00132365,55,20.2,12.4,12.4
E00132366,49.1,25,8.3,17.6
E00132367,45.5,22.8,14.6,17.1
E00132376,23.2,29.5,27.4,20
E00132377,16.9,29.2,31.5,22.5
E00132378,19.7,47.2,18.9,14.2
E00132379,13.3,36,28,22.7
E00132380,14.1,53.1,20.3,12.5
E00132381,17.6,35.9,27.5,19
E00132382,4.9,35.8,42,17.3
E00132385,34.1,24.8,23.3,17.8
E00132386,47.3,25.3,15.8,11.6
E00132388,33.3,22.2,29.1,15.4
E00132422,50,18,16.7,15.3
E00132424,34.6,27.1,22.4,15.9
E00132426,31.9,40.5,13.8,13.8
E00132427,34.2,31.7,15.8,18.3
E00132437,34.4,24.4,28.9,12.2
E00132438,38.6,22.9,22.9,15.7
E00132439,40.2,16.8,30.8,12.1
E00132443,28.6,21.8,41.4,8.3
E00132444,30.6,28.2,24.7,16.5
E00132543,22.7,26.1,31.1,20.2
E00132544,26.4,37.4,19.8,16.5
E00132545,26.8,27.3,25.8,20.2
E00132546,28.2,30.8,23.1,17.9
E00132547,26,35.6,20.2,18.3
E00132548,28.3,29.9,24.4,17.3
E00133943,21.1,33.6,21.9,23.4
E00133944,13.1,43.9,29.3,13.6
E00133945,19.1,38.3,29.1,13.5
E00133946,30.5,32.9,23.2,13.4
E00133947,20.9,39.2,23.6,16.2
E00133948,15.2,38.4,29.5,17
E00133949,14.2,47.1,21.5,17.2
E00133950,31.4,37.2,12.4,19
E00133951,14,44.8,23.8,17.5
E00133953,7.3,41.9,33.1,17.7
E00134068,8.2,32,28.9,30.9
E00134069,16.3,28.3,42.4,13
E00134070,10.1,39.1,30.4,20.3
E00134071,23.9,34.2,14.5,27.4
E00134073,25.5,37.3,11.2,26.1
E00134075,30,30,18.9,21.1
E00134076,31.7,30,19.2,19.2
E00134077,28.7,40.9,16.5,13.9
E00134078,25.7,31.7,27.7,14.9
E00134079,30.2,33.6,18.7,17.4
E00134080,23.9,33.6,23.9,18.7
E00134081,23.8,39.3,13.7,23.2
E00134082,14.6,32.6,28.1,24.7
E00134083,5.6,38.7,37.1,18.5
E00134084,14.4,43.2,36,6.3
E00134085,5.9,42.2,39.2,12.7
E00134206,16.1,28.7,42.5,12.6
E00134208,6.8,39.4,43.9,9.8
E00134209,12.1,47,23.5,17.4
E00134210,4.8,50.8,27.4,16.9
E00134211,6.7,60,20,13.3
E00134212,11.8,41.9,32.3,14
E00134213,11.2,59,16,13.8
E00134214,8.9,50.4,17.9,22.8
E00168571,15.4,42,25.9,16.7
E00168572,27.8,33,22.7,16.5
E00168573,17.2,37.6,29.3,15.9
E00169349,16.5,22.9,38.5,22
E00173596,46.8,17.8,19.2,16.2
E00173597,39.1,13.6,34.8,12.5
E00173598,45.5,10.3,25.5,18.6
E00173599,40.7,20.6,21.5,17.3
E00173603,45.4,21,19.8,13.8
E00185326,10.7,49.7,21.5,18.1
E00185343,37.7,23.2,20.8,18.4
E00185388,36.4,28.5,19.4,15.8
E00185405,16.1,42.9,32.1,8.9
E00185429,7.8,45.1,29.4,17.6
E00185430,22,33.9,15.7,28.3
E00189233,49.1,14,24.6,12.3
E00189247,51.4,20.6,14,14
E00189253,38.9,23,26.2,11.9
E00189255,52.3,21.5,12.3,13.8
E00189262,49.7,20.1,20.1,10.1
E00189290,45.7,18.9,15.9,19.5
E00189292,38.3,23.3,23.3,15
E00189294,46.3,14.7,17.6,21.3
E00189308,48.4,19.1,16.3,16.3
E00189310,46.5,12.7,24.8,15.9
E00189312,46.7,17.8,24.4,11.2