geography_code,economic_activity_status_4a-001,economic_activity_status_4a-002,economic_activity_status_4a-003
E00018220,54.1,10.7,35.2
E00018250,66.3,7.1,26.5
E00021235,46.7,4.8,48.6
E00021236,55,8.6,36.5
E00021260,53.8,4.6,41.6
E00021261,66.8,6,27.2
E00021262,58.6,8.4,33.1
E00021263,77.9,2.5,19.6
E00021273,42.7,6.5,50.9
E00021274,51.2,7.5,41.3
E00021275,52.7,8.7,38.6
E00021277,49.1,5,45.9
E00021278,57.1,3.6,39.3
E00021279,51.3,5,43.7
E00021280,53.6,7.4,39.1
E00021282,70,5.8,24.3
E00021286,69.9,5.8,24.3
E00021288,93.8,2.2,4
E00021289,53.5,6.2,40.3
E00021290,50,7.6,42.4
E00021292,59,7.5,33.5
E00021294,43.2,7.8,49
E00021295,80,2.7,17.3
E00021296,79.4,3.1,17.4
E00021297,67.1,4.9,28
E00021298,72.4,3,24.6
E00021299,65.5,3.6,30.9
E00021300,75.1,3.2,21.7
E00021301,56.6,5.6,37.8
E00021302,62.6,5.3,32
E00021303,53.3,7.3,39.4
E00021304,54.3,5.3,40.5
E00021305,67.3,2.6,30.1
E00021306,66.7,4.9,28.4
E00021307,75.4,3,21.6
E00021308,62.6,3.6,33.8
E00021309,86.4,4.7,8.9
E00021310,57.5,7.5,35
E00021311,46.7,7.7,45.6
E00021312,65.6,5,29.3
E00021313,71.1,3.4,25.5
E00021315,20.8,2.2,77
E00021316,47.6,5.9,46.5
E00021317,68.2,2.6,29.1
E00021318,71.4,3.3,25.3
E00021319,65.1,4.1,30.9
E00021320,64.2,3.6,32.1
E00021321,75.7,2.8,21.5
E00021322,52.2,5.3,42.5
E00021323,45.9,6.5,47.6
E00021324,68.2,1,30.8
E00021325,59.5,2.9,37.6
E00021326,55.7,9.9,34.3
E00021327,65.1,3.2,31.7
E00021328,56.7,5.9,37.4
E00021329,47.4,4.3,48.2
E00021330,53.7,6,40.3
E00021331,54.3,2.9,42.9
E00021332,48.4,6.6,44.9
E00021333,48.4,5.5,46.2
E00021334,52.4,5.5,42.1
E00021335,51.3,5.9,42.9
E00021336,48.7,6.2,45.1
E00021337,52.8,7.1,40.1
E00021339,58.1,6.1,35.7
E00021340,67.2,7.3,25.6
E00021342,48.4,6.9,44.7
E00021344,47,6.9,46.2
E00021345,51.4,3.7,44.9
E00021346,52.9,7.8,39.3
E00021347,52.2,8.1,39.6
E00021349,54.2,6.6,39.2
E00021350,49.7,5.2,45.2
E00021351,45.8,7.1,47.1
E00021352,66.2,6.7,27.1
E00021353,39,2.9,58.1
E00021354,45.6,6.9,47.5
E00021355,66.3,7.6,26.1
E00021357,46.2,10,43.8
E00021359,44,21,35
E00021360,50.2,6.5,43.4
E00021361,55.8,5.7,38.5
E00021363,52.9,5.9,41.2
E00021364,46.9,5.5,47.6
E00021365,56.3,8,35.7
E00021367,44.6,2.1,53.3
E00021371,53.7,7,39.3
E00021372,60.2,7.9,32
E00021375,52.4,5.9,41.7
E00021377,60.9,4.8,34.3
E00021379,58.3,6.4,35.2
E00021380,48.9,8,43.1
E00021382,48.1,7.1,44.8
E00021383,40.9,7.2,51.9
E00021384,79.7,4.2,16
E00021386,45.8,6.8,47.3
E00021388,49.2,5.1,45.7
E00021392,54.9,4.1,41
E00021393,43.4,5,51.5
E00021394,42.9,8.1,49.1
E00021395,45,4.7,50.2
E00021396,44.4,4.6,51
E00021397,46.3,6.3,47.4
E00021398,48.5,9.6,41.9
E00021399,60.1,9.5,30.4
E00021400,62.8,6.9,30.3
E00021402,56.3,6.6,37.1
E00021404,72,2,26
E00021407,58,7.4,34.7
E00021408,79.2,3.9,16.9
E00021409,77.7,3.9,18.3
E00021410,51,10.4,38.6
E00021411,57.4,6.1,36.5
E00021412,53.7,7.4,38.8
E00021413,49.8,8.3,41.9
E00021414,44.1,11.3,44.5
E00021415,45.2,6.8,47.9
E00021416,54.4,9.5,36.1
E00021417,55.1,6.4,38.5
E00021418,85.7,5.1,9.2
E00021419,49.4,5.9,44.7
E00021420,62.6,5.2,32.2
E00021421,45.3,7.7,47
E00021423,54.4,6.9,38.8
E00021424,79.1,1.2,19.6
E00021430,55.1,3.8,41
E00021431,56.1,4.1,39.9
E00021432,47.1,7,45.9
E00021434,54.6,9.5,35.9
E00021437,49.3,8.9,41.8
E00021439,51.5,3.6,44.8
E00021440,44,9.1,46.9
E00021444,58,5.5,36.5
E00021445,45.6,7.1,47.3
E00021446,43.5,6.4,50.2
E00021447,75,7.3,17.7
E00021467,42.2,10.6,47.2
E00021473,40.3,9.5,50.2
E00021474,51.7,8.6,39.7
E00021476,54.6,9.2,36.1
E00021477,65.3,4.8,29.9
E00021479,61.6,7.4,31.1
E00021480,80.2,3.2,16.7
E00021481,61.6,8.9,29.5
E00021482,61.4,6.5,32.1
E00021484,68.7,1.9,29.4
E00021485,63.9,7.6,28.5
E00021486,55.1,8.9,36
E00021488,62.5,5.8,31.6
E00021489,48.3,7.8,44
E00021490,51.6,8.9,39.4
E00021492,65.2,4.7,30.1
E00021493,49.4,6.5,44.1
E00021496,47.8,12.2,40
E00021497,48,6.3,45.7
E00021498,56.9,6.7,36.4
E00021500,70.1,3.6,26.3
E00021501,52.7,8.9,38.4
E00021502,38.6,11.3,50.1
E00021503,45.2,8.2,46.6
E00021504,56.8,9.7,33.4
E00021505,43.5,5.4,51.1
E00021506,57.4,7.8,34.9
E00021507,62.2,7,30.8
E00021508,52.3,4.8,42.9
E00021509,44.5,10.7,44.9
E00021559,61.7,2.9,35.4
E00021560,51.5,6.4,42.1
E00021563,59.9,4.1,36.1
E00021565,55.7,11.8,32.5
E00021582,47.3,6.4,46.3
E00021584,53.8,6.8,39.4
E00021585,53.4,7.5,39.1
E00021591,40.4,6.2,53.4
E00021651,81.6,4,14.4
E00021658,72.6,2.5,24.8
E00167085,68.3,6,25.7
E00167087,81.7,3.7,14.6
E00167088,77.9,8,14.1
E00167089,51.9,27.9,20.2
E00167090,60.7,5.5,33.9
E00167091,81.7,4.4,13.9
E00167092,76.7,4.8,18.4
E00167103,91.4,2,6.6
E00167104,81.7,3.2,15.1
E00167105,41.9,6,52.1
E00167106,81.6,2.9,15.4
E00167107,77.3,3.1,19.7
E00167123,51.1,14.5,34.5
E00167124,66.8,5.4,27.8
E00167128,56.9,9.1,34
E00167136,49.6,4.1,46.3
E00167143,56.6,6,37.4
E00167144,46.2,4.3,49.6
E00167154,86.2,1,12.8
E00167161,54.1,7.4,38.5
E00167181,69,1.8,29.2
E00167184,74.9,6,19.1
E00167185,65.3,10,24.7
E00167186,69.7,4.5,25.8
E00167187,67.9,5.4,26.8
E00167189,69.2,3.3,27.5
E00167190,69.5,5.9,24.6
E00167191,89.1,3.5,7.4
E00167192,73.1,6.2,20.7
E00167193,44.7,2.7,52.7
E00167194,64.7,3.6,31.7
E00167195,82.4,2.6,15
E00167196,40.5,6.2,53.3
E00167202,40,9.7,50.3
E00167204,84.9,4.5,10.6
E00167210,85.6,4.2,10.2
E00167212,53.8,6.1,40.1
E00167213,44.4,7.6,48
E00167214,46.5,10.3,43.2
E00167216,45.6,7.8,46.6
E00167217,49.3,7.3,43.4
E00167218,72.7,8.2,19.1
E00167219,55.6,7,37.4
E00167227,65.8,7,27.2
E00167228,50.6,12.2,37.2
E00167229,48.6,7,44.4
E00167230,83.6,6.8,9.6
E00167231,64.9,10,25.1
E00167233,51.4,3.3,45.3
E00167234,46.8,9,44.2
E00167236,92.3,4.8,3
E00167237,90.5,1.8,7.7
E00167238,50.6,6.4,43
E00167239,59.7,5.5,34.8
E00167246,53.5,8.8,37.6
E00167247,86.1,4.1,9.8
E00167253,66.5,7.1,26.4
E00167256,81,3.2,15.7
E00167257,65.9,2.8,31.3
E00167258,47.7,7.7,44.6
E00167263,88.3,2.5,9.2
E00167264,67,4.6,28.4
E00174987,58.1,9.7,32.3
E00174990,74.4,5,20.6
E00175037,70.7,5.1,24.2
E00175053,76.2,6.9,16.9
E00175068,87.3,4.3,8.4
E00175074,82.6,5.8,11.6
E00175078,58.6,9.9,31.5
E00182079,70.3,8.5,21.2
E00182108,49.8,13.2,37
E00182110,88.1,6.9,5
E00182147,86.2,2.2,11.5
E00182203,54.3,7.6,38.1
E00182217,67.4,5.3,27.3
E00182225,89.8,7,3.2
E00182232,90.7,2.6,6.6
E00182292,72.9,6.3,20.8
E00182308,79.5,5.1,15.4
E00182370,81.7,5.4,12.9
E00182389,84.4,4.3,11.2
E00182391,75.5,5.6,18.9
E00182396,45.6,2.9,51.5
E00182397,80.6,5.2,14.2
E00183710,85.9,1,13.1
E00183711,59.2,6.1,34.7
E00183712,62.9,8,29.1
E00183713,62.6,4.3,33
E00183714,45.9,5.4,48.6
E00183724,89.2,4.8,6
E00183725,50.2,6,43.8
E00183726,50.6,8.3,41.2
E00183727,55.7,7.3,37
E00183728,53.2,5.8,41.1
E00183729,17.7,12.9,69.4
E00183731,74.1,6.7,19.2
E00183750,74.6,3.3,22.1
E00183751,47.1,5.1,47.8
E00183752,86.4,3.8,9.8
E00183767,91.1,1.7,7.2
E00183769,80.8,5.3,14
E00183776,83.6,3.9,12.5
E00183784,57.8,6.6,35.7
E00183788,53.7,6.1,40.3
E00183789,47.3,6.8,46
E00183790,56,4.2,39.9
E00183791,62.5,5.2,32.3
E00183794,71,6.7,22.4
E00183795,70.4,6.2,23.5
E00183800,48.6,8.8,42.6
E00183805,67.8,5,27.2
E00183807,81.3,1.8,17
E00183814,44.3,9.7,46
E00183817,25,4.2,70.8
E00183821,63.5,5.1,31.4
E00183822,62.1,3.3,34.6
E00183825,75.1,3.8,21.2
E00183830,61.2,9.2,29.7
E00183833,75.9,4.4,19.7
E00183835,60.6,6.2,33.2
E00183836,88.2,4.9,6.9
E00183837,67.4,5.9,26.7
E00183840,75.2,4.6,20.2
E00183841,81.3,1,17.7
E00183842,84.8,2.8,12.4
E00183843,78.1,7.7,14.2
E00183849,61.4,8.6,30
E00183851,51.7,6.5,41.7
E00183854,65.7,4.9,29.4
E00183863,61.2,7.7,31.1
E00183864,80.8,2.5,16.7
E00183865,72,1.9,26.2
E00183869,57.6,8.2,34.1
E00183874,57,12,31
E00183880,77.4,5.5,17.1
E00183883,49.1,8.2,42.7
E00183885,69.7,8.7,21.5
E00183887,66.3,4.1,29.6
E00183892,87.4,2.9,9.7
E00183896,51.3,4.6,44.1
E00183897,62,6.5,31.5
E00183900,78.3,4,17.7
E00183902,61.2,10.7,28.1
E00183905,82.1,3.2,14.7
E00183908,46.2,13,40.8
E00183915,51.5,5,43.5
E00183919,58.8,5.3,35.8
E00183922,77.7,5,17.3
E00183923,69.8,8.8,21.4
E00183928,81.3,3.5,15.2
E00183932,43.1,7.7,49.2
E00183933,88.5,3.7,7.8
E00183935,58.2,5,36.8
E00183936,58.6,6.5,34.9
E00183942,87.1,5.4,7.5
E00183946,47,9.6,43.4
E00183950,73.4,4.3,22.3
E00183951,42.2,5.4,52.3
E00183953,72.5,1.3,26.1
E00183954,76.2,1.7,22.1
E00183960,92.2,2.8,5
E00183973,81,5.8,13.2
E00183975,47.5,4.3,48.2
E00183982,78.9,5.7,15.3
E00183985,79.5,2.7,17.8
E00183986,76.8,2.8,20.4
E00183987,81.5,4.8,13.8
E00183989,31.3,3.4,65.3
E00183992,71.4,3.8,24.9
E00183998,78.5,3.1,18.4
E00184001,59.3,9,31.7
E00184007,90.4,2.7,6.9
E00184013,56.7,3.8,39.4
E00184014,82.4,4.1,13.6
E00184015,64.1,7.8,28.2
E00184017,17.3,11.7,71
E00184019,44.7,6.9,48.4
E00184021,26.7,4.3,69
E00184022,57.6,13.7,28.8
E00184024,59.8,5.7,34.5
E00184028,59.2,5.9,34.9
E00184036,40.5,11.7,47.9
E00184039,49.5,10,40.5
E00184041,83.2,4,12.8
E00184042,64.5,4.2,31.3
E00184044,71.9,6.4,21.7
E00184047,59.8,5.2,35
E00184051,71.4,8.6,20
E00184057,92.2,0,7.8
E00184060,88.8,3.4,7.8
E00184062,84.5,1.4,14.1
E00184063,46.1,13.6,40.3
E00184065,65,5.7,29.3
E00184066,67.2,12.8,20
E00184068,43.8,3.6,52.7
E00184072,63.7,5.4,30.9
E00184077,49.4,8.3,42.3
E00184079,69.5,5.3,25.2
E00184088,92.8,3.1,4.1
E00184095,53.5,3.7,42.8
E00184102,23,11.4,65.6
E00184104,80.3,5.2,14.5
E00184107,86.1,3.7,10.1
E00184108,45.6,7.6,46.8
E00184110,62.3,7.3,30.4
E00184114,84.3,5.2,10.5
E00184119,67.8,5.1,27.1
E00184121,80.2,7.2,12.6
E00184125,63.9,3.4,32.8
E00184126,48.6,7.9,43.5
E00184128,66.2,4.7,29.1
E00184134,55.2,4.2,40.5