areacd,has_ever_worked-001,has_ever_worked-002,has_ever_worked-003
E00080562,5.7,60.7,33.6
E00080563,9.2,69.4,21.4
E00080564,12.1,66.9,21
E00080565,5.4,56.3,38.4
E00080566,9.8,69.2,21.1
E00080567,15.8,54.7,29.5
E00080568,11,67.1,22
E00080569,9.3,61.9,28.8
E00080570,15.9,56.8,27.3
E00080571,8.4,64.9,26.7
E00080572,7.1,57.1,35.7
E00080573,17.6,52.7,29.7
E00080574,12.6,70.1,17.4
E00080575,21.1,42.9,36.1
E00080576,18.1,45.7,36.2
E00080577,18.5,49.6,31.9
E00080578,12.1,54.2,33.6
E00080579,17,52.7,30.4
E00080580,2.7,62.2,35.1
E00080581,19,49.6,31.4
E00080582,17.5,51.8,30.7
E00080583,13.1,68,18.9
E00080584,11.8,57.8,30.4
E00080585,11.8,45.6,42.6
E00080586,11.1,59.6,29.3
E00080587,13.3,48.3,38.3
E00080588,6.5,75.8,17.7
E00080589,12.6,51.9,35.6
E00080590,9,40.3,50.7
E00080591,12.5,55.1,32.4
E00080592,13.2,60.4,26.4
E00080629,14.1,70.7,15.2
E00080630,5.7,82.1,12.3
E00080631,12.5,62.5,25
E00080632,13,60,27
E00080633,16,53,31
E00080634,21.1,62,16.9
E00080635,16.4,60.4,23.1
E00080637,6.9,62.1,31
E00080638,14.9,65.5,19.5
E00080639,14.9,63.8,21.3
E00080640,12.3,60.3,27.4
E00080641,18.6,62.7,18.6
E00080642,10.2,63.6,26.1
E00080643,15.7,65.7,18.5
E00080645,22.8,49.1,28.1
E00080646,26.9,50,23.1
E00080647,16.1,63.4,20.4
E00080648,17.9,53.7,28.4
E00080649,22.7,47,30.3
E00080714,6,74,20
E00080726,10.2,66.5,23.4
E00080729,9.2,63,27.7
E00080786,18.3,63.4,18.3
E00080791,23.8,58.4,17.8
E00080793,13.3,58.9,27.8
E00080908,19.6,54.9,25.5
E00080909,14.1,59.2,26.8
E00080911,15.1,58.9,26
E00080912,11.6,42.9,45.6
E00080914,15.7,36.4,47.9
E00080915,10.9,55.4,33.7
E00080917,13.7,52.4,33.9
E00080918,14,58.1,27.9
E00080919,20.8,53.8,25.5
E00080920,19.2,30,50.8
E00080921,17.6,47.2,35.2
E00080922,12.2,48.3,39.5
E00080923,20.8,43.5,35.7
E00080924,14.9,56.4,28.7
E00080925,11.3,51.3,37.5
E00080926,21.3,49.4,29.2
E00080927,15.7,47.1,37.3
E00080928,7.6,45.8,46.5
E00080929,14.6,32.9,52.4
E00080931,14,48.8,37.2
E00080932,14.1,47.4,38.5
E00080933,13.6,55.9,30.5
E00080934,14.8,44.5,40.6
E00080935,11.4,49.6,39
E00080936,18.9,44.4,36.7
E00080937,20.8,54.5,24.7
E00080938,16.2,55,28.8
E00080939,12.5,58.7,28.8
E00080940,13.5,42.7,43.8
E00080941,11.1,48.5,40.4
E00080942,10.3,47,42.7
E00080943,14.5,50.8,34.7
E00080944,12.4,51.6,35.9
E00080945,20,41.4,38.6
E00081549,11.6,65.2,23.2
E00081553,12.9,64.5,22.6
E00081554,12.9,48.6,38.6
E00081559,11.5,71,17.6
E00081560,14.6,56.1,29.3
E00081561,14.8,75,10.2
E00081562,10.7,70.7,18.7
E00081563,17.3,52,30.6
E00081564,8.9,80.7,10.4
E00081565,10.7,61.9,27.4
E00081566,10.6,54.9,34.5
E00081567,9.3,60.3,30.5
E00081568,4.8,70.2,25
E00081569,14.1,64.1,21.8
E00081570,14.1,64.6,21.2
E00081571,6.9,77.7,15.4
E00081572,10,71,19
E00081573,11.1,63.3,25.6
E00081575,13.8,57.5,28.7
E00081576,5.8,78.5,15.7
E00081577,7.3,76.2,16.6
E00081578,10.4,68.9,20.8
E00081579,13.5,66.3,20.2
E00081580,20.6,70.6,8.8
E00081581,17.9,59,23.1
E00081582,21.3,58.8,20
E00081585,11.3,70.1,18.6
E00081587,15.7,55.1,29.2
E00081589,9.2,77.1,13.8
E00081591,5,74.8,20.2
E00081592,10.9,58.7,30.4
E00081593,9.3,70.4,20.4
E00081594,13.7,65.7,20.6
E00081595,12.4,62.8,24.8
E00081596,8.6,73.3,18.1
E00081597,8.4,50.5,41.1
E00081598,10.1,55,34.9
E00081599,12.5,65.6,21.9
E00081600,13.1,67.3,19.6
E00081601,15.8,68.3,15.8
E00081602,13.4,66.4,20.2
E00081603,9.4,76.1,14.5
E00081604,10.6,71.7,17.7
E00081605,9.2,72.4,18.4
E00081606,14.9,74.7,10.3
E00081607,9.8,66.4,23.8
E00081608,15.3,58.7,26
E00081609,11.7,69.1,19.1
E00081610,12.7,60.4,26.9
E00081611,7.1,68.4,24.5
E00081612,6.8,58.1,35.1
E00081613,7.5,64.5,28
E00081614,8,73.6,18.4
E00081615,7.8,77.5,14.7
E00081616,11.5,69.7,18.9
E00081617,11,64.2,24.8
E00081618,11.5,67.3,21.2
E00081619,11.8,66.7,21.6
E00081622,3.4,67.6,29.1
E00081623,6.3,78.4,15.3
E00081625,14.5,63.7,21.8
E00081626,16.8,37.2,46
E00123153,23.9,59.1,17
E00123154,21.6,53.6,24.7
E00123155,4,63.3,32.7
E00123156,17.4,67.4,15.2
E00123157,16.8,53.5,29.7
E00123158,10.5,68.4,21.1
E00123159,13.8,64.4,21.8
E00123160,13.4,65.5,21
E00123161,17.6,42.9,39.6
E00123162,13.8,53.2,33
E00123163,12.7,67.3,20
E00123164,23.8,41,35.2
E00123165,21.4,42,36.6
E00123166,9.3,54.3,36.4
E00123167,26.5,30.1,43.4
E00123168,25.2,30.7,44.1
E00123169,14.2,59.3,26.5
E00123170,12.9,50.6,36.5
E00123171,9.5,70.5,20
E00123172,17.3,45.7,37
E00123173,10.8,79.5,9.6
E00123174,11.7,68.5,19.8
E00123175,8.4,69.9,21.7
E00123176,8.7,71.2,20.2
E00123177,9.9,77.8,12.3
E00123178,11.6,71,17.4
E00123179,16,56.4,27.7
E00123180,15.8,62.3,21.9
E00123181,8.5,72.6,18.9
E00123182,13.9,58.3,27.8
E00123183,6.3,63,30.7
E00123185,8.8,54.4,36.8
E00123188,12.6,57.3,30.1
E00123189,7.5,58.9,33.6
E00123190,12,55.6,32.4
E00123191,11.5,62.6,26
E00123192,9.3,57.6,33.1
E00123193,12.3,59.4,28.3
E00123194,5.5,59.1,35.5
E00123195,20.4,47.2,32.4
E00123197,12.8,55.1,32.1
E00123198,13.4,73.9,12.7
E00123199,11.5,69,19.5
E00123200,13.4,64.3,22.3
E00123201,14.7,58.1,27.1
E00123202,15,67.3,17.8
E00123203,11.9,69,19
E00123204,15,66.4,18.6
E00123205,9.9,61.4,28.7
E00123206,7.3,82.1,10.6
E00123207,8,75.2,16.8
E00123208,9,70.9,20.1
E00123209,6.5,83.2,10.3
E00123210,6.2,72.6,21.2
E00123211,15.1,61.9,23
E00123212,8.8,77.2,14
E00123213,5.6,76.8,17.6
E00123221,5.6,72.8,21.6
E00123257,23,45.1,31.9
E00123260,15,55.8,29.2
E00123270,19.4,55.3,25.2
E00123271,16.7,50,33.3
E00123272,19.8,53.1,27.2
E00123273,19.1,59.6,21.3
E00123275,15.5,45.4,39.2
E00123284,11.1,54.6,34.3
E00123286,15.4,44.1,40.6
E00123289,18.5,57.6,23.9
E00123290,16,46.9,37
E00123303,7.6,63.6,28.8
E00123311,15.4,50.3,34.3
E00123312,13.7,41.8,44.5
E00123314,15.4,53.8,30.8
E00123315,14.3,50,35.7
E00123316,23.4,53.1,23.4
E00123317,14.4,67.6,18
E00123318,13.5,52.4,34.1
E00123319,15.1,46.8,38.2
E00123320,15.3,47.1,37.6
E00123321,13.9,56.6,29.5
E00123323,17.5,51.6,31
E00123324,20.6,50.8,28.6
E00123325,19.4,60.2,20.4
E00123326,17.3,61.7,21.1
E00123327,20.5,48.7,30.8
E00123328,17.6,62.2,20.2
E00123329,21.7,62.7,15.7
E00123331,23.6,40.2,36.2
E00123332,17.8,53.3,29
E00123333,20.9,58.3,20.9
E00123334,11.5,43.4,45.1
E00123335,7.6,48.6,43.8
E00123336,17,63.8,19.1
E00123337,10.3,58.7,31
E00123338,9.1,63.6,27.3
E00123341,16.8,45.5,37.6
E00123342,19,47.4,33.6
E00123343,10.5,47.4,42.1
E00123344,4.5,56.1,39.4
E00123345,15.2,49.1,35.7
E00123346,14.7,46.6,38.8
E00123347,8.2,40.2,51.6
E00123349,16.5,50.4,33.1
E00123350,16.4,42.2,41.4
E00123351,13.5,51.9,34.6
E00123352,30,40,30
E00123353,11.4,59,29.5
E00123354,10.1,74.1,15.8
E00123355,10.8,60.2,28.9
E00123356,10,75,15
E00123357,15,61.1,23.9
E00123358,6.9,71.6,21.6
E00123359,15.5,65.5,19
E00123360,11.9,66.1,22
E00123361,6,77.6,16.4
E00123362,20,62.9,17.1
E00123363,9.5,74.7,15.8
E00123364,9.1,76.1,14.8
E00123365,14.9,64,21.1
E00123366,6.2,74.3,19.5
E00123373,3.8,87,9.2
E00123374,9.4,78.3,12.3
E00123375,7.6,73.7,18.7
E00123376,9,74.4,16.5
E00123377,5.6,75.3,19.1
E00123378,7.4,70.5,22.1
E00123379,13.3,72.4,14.3
E00123380,6.6,79.4,14
E00123381,7,57.3,35.7
E00123382,10.4,53.3,36.3
E00123383,17.9,44.2,37.9
E00123384,10.2,58.3,31.5
E00123385,13.2,47.1,39.7
E00123386,5.5,66.2,28.3
E00123387,11.3,50.7,38
E00123388,9.4,48.8,41.7
E00123389,12.9,44.6,42.4
E00123391,4.9,69.6,25.5
E00123392,9.8,77.2,13
E00123393,13.3,62.2,24.5
E00123394,18.1,59,22.9
E00123395,12.1,63.6,24.2
E00123396,12,58.1,29.9
E00123397,22.5,60.7,16.9
E00123398,17.5,70,12.5
E00123399,8.9,65.1,26
E00123400,11.5,62.3,26.2
E00123401,14.6,50,35.4
E00123402,16.9,50.7,32.4
E00123403,23.3,54.4,22.2
E00123404,9.1,66.7,24.2
E00123405,15.4,51,33.7
E00123406,16.7,36.7,46.7
E00123407,11.3,62.9,25.8
E00123408,12.8,64.2,22.9
E00123409,16,56.4,27.7
E00123410,14.3,54.3,31.4
E00123411,6.4,66.4,27.3
E00123412,8.8,61.4,29.8
E00123413,12,65.8,22.2
E00123414,12.9,63.7,23.4
E00123415,16.3,39.8,43.9
E00123416,5.6,78.9,15.5
E00123417,10.9,52.5,36.6
E00123418,13.8,51.7,34.5
E00123419,8.1,65.8,26.1
E00123420,2.2,70.7,27.2
E00123421,13.1,48.4,38.6
E00123422,10.9,63.6,25.5
E00123423,14.1,58.6,27.3
E00123424,22.1,48.1,29.8
E00123425,7.1,72.4,20.4
E00123426,16.5,31.2,52.3
E00123427,9.9,55.4,34.7
E00123428,11.5,37.7,50.8
E00123429,9.6,60.9,29.6
E00123430,13.9,61.7,24.3
E00123431,13.3,68.6,18.1
E00123432,9.9,52.3,37.8
E00123433,6.3,52.1,41.7
E00123434,6.7,56.3,37
E00123435,9.4,71.8,18.8
E00123436,12.1,74.8,13.1
E00123437,11.9,71.4,16.7
E00123438,9.8,58.7,31.5
E00123439,12.6,69,18.4
E00123440,12.2,57.8,30
E00123441,18.2,61.6,20.2
E00123442,12.5,61.5,26
E00123443,15.2,68.7,16.2
E00123444,6.6,66.1,27.3
E00123445,10.3,61.9,27.8
E00123446,22.1,57,20.9
E00123447,13.8,60,26.3
E00123448,8.5,73.2,18.3
E00123449,10.3,61.5,28.2
E00123450,11.5,64.4,24.1
E00123451,21.9,62.9,15.2
E00123452,17.2,63.3,19.5
E00123453,10,65.8,24.2
E00123454,15.2,54.4,30.4
E00123455,14.6,67.5,17.9
E00123456,11.5,65.5,23
E00123457,17.8,61.1,21
E00123459,12.9,59.4,27.7
E00167402,16.1,59.4,24.5
E00167406,14.8,53.7,31.5
E00167460,13.6,55.9,30.5
E00167461,17.9,61.8,20.3
E00167463,13.7,41.6,44.7
E00167464,24.1,51.9,24.1
E00167465,11.2,45.5,43.4
E00167469,19.1,43.8,37.1
E00167470,24.2,33.3,42.4
E00167472,27.9,45.9,26.2
E00167475,4.4,68.1,27.5
E00182410,24.7,38.4,37
E00182430,9,71.1,19.9
E00182431,16.7,65.7,17.6
E00182435,9.1,46.8,44.2
E00182445,25,36.7,38.3
E00182450,20,52.5,27.5
E00182452,21.4,51.8,26.8
E00182459,4.8,80.6,14.5
E00182493,15.9,37.1,47
E00182498,14,50,36
E00182499,12.4,44.5,43.1
E00182515,23.1,41,35.9
E00182519,36.7,34.7,28.6
E00189632,17.3,49.3,33.3
E00189644,18,47.5,34.4
E00189645,11.6,62.8,25.6
E00189656,20,32.7,47.3
E00189678,4.3,69.1,26.6
E00189682,15,55,30
E00189688,21.1,57.7,21.1
E00189694,16.9,40.7,42.4
E00189695,17.8,42.5,39.7
E00189698,25.7,37.1,37.1
E00189700,21.7,54.3,23.9
E00189736,19.6,54.9,25.5
E00189754,26.9,23.1,50
E00189766,16.9,57.3,25.8
E00189768,14,52.6,33.3