areacd,workplace_travel_4a-001,workplace_travel_4a-002,workplace_travel_4a-003,workplace_travel_4a-004
E00060556,51,9.8,20.9,18.3
E00060557,53.2,19.9,15.6,11.3
E00060558,51.7,11.7,19.2,17.5
E00060559,52.6,9.9,22.2,15.2
E00060560,49.7,13.8,18.2,18.2
E00060561,47,13.7,27.4,12
E00060562,41.9,13.7,23.1,21.4
E00060563,48.8,12.4,26.4,12.4
E00060564,52.2,14.5,18.9,14.5
E00060565,46.6,11.2,28.1,14
E00060566,41.4,12.9,23.6,22.1
E00060567,60.8,13.3,10.8,15.2
E00060568,51.2,9.5,21.9,17.4
E00060569,45.8,16.8,22.6,14.7
E00060570,47.5,14.5,23.5,14.5
E00060571,51.2,12.1,23.7,13
E00060572,50.5,14.7,21.1,13.7
E00060573,54.9,12.3,20.5,12.3
E00060574,48.5,14.7,22.1,14.7
E00060575,52.9,12.3,14.8,20
E00060576,71.2,7.7,9.6,11.5
E00060577,58.4,9.8,16.2,15.6
E00060578,43.2,14.8,25.6,16.5
E00060579,60.2,15.1,12.7,12
E00060580,53.3,9.8,17.4,19.6
E00060581,57,10.6,14.8,17.6
E00060582,58.6,12.9,10.3,18.1
E00060583,60.5,12.1,8.9,18.5
E00060584,59.8,9.8,10.6,19.7
E00060585,60.4,14.6,9.4,15.6
E00060586,68.2,10.9,9.1,11.8
E00060587,64,9,17,10
E00060588,59,12.3,12.3,16.4
E00060589,47.4,16.3,17.8,18.5
E00060590,60.1,14.7,12.9,12.3
E00060591,71.4,9.5,3.6,15.5
E00060592,57.4,10.9,16.8,14.9
E00060593,69.5,4.2,9.5,16.8
E00060594,60.3,8.9,14.5,16.2
E00060595,61.9,10.5,10.5,17.1
E00060596,57.9,11.6,13.7,16.8
E00060597,58.9,7.8,10,23.3
E00060598,60.4,8.1,16.2,15.3
E00060599,68.6,10.5,8.1,12.8
E00060600,67,10.7,8,14.3
E00060601,64,7,11.6,17.4
E00060602,61.9,0,19,19
E00060603,55.2,10.3,13.8,20.7
E00060604,66.1,8.9,5.4,19.6
E00060605,57.5,11,12.6,18.9
E00060606,53.7,13,13,20.4
E00060607,66,10,7,17
E00060608,70,4.4,13.3,12.2
E00060609,53,16,13,18
E00060610,60.8,12.7,8.9,17.7
E00060611,69.2,12.1,4.4,14.3
E00060612,60.7,16.8,8.4,14
E00060613,44.6,21.5,12.3,21.5
E00060614,63.8,6.7,5.7,23.8
E00060615,61.2,9,17.9,11.9
E00060616,55.6,13.9,0,30.6
E00060617,69,11.3,9.2,10.6
E00060618,66.7,7.9,11.1,14.3
E00060619,77,1.1,5.7,16.1
E00060620,54.3,14.7,14,17.1
E00060621,63.8,15.5,2.6,18.1
E00060622,67.7,7.5,13.7,11.2
E00060623,60.2,8.6,9.7,21.5
E00060624,68.9,9.2,8.4,13.4
E00060625,62,7,13,18
E00060627,66.7,6.7,9.6,17
E00060628,71.4,12.7,12.7,3.2
E00060629,59.7,14.5,8.1,17.7
E00060630,56.9,18.3,11.9,12.8
E00060631,72.6,7.1,6,14.3
E00060632,47.7,11.4,25,15.9
E00060633,53.3,14.4,10,22.2
E00060634,50,14.7,17.6,17.6
E00060635,59.1,8,18.2,14.8
E00060636,52.3,15.9,19.7,12.1
E00060637,50,13.3,18.8,18
E00060638,48.4,15.4,16.5,19.8
E00060639,42.1,18.9,21.1,17.9
E00060640,47.9,12.8,23.4,16
E00060641,53.5,10.3,20,16.1
E00060643,44.2,14.5,25.5,15.8
E00060644,47.5,16.7,24,11.8
E00060645,46.7,15,21.7,16.7
E00060646,50.7,15.8,16.4,17.1
E00060647,50.4,17.3,15.8,16.5
E00060648,50.7,12.7,21.1,15.5
E00060649,43,18.3,22.6,16.1
E00060650,45.5,13.2,29.8,11.6
E00060651,63.7,8.3,13.1,14.9
E00060652,55.2,11.9,24.5,8.4
E00060656,65.2,7.6,12,15.2
E00060659,58.4,12.4,9.5,19.7
E00060660,56.1,13,12.2,18.7
E00060661,53.5,10.1,9.4,27
E00060663,63.6,3.4,6.8,26.3
E00060664,57.3,9.4,15.4,17.9
E00060665,56.8,11,16.5,15.8
E00060666,51.6,13.3,18,17.2
E00060667,60.4,9.9,5.9,23.8
E00060668,62.2,9.9,9,18.9
E00060669,57,16.1,11.8,15.1
E00060670,55.6,13.2,15.9,15.2
E00060671,48.6,11.4,25.7,14.3
E00060672,49.5,13.8,18.3,18.3
E00060673,43.5,18.5,23.9,14.1
E00060674,41.9,21.7,21.7,14.7
E00060675,46.8,18.3,19,15.9
E00060676,44.6,20.6,22.9,12
E00060677,52.3,10.2,17,20.5
E00060678,56.6,11.3,17,15.1
E00060679,42.9,21.1,20.6,15.4
E00060680,38.2,20.6,21.8,19.4
E00060681,45,13.9,24.3,16.8
E00060682,46.2,13.7,23.9,16.2
E00060683,56,13.3,14.7,16
E00060684,60.5,13.6,14.8,11.1
E00060685,40.4,17.4,23.8,18.4
E00060686,45.9,13.3,19.3,21.5
E00060687,45,22.5,18.9,13.5
E00060688,42.7,16.8,21.7,18.9
E00060689,52.4,10.5,11.4,25.7
E00060690,56.5,10.2,15.7,17.6
E00060691,59.6,14.1,19.2,7.1
E00060692,50,16.4,18,15.6
E00060693,44.1,17.6,20.6,17.6
E00060694,48.9,6.4,16,28.7
E00060695,58.3,8.3,9.5,23.8
E00060696,46.2,20,20,13.8
E00060697,57.2,10.8,18,13.9
E00060698,57,6.3,16.5,20.3
E00060699,47.3,26.9,5.4,20.4
E00060701,60.6,17.3,9.4,12.6
E00060702,56.8,19.8,13.5,9.9
E00060704,48.1,9.1,16.9,26
E00060705,56.5,15.9,4.3,23.2
E00060706,57.3,13.3,8,21.3
E00060707,51.1,20.7,10.9,17.4
E00060708,61.1,8.4,5.3,25.3
E00060709,51.3,17.1,15.4,16.2
E00060710,45.7,15.2,14.1,25
E00060711,49,26.5,6.9,17.6
E00060712,54.5,26.2,5.5,13.8
E00060713,38.9,21.1,18.9,21.1
E00060714,51.4,17.6,5.4,25.7
E00060715,55.8,16.8,15,12.4
E00060716,57.1,9.5,16.7,16.7
E00060717,54.4,13.6,15,17
E00060718,63,9.6,12.3,15.1
E00060719,62.6,14.3,5.5,17.6
E00060720,57.6,22.8,7.6,12
E00060721,41.6,21.8,12.9,23.8
E00060726,50.7,26.7,10.7,12
E00060727,49,21.2,11.5,18.3
E00060728,46.8,23.9,11.9,17.4
E00060729,68.8,12.5,5,13.8
E00060730,48.1,11.1,18.5,22.2
E00060731,53.8,11.8,12.9,21.5
E00060732,60.3,9,7.7,23.1
E00060733,48.7,26.3,6.6,18.4
E00060734,57.9,15.8,5.3,21.1
E00060735,53.6,14.3,14.3,17.9
E00060736,46.7,11.5,16.4,25.4
E00060737,44,14.2,18.4,23.4
E00060738,48.4,21,19.4,11.3
E00060739,51.3,14.7,17.3,16.7
E00060740,58.1,10.5,17.1,14.3
E00060741,62.6,16.5,5.5,15.4
E00060742,56.6,11.8,6.6,25
E00060743,50,18.2,9.1,22.7
E00060744,56.8,18.5,8.6,16
E00060745,60.2,14.5,4.8,20.5
E00060746,59.3,18.6,10.5,11.6
E00060747,60.3,10.3,14.1,15.4
E00060748,58.5,22,6.8,12.7
E00060749,49.6,21.1,14.6,14.6
E00060750,56.3,10.2,21.9,11.7
E00060751,54.5,11.9,20.8,12.9
E00060752,50.7,10.4,21.5,17.4
E00060753,52.4,13.3,20.3,14
E00060754,52.1,18.1,18.8,11.1
E00060755,52.3,9.1,19.7,18.9
E00060756,45,16.5,23.9,14.7
E00060757,49.5,17.6,24.2,8.8
E00060758,46.8,11.4,17.7,24.1
E00060759,36.4,13.2,31,19.4
E00060760,53.2,7.6,11.4,27.8
E00060762,52.9,13.8,17.2,16.1
E00060763,51.6,14,20.4,14
E00060764,52,12.6,21.7,13.7
E00060765,48.1,8.8,23.1,20
E00060766,48.7,10.4,24,16.9
E00060767,63.3,8.3,13.8,14.7
E00060768,70.2,8.5,5.3,16
E00060769,69,12.4,7.1,11.5
E00060770,65,8.7,11.7,14.6
E00060771,67.7,8.1,9.1,15.2
E00060772,65.8,11.4,6.1,16.7
E00060773,54.1,14.3,17.3,14.3
E00060774,69.9,9.7,8.8,11.5
E00060775,58.3,13.7,11.5,16.5
E00060776,63.5,8.3,7.3,20.8
E00060777,52.8,7.9,16.5,22.8
E00060778,56.4,10.3,16.7,16.7
E00060779,59,10.9,16,14.1
E00060780,49.1,21.3,14.8,14.8
E00060781,54.5,10,15.5,20
E00060782,54.5,13.4,17.2,14.9
E00060783,44.6,15.2,20.5,19.6
E00060784,46.1,13.8,25,15.1
E00060785,54.5,7.7,21.2,16.7
E00060786,48.4,15.3,20.5,15.8
E00060787,50.3,8.3,30.1,11.4
E00060788,46.9,12.2,19.4,21.4
E00060789,45.7,11.1,26.7,16.5
E00060790,41.9,11.5,24.3,22.3
E00060791,52.5,11.9,23.7,11.9
E00060792,39.3,16,27.3,17.3
E00060793,49.6,15.5,16.3,18.6
E00060794,52,8.1,19.7,20.2
E00060795,55,10,14.2,20.8
E00060796,47.9,13.8,21,17.4
E00060797,55.3,10.6,15.4,18.7
E00060798,55.6,9.6,18,16.9
E00060799,59.2,10.7,17.8,12.4
E00060800,53.8,14.5,17.9,13.7
E00060802,62,10.9,12.4,14.6
E00060803,50.5,15.9,20.3,13.2
E00060804,46.2,15.1,23.6,15.1
E00060805,52.9,13,11.6,22.5
E00060806,47.6,11,20.7,20.7
E00060807,50.2,14.1,24.5,11.2
E00060808,55.9,10.5,15.4,18.2
E00060809,52.2,11,22.8,14
E00060810,44.4,27,6.3,22.2
E00060811,66.9,10.5,9.8,12.8
E00060812,52.1,19.7,12.8,15.4
E00060813,66.3,11.2,7.1,15.3
E00060814,63.1,13.5,9,14.4
E00060815,65.8,13.9,7.6,12.7
E00060817,60.8,16.2,8.1,14.9
E00060818,67.9,3.6,8.9,19.6
E00060819,60,15.4,7.7,16.9
E00060820,68.4,10.3,8.8,12.5
E00060821,62.4,11.9,6.9,18.8
E00060822,76.3,5.3,6.6,11.8
E00060824,62.2,9.5,9.5,18.9
E00060825,65.8,9.6,13.7,11
E00060826,53.3,16.7,13.3,16.7
E00060827,44.4,12.5,15.3,27.8
E00060828,47.2,20.8,11.1,20.8
E00060829,58.7,16,14.7,10.7
E00060830,56.8,20,5.3,17.9
E00060831,61.5,10.3,11.5,16.7
E00060832,53.4,18.2,11.4,17
E00060833,49.6,15.1,23.5,11.8
E00060834,45.5,11.1,29.3,14.1
E00060835,51.5,10.9,20.6,17
E00060836,43.8,15.6,17.7,22.9
E00060837,33.9,15.6,35.8,14.7
E00060838,57.5,9,20.1,13.4
E00060839,46.9,14.6,23.1,15.4
E00060841,48,13.1,26.3,12.6
E00060842,47.3,13.6,26.2,12.9
E00060843,55.2,10.5,16.2,18.1
E00060844,50,8.8,22.3,18.9
E00060845,53.6,15,21.4,10
E00060846,50,14.5,23.5,12
E00060847,47.5,13.9,23.8,14.8
E00060848,43.8,13.4,25.9,16.9
E00060849,46,15.5,25.4,13.1
E00060850,49.4,12.4,26.5,11.8
E00060851,42.9,15.9,29.4,11.8
E00060852,52.9,12.9,19.3,15
E00060853,42.4,19.4,19.4,18.8
E00060854,40.7,17,28.1,14.1
E00060855,40.2,12.4,29.9,17.5
E00060856,50.5,5.7,25.7,18.1
E00060857,52,12,25,11
E00060858,42.4,22,18.6,16.9
E00060859,49.5,10.8,25.2,14.4
E00060860,41.5,9.8,28,20.7
E00060861,52.1,12.5,22.9,12.5
E00060862,36.5,14.3,36.5,12.7
E00060863,42.6,14.8,28.7,13.9
E00060864,40.8,17.4,26,15.8
E00060865,51.1,12,10.9,26.1
E00060866,57.6,20,5.9,16.5
E00060867,48.4,9.7,11.3,30.6
E00060868,53.2,16.1,8.9,21.8
E00060877,56.6,28.3,9.4,5.7
E00060880,42.1,17.4,21.5,19
E00060881,46.8,18.9,23.4,10.8
E00060882,45.1,19.6,20.9,14.4
E00060883,43.4,19.5,27.4,9.7
E00060885,29.6,16.7,34.3,19.4
E00060886,47.6,16.9,27.4,8.1
E00060887,41.4,15.8,29.3,13.5
E00060888,39.7,21.9,20.5,17.8
E00060889,44.4,20.8,19.4,15.3
E00060890,50,11.6,22.1,16.3
E00060891,34.5,23,29.7,12.7
E00060893,42.7,21.8,29.8,5.6
E00060894,32.4,15.4,33.1,19.1
E00060895,42.5,22.6,22.6,12.3
E00060896,60.2,14.2,11.5,14.2
E00060897,68.4,11.1,10.3,10.3
E00060898,64.2,7.5,7.5,20.8
E00060899,58.3,14.2,11.7,15.8
E00060900,61.2,12.7,7.5,18.7
E00060901,70.2,10.7,9.9,9.1
E00060902,68.5,13,2.8,15.7
E00060903,58.5,16,5.7,19.8
E00060904,66.4,9.2,12.2,12.2
E00060905,73.8,5,3.8,17.5
E00060906,71,16.1,9.7,3.2
E00060907,69,11.3,7,12.7
E00060908,68.7,9.7,6.7,14.9
E00060909,62,20.3,2.5,15.2
E00060910,60.2,10.2,7.1,22.4
E00060911,70.6,12.9,3.5,12.9
E00060912,60.3,15.5,9.5,14.7
E00060913,54.1,14.1,7.1,24.7
E00060914,62.9,9.3,7.9,20
E00060915,63.5,8.2,8.2,20
E00060916,54.5,16.3,17.9,11.4
E00060917,57.1,11,20.8,11
E00060918,42.2,11.2,23.3,23.3
E00060919,53.3,13.3,18.7,14.7
E00060920,55.6,9.9,19.8,14.8
E00060921,57.2,13,15.9,13.8
E00060922,58.5,10.4,14.8,16.3
E00060923,45.3,15.7,25,14
E00060924,45.9,13.7,29.8,10.7
E00060925,52.5,10.9,17.8,18.8
E00060926,50.6,6.7,29.2,13.5
E00060927,59,6,21.4,13.7
E00060928,54.8,9.6,16.5,19.1
E00060929,51.4,10.6,18.3,19.7
E00060930,48.6,14,18.7,18.7
E00060931,53.2,9,15.3,22.5
E00060932,66.7,7.1,12.7,13.5
E00060933,51.9,13,14.8,20.4
E00060934,65.7,7.5,10.4,16.4
E00060935,59.1,13.6,8.2,19.1
E00060936,60.8,9.6,12.8,16.8
E00060937,63.3,12.9,9.4,14.4
E00060938,66.2,9,13.5,11.3
E00060939,61.4,12.9,5.9,19.8
E00060940,69.6,8.9,3.7,17.8
E00060941,68.1,9.6,11.7,10.6
E00060942,62.1,13.7,4.8,19.4
E00060943,77.8,8.1,6.1,8.1
E00060944,61.2,9.7,10.7,18.4
E00060945,57.3,11.5,8.3,22.9
E00060946,58.1,10.8,5.4,25.8
E00060947,66.7,7.9,11.1,14.3
E00060948,62.2,14.4,10.8,12.6
E00060949,65.4,8.4,9.3,16.8
E00060950,62.8,10.5,4.7,22.1
E00060951,70.3,3.1,14.1,12.5
E00060952,59.7,10.5,10.5,19.4
E00060953,58.5,11.5,12.3,17.7
E00060954,60,5.3,12.6,22.1
E00060955,53.3,20,9.2,17.5
E00060956,60.5,8.1,10.5,20.9
E00060957,50.4,18.4,17.7,13.5
E00060958,45.7,17,22.3,15
E00060959,48.9,13.1,12.4,25.5
E00060960,41.6,17.8,22.8,17.8
E00060961,36.4,9.8,34.1,19.7
E00060962,40,13.9,28.7,17.4
E00060965,55.4,13,13,18.5
E00060966,64.9,14.3,6.5,14.3
E00060967,59.8,18.1,10.4,11.6
E00060968,49.6,15,14.2,21.2
E00060969,69.8,11.5,8.3,10.4
E00060970,67.6,10.5,2.9,19
E00060971,60.7,13.3,8.7,17.3
E00060972,65.7,13.3,6.7,14.3
E00060973,66.2,6.8,6.8,20.3
E00060974,58.4,16.9,2.6,22.1
E00060975,63.3,6.3,6.3,24.1
E00060976,80,5.3,4.2,10.5
E00060977,66.7,12.5,16.7,4.2
E00060978,69,8.3,6,16.7
E00060979,55,11.6,12.4,20.9
E00060981,64.3,13.5,9.5,12.7
E00060982,68.4,8.5,6,17.1
E00060983,68.8,12.5,2.7,16.1
E00060984,53.6,13,13.8,19.6
E00060986,50.6,12.3,16,21
E00060987,59.3,12.1,13.2,15.4
E00060988,46.4,18.1,10.1,25.4
E00060989,48.8,17.4,6.6,27.3
E00060990,44.1,16.6,20,19.3
E00060991,57.8,23.3,10,8.9
E00060992,37.5,17.6,15.4,29.4
E00060993,52.4,13.5,7.9,26.2
E00060995,63.8,10.3,9.5,16.4
E00060997,52.9,15.4,14.7,16.9
E00060998,47.3,13.2,14.4,25.1
E00061065,46.2,18.1,18.7,17
E00061066,53.3,17,13.3,16.3
E00061067,42.4,12.9,23.5,21.2
E00061068,49.3,16.9,16.9,16.9
E00061069,58.4,16.8,8,16.8
E00061070,53.2,14.3,11.7,20.8
E00061074,42,22.5,15.9,19.6
E00061075,56.4,14.5,11.8,17.3
E00061076,57.5,12.3,14.2,16
E00061077,43.3,19.2,18.3,19.2
E00061078,51.9,9.9,16,22.2
E00061079,42.1,21.1,5.3,31.6
E00061080,49.7,19.6,15.7,15
E00061081,56.9,9.7,15.3,18.1
E00061082,57.3,14.6,15.5,12.6
E00061083,50,15.1,5.8,29.1
E00061084,45.8,26.5,12,15.7
E00061085,48.5,19.7,10.6,21.2
E00061086,60.3,10.3,8.6,20.7
E00061087,55.4,16.9,12.3,15.4
E00061088,63.5,20.6,7.9,7.9
E00061089,50,18.5,11.1,20.4
E00061090,41.4,12.6,24.1,21.8
E00061092,54.7,18.8,12.5,14.1
E00061095,64.8,11.4,4.5,19.3
E00061097,66,15.1,7.5,11.3
E00061098,53.2,16.1,11.3,19.4
E00061099,59.2,18.5,6.2,16.2
E00061100,54.5,9.1,9.1,27.3
E00061101,57.5,17.2,3.4,21.8
E00061102,64.2,13.2,3.8,18.9
E00061103,64.5,16.4,7.3,11.8
E00061104,50.8,23.4,8.9,16.9
E00061109,42.9,29.6,14.3,13.3
E00061110,34.9,34.2,12.8,18.1
E00061111,36.8,27.6,17.1,18.4
E00061112,27.5,38.5,15.4,18.7
E00061114,35,29.1,15.5,20.4
E00061118,37.1,24.5,23.8,14.7
E00061121,52.4,9.5,9.5,28.6
E00061122,33.8,30.1,12,24.1
E00061124,55.2,17.2,11.5,16.1
E00061125,44.4,22.5,11.3,21.8
E00061128,39.7,33.8,13.9,12.6
E00061129,35.3,28.4,19.8,16.4
E00061130,41.3,23.9,15.2,19.6
E00061132,45.5,20.2,17.2,17.2
E00061133,37.2,29.5,20.5,12.8
E00061134,32.2,33.9,15.7,18.2
E00061136,34.2,31.6,28.2,6
E00061138,33,21.6,33,12.4
E00061139,34.6,26.5,23.5,15.4
E00061140,27.1,35.7,27.9,9.3
E00061141,35,20,27.5,17.5
E00061142,27.8,19.4,38.9,13.9
E00061143,28.3,27.3,35.1,9.3
E00061144,36.9,35.7,10.7,16.7
E00061145,29,29,24.2,17.7
E00061146,37.6,23.5,24.7,14.1
E00061147,30.8,35,13.3,20.8
E00061148,28.2,37.4,14.1,20.2
E00061149,27.1,26.2,30.8,15.9
E00061150,33.3,17.8,28.7,20.2
E00061151,29.9,33.1,19.5,17.5
E00061152,23.6,34.5,24.7,17.2
E00061153,31.6,34.2,25.3,8.9
E00061154,26.1,36.6,22.5,14.8
E00061155,24.1,22.8,36.7,16.5
E00061157,32.2,23.3,30.2,14.3
E00061248,54,15.1,15.8,15.1
E00061249,53.6,13.8,12.3,20.3
E00061250,49.6,9.9,19,21.5
E00061251,50.8,13.3,18.8,17.2
E00061252,66.9,9.7,8.9,14.5
E00061253,60.4,9,13.4,17.2
E00061254,53.7,17.7,12.2,16.3
E00061255,48.3,12.8,21.5,17.4
E00061256,47,12.9,18.9,21.2
E00061257,46.9,13.8,22.3,16.9
E00061258,57.7,18.7,9.8,13.8
E00061259,44.8,16.1,21.8,17.2
E00061260,53.8,15.1,12.9,18.3
E00061261,45.8,11.6,21.1,21.5
E00061262,46.4,17.9,17.1,18.6
E00061263,59,12,13.3,15.7
E00061264,59.4,9.4,11.5,19.8
E00061265,49.2,9.7,19.4,21.8
E00061266,43.4,15.7,21.7,19.2
E00061267,44.2,16.7,17.5,21.7
E00061268,57.6,15.2,9.1,18.2
E00061269,45,20.8,15.8,18.3
E00061270,55.4,10.9,14.9,18.8
E00061271,55.8,10.6,14.2,19.5
E00061272,44.3,21.7,20,13.9
E00061273,45,24.2,20.4,10.4
E00061274,50.7,10.8,20.9,17.6
E00061275,45.1,12.7,22.5,19.7
E00061278,60.4,14.9,7.9,16.8
E00061279,68.6,8.1,8.1,15.1
E00061280,49.6,17.7,14.2,18.6
E00061281,63.2,10.5,13.7,12.6
E00061282,51.4,11.5,20.3,16.9
E00061283,57.6,11.9,8.5,22
E00061284,46.2,19.7,15.9,18.2
E00061285,57.4,10.2,14.8,17.6
E00061286,57.6,17.8,12.7,11.9
E00061287,45.3,17.5,19.7,17.5
E00061288,43.2,19.4,17.4,20
E00061289,44.3,9.2,22.1,24.4
E00061290,43.1,15.6,21.6,19.8
E00061291,47.9,19,16.5,16.5
E00061359,59.5,13.7,12.2,14.5
E00061360,44.1,11.9,15.3,28.8
E00061361,53.5,15.8,11.9,18.8
E00061362,50.9,16,13.2,19.8
E00061363,45.2,12.9,19.4,22.6
E00061378,52.6,12.6,12.6,22.2
E00061379,53.7,20.1,12.7,13.4
E00061380,60.8,13.1,12.3,13.8
E00061381,62.6,13.7,8.4,15.3
E00061382,53.3,17,15.6,14.1
E00061385,65.7,20,7.6,6.7
E00061386,68.4,10.5,7.9,13.2
E00061387,58,16,16,9.9
E00061388,52.1,16,8.4,23.5
E00061389,59.8,12.7,10.8,16.7
E00061391,47.3,17,14.3,21.4
E00061392,47.8,17.9,13.4,20.9
E00061393,60,10,12,18
E00061394,49,11.9,16.6,22.5
E00061395,41.1,16.5,22.2,20.3
E00061396,46.2,16,12.3,25.5
E00061397,53,13.3,15.7,18.1
E00061398,51.1,16.8,13.7,18.3
E00061399,41.7,16.7,20.8,20.8
E00061400,45.8,17.7,19.8,16.7
E00061401,44.4,10.4,18.5,26.7
E00061402,43.4,22.6,21.7,12.3
E00061403,48.2,14.9,20.2,16.7
E00061404,59,14.8,8.2,18
E00061405,59.5,16.7,9.5,14.3
E00061431,32.5,35.7,17.2,14.6
E00061435,37,25,21,17
E00061438,21.1,35,25.2,18.7
E00061461,43.1,18.8,25.7,12.5
E00061463,42,23.7,22.1,12.2
E00061472,40.4,18.4,24.8,16.3
E00061473,56.4,13.5,15.8,14.3
E00061475,50,13.8,10.3,25.9
E00061476,47,17.9,24.4,10.7
E00061477,49.6,21.1,13.5,15.8
E00061478,52.4,20.6,11.1,15.9
E00061479,37,20.5,22.8,19.7
E00061480,52.1,12.9,17.9,17.1
E00061481,57.1,14.3,0,28.6
E00061482,55,18,12,15
E00061483,47.3,14.7,23.3,14.7
E00061484,43.7,14.6,30.1,11.7
E00061522,34.6,21.6,29.4,14.4
E00061523,25,32,28,15
E00061525,33.6,22.4,30.6,13.4
E00061526,35.2,31.4,24.8,8.6
E00061527,42.5,16.7,20.8,20
E00061528,39.4,26,26.8,7.9
E00061529,41.1,17.9,32.1,8.9
E00061530,36.8,19.5,28.6,15
E00061531,39.4,20.2,27.9,12.5
E00061532,30.3,24.4,26.9,18.4
E00061533,43.1,25.7,19.3,11.9
E00061534,33,27.3,34.1,5.7
E00061535,39.3,27,20.2,13.5
E00061536,30.8,19.6,38.3,11.2
E00061537,25,28.1,38,8.9
E00061538,36.4,25,31.8,6.8
E00061539,32.2,23,25.7,19.1
E00061540,28.7,23.8,37,10.5
E00061541,30.8,25.4,34.6,9.2
E00061542,41.4,19.7,26.6,12.3
E00061543,40,17.1,32,10.9
E00061544,40,20,21.7,18.3
E00061545,44.8,24.8,19.2,11.2
E00061546,45.1,12.2,29.3,13.4
E00061547,39.4,21.2,28.8,10.6
E00061548,64.4,8.9,16.7,10
E00061559,48.9,13.3,22.2,15.6
E00061562,48.4,18.6,22.4,10.6
E00061563,36.7,25,25,13.3
E00061564,43.7,16.5,27.2,12.6
E00061565,45.5,19,16.5,19
E00061566,45,16.4,26.4,12.1
E00061568,46.8,17.7,24.2,11.3
E00061569,41,22.4,22.4,14.1
E00061570,43.6,13.5,28.8,14.1
E00061571,41.9,15.5,30.3,12.3
E00061572,35.7,17.8,38,8.5
E00061573,45.9,14.4,24.2,15.5
E00061574,40.6,20.6,18.8,20
E00061575,41.5,17.8,24.6,16.1
E00061576,45.5,13.5,26.3,14.7
E00061577,38.7,20.4,25.4,15.5
E00061578,50.6,17.3,25,7.1
E00061613,46.8,17.2,21,15.1
E00061614,50.6,10.8,17.7,20.9
E00061615,40.6,16.8,30.3,12.3
E00061616,48.4,16.6,17.2,17.8
E00061617,46.7,15.6,15.6,22.2
E00061618,55.6,16.7,13,14.8
E00061619,55.9,15.3,12.7,16.1
E00061620,46.3,8.4,21.1,24.2
E00061621,44,11,22.9,22
E00061622,31.5,22.1,29.5,16.8
E00061623,41.3,23.2,24.5,11
E00061624,42.6,11.3,25.2,20.9
E00061625,52.6,10.5,20.3,16.5
E00061626,40,15.6,30,14.4
E00061627,40.8,14.5,27.6,17.1
E00061628,47.6,17.3,21.4,13.7
E00061644,44.3,16,25.5,14.2
E00061645,46.7,17.3,24.7,11.3
E00061646,39.8,16.4,32,11.7
E00061647,36.1,16.3,39.2,8.4
E00061648,46.7,18.6,24.6,10.2
E00061649,30.8,23.1,27.9,18.3
E00061650,45.6,14,25.4,14.9
E00061651,32.4,18.1,28.6,21
E00061652,32.9,17.9,35.7,13.6
E00061653,52.3,14.7,22.9,10.1
E00061654,43.4,16.2,25.3,15.2
E00061655,46.5,18.7,23.2,11.6
E00061656,44.2,18.6,25.7,11.5
E00061657,44.5,18.2,20.4,16.8
E00061658,48.8,17.9,17.1,16.3
E00061659,50.5,12.4,19.6,17.5
E00061660,43.5,21,20.2,15.3
E00061661,46.1,19.5,16.4,18
E00061662,38.9,21.7,23.6,15.9
E00061663,42.6,23,20.5,13.9
E00061664,39.4,19.2,20.2,21.2
E00061665,30,27.3,32.7,10
E00061666,38.3,23.3,25.9,12.4
E00061668,38.5,13.8,32.1,15.6
E00061669,34.9,19.9,33.7,11.4
E00061670,38.5,21.4,25.1,15
E00061671,43.1,19.3,26.4,11.2
E00061673,34.6,21.5,30,13.9
E00061674,38.8,16,31.9,13.3
E00061675,37.5,20.8,29.2,12.5
E00061676,34.9,24.4,32,8.7
E00061677,44.3,13.6,30.8,11.3
E00061678,40.1,21.5,24.9,13.6
E00061679,50.6,20,16.7,12.8
E00061681,45.5,17.3,28.2,9
E00061682,44.4,22.2,25.4,7.9
E00061683,39.1,13.3,27.2,20.4
E00061684,39.7,22.4,23.8,14
E00061685,47.1,17.9,19.3,15.7
E00061686,36.5,22.7,27.5,13.3
E00061687,30,20.9,34.5,14.5
E00061688,31.8,25.6,30.3,12.3
E00061689,34.8,19.3,32.1,13.9
E00061690,36.7,23.1,29.1,11.1
E00061691,41,18.7,23.9,16.4
E00061692,39.5,21,25.6,13.8
E00061693,41.2,23.5,27.1,8.2
E00061694,43.6,20.5,22.6,13.3
E00061695,32.8,24.8,33.6,8.8
E00061696,41,23,23,12.9
E00061697,33.5,19.8,29.4,17.3
E00061698,42.4,20.6,24.8,12.1
E00061699,36.1,16.9,33.7,13.3
E00061700,43,15.9,30.8,10.3
E00061701,42.9,16.3,28.6,12.2
E00061703,41.9,14.2,24.5,19.4
E00061704,42.1,16.4,26.4,15.1
E00061705,37.4,23.3,24.5,14.7
E00061706,42.4,22.3,25.9,9.4
E00061707,10.5,40.3,37.9,11.3
E00061708,23.8,31,32.1,13.1
E00061711,57.1,15.1,9.2,18.5
E00061713,48.9,22.7,14.9,13.5
E00061714,51,16.8,13.5,18.7
E00061715,63,13,12.3,11.6
E00061716,46.5,12.5,22.2,18.8
E00061717,60.4,13.4,13.4,12.7
E00061718,58.2,12.7,14.9,14.2
E00061719,51.8,14,12.3,21.9
E00061720,66.1,13.9,10.4,9.6
E00061721,44.6,19.6,21.5,14.2
E00061722,62.8,9.7,14.2,13.3
E00061723,65.9,12.2,8.5,13.4
E00061724,53.4,13,20.7,13
E00061725,60.9,15.5,5.5,18.2
E00061726,58.1,17.8,12.4,11.6
E00061727,46.8,15.6,18.4,19.1
E00061728,55.8,10,17.7,16.5
E00061729,51.9,12.5,21.2,14.4
E00061731,51.2,9.4,22,17.3
E00061780,57.8,13.3,15.7,13.3
E00061782,54.2,20.9,10.5,14.4
E00061784,48.8,19.7,16.5,15
E00061785,55.1,15.3,12.7,16.9
E00061787,54.3,13.6,14.8,17.3
E00061788,55.3,10.5,15.8,18.4
E00061789,57.8,10.8,8.8,22.5
E00061790,43.3,18.6,18.6,19.6
E00061831,28.1,25,35.9,10.9
E00061832,49.5,13.9,8.9,27.7
E00061833,58.5,12.8,12.2,16.5
E00061834,49.1,17.2,21.6,12.1
E00061838,44.9,13,20.3,21.7
E00061841,56.5,13,17.4,13
E00061842,47.4,19.3,17.5,15.8
E00061843,56.4,20.5,9,14.1
E00061844,42.2,14.3,12.6,30.9
E00061845,47.2,11.7,14,27.1
E00061846,62.4,12.9,10.8,14
E00061847,58.4,4,11.9,25.7
E00061848,56.9,10.3,17.2,15.5
E00061849,37.4,9.9,25.3,27.5
E00061850,53.9,13.2,7.9,25
E00061851,61.5,8.9,15.4,14.2
E00061854,65.5,16.7,4.8,13.1
E00061858,65.2,8.7,13,13
E00061859,57.6,15.3,14.4,12.7
E00061860,66.7,3.7,7.4,22.2
E00061863,54.2,13.9,18.1,13.9
E00061864,54.8,9.6,17.3,18.3
E00061865,56.5,15.9,14.5,13
E00061866,53.8,9.4,16,20.8
E00061872,22.5,27.9,41.1,8.5
E00061873,37.7,14.2,37.7,10.4
E00061876,35.5,16,40.2,8.3
E00061877,46.2,16.8,27.3,9.8
E00061878,51.5,18.4,18.4,11.8
E00061879,37.4,14.4,31.7,16.5
E00061880,37.9,18.3,28.8,15
E00061934,56,14.3,11,18.7
E00061936,52.3,13.8,17.7,16.2
E00061937,50,12.2,11.1,26.7
E00061938,52.3,16.2,14.6,16.9
E00061939,60.6,13.1,11.1,15.2
E00061941,55.4,16.2,12.2,16.2
E00061942,60.7,14.8,8.2,16.4
E00061943,65.6,8.9,7.8,17.8
E00061944,46.1,19.9,19.9,14.2
E00061945,69.3,18.7,8,4
E00061946,67,15,6,12
E00061947,43.8,13.3,17.1,25.7
E00061948,47.6,17.2,20.7,14.5
E00061949,71.4,8.2,8.2,12.2
E00061950,57,14,17.8,11.2
E00061951,52.3,11.6,15.1,20.9
E00061952,53.9,15.8,14.5,15.8
E00061953,51.2,5.8,19.8,23.1
E00061954,55.8,11.7,15.6,16.9
E00061955,72.6,9.7,12.9,4.8
E00061956,58.9,12.3,6.8,21.9
E00061957,66.3,4.8,12,16.9
E00061958,56.5,16.1,8.1,19.4
E00061959,48.2,28.9,14.5,8.4
E00061960,55.6,11.1,13,20.4
E00061961,50,18.9,14.4,16.7
E00061962,53.8,9.7,14.5,22.1
E00061964,52.9,15.7,16.7,14.7
E00061965,55.6,11.1,18.9,14.4
E00061966,50.6,14.1,11.8,23.5
E00061967,48.1,21,12.3,18.5
E00061968,53.2,21.3,8.5,17
E00061969,60.6,8.5,18.3,12.7
E00061971,54.2,18.6,10.2,16.9
E00061972,47.8,16.1,21.7,14.4
E00061975,38.8,20.7,21.5,19
E00061977,45.7,11.4,29.5,13.3
E00061978,52.2,23.9,11.4,12.4
E00061979,57.3,15.6,12.5,14.6
E00061980,45.7,13.8,20.2,20.2
E00061981,48.1,14.3,14.9,22.7
E00061982,53.9,19.5,7.8,18.8
E00061983,49.6,15.7,13.2,21.5
E00061985,55.3,13.6,13.6,17.5
E00061987,60.7,12.6,14.2,12.6
E00061988,51.2,10.9,16.3,21.7
E00062015,25.8,37.1,26.5,10.6
E00062016,22.6,35,31.4,10.9
E00062017,30.6,28.5,34.7,6.3
E00062018,19.7,23.8,41,15.6
E00062019,24.7,22.7,37.7,14.9
E00062020,29.8,21.1,39.8,9.4
E00062021,37.9,30.1,22.3,9.7
E00062022,39.8,14.6,34,11.7
E00062023,36.9,25,26.2,11.9
E00062024,35.4,20.8,33.3,10.4
E00062025,22.5,28.7,40.3,8.5
E00062026,22.1,39.7,28.2,9.9
E00062027,40.4,19.1,28.7,11.7
E00062028,17.8,31.9,38.7,11.7
E00062029,22.4,32.9,31.1,13.7
E00062030,34,30.1,19.4,16.5
E00062031,43.2,21.6,20.3,14.9
E00062032,40.3,24,17.8,17.8
E00062033,22.7,32,32,13.3
E00062034,34,26.2,27.2,12.6
E00062035,27.8,32,26.8,13.4
E00062037,18,35.2,32,14.8
E00062038,27.6,27.6,28.4,16.4
E00062039,26.2,34.1,29.4,10.3
E00062040,30.3,28.2,34.5,7
E00062041,19.6,26.1,46.7,7.6
E00062042,30.5,19.5,38.3,11.7
E00140465,19.2,25,42.3,13.5
E00140466,17.8,37.8,30.4,14.1
E00140467,5.7,43,37.3,13.9
E00140468,8.8,31.3,37.5,22.5
E00140469,17.1,28.7,37.8,16.5
E00140470,11.9,33.1,42.4,12.7
E00140477,10.6,37.1,36.4,15.9
E00140501,26.4,30,22.7,20.9
E00140502,9,42.3,34.6,14.1
E00140503,13.8,35,33.8,17.5
E00140504,23.1,33.6,24.6,18.7
E00140505,33.3,21.3,32.4,13
E00140506,13.3,36.2,38.1,12.4
E00140507,28.7,30.3,25.4,15.6
E00140508,20.7,35.9,33.7,9.8
E00140509,34.8,36.1,4.4,24.7
E00140510,25.6,33.3,26.5,14.5
E00140511,22.4,34.2,24.2,19.3
E00140512,2.3,37.2,41.9,18.6
E00140513,34,26.4,20.8,18.9
E00140514,21.6,33.6,35.3,9.5
E00140515,16.7,31,40.5,11.9
E00140516,20.6,29.9,39.3,10.3
E00140517,12.5,34.1,33,20.5
E00140518,17,38.3,36.2,8.5
E00140519,16.9,42.3,21.1,19.7
E00140520,18.9,31.1,36.8,13.2
E00140598,12.6,28.1,45.2,14.1
E00140601,7.9,28.3,53.5,10.2
E00140603,7.9,40.4,40.4,11.4
E00140604,9.8,30.3,44.7,15.2
E00140620,9.7,41.9,31.5,16.9
E00140621,12.3,39.2,40,8.5
E00140622,9,48.7,30.8,11.5
E00140623,22.3,43.9,25.2,8.6
E00140624,14.3,41.4,33.6,10.7
E00140625,13,43.5,32.1,11.5
E00140626,14.5,45,31.3,9.2
E00140627,10.9,34.8,43.5,10.9
E00140628,12.2,28.6,42.9,16.3
E00140629,6.2,32.4,46.9,14.5
E00140630,16.4,39.7,38.4,5.5
E00140631,5,41.7,41.7,11.7
E00140632,8,36.2,41.7,14.1
E00140661,21,28.2,37.9,12.9
E00140662,25.2,32.9,32.2,9.8
E00140663,15.2,30.4,40,14.4
E00140664,23,33.1,38.8,5
E00140665,20.6,37.3,31.7,10.3
E00140666,28.4,24.8,34.9,11.9
E00140667,26.4,29.4,26.9,17.3
E00140668,22,31.5,30.7,15.7
E00140669,19.8,36.6,30.8,12.8
E00140670,27.4,34.8,20.4,17.4
E00140671,18.3,35.8,30.8,15
E00140672,25.2,31.3,34.8,8.7
E00140673,11.4,39.2,41.8,7.6
E00140674,19.3,34.2,36,10.5
E00140675,24.4,32.1,31.3,12.2
E00140676,39.6,32.4,12.6,15.3
E00140677,20.6,37.4,26.2,15.9
E00140678,25.4,35.4,30.8,8.5
E00140679,7.3,32.5,47,13.2
E00140680,7.6,46.7,29.3,16.3
E00140681,6.9,47.1,40.2,5.7
E00140682,6,36.2,43.6,14.1
E00140683,14,41.3,26.4,18.2
E00140684,14,28.7,43.4,14
E00165747,59,11.5,18,11.5
E00165748,40.2,19.6,26.1,14.1
E00165749,53.7,9,16.4,20.9
E00165750,51.3,18.4,7.9,22.4
E00165751,69,4.6,16.1,10.3
E00165752,39.5,30.3,14.5,15.8
E00165764,50,14.6,19.5,15.9
E00165765,55.7,19,17.1,8.2
E00165766,34.6,34.6,12.8,17.9
E00165767,35.4,31.3,18.8,14.6
E00165768,29.5,23.2,31.6,15.8
E00165774,60.2,15.5,8.3,16
E00165775,51.6,17.7,14.5,16.1
E00165776,60.6,18.2,6.8,14.4
E00165777,46.7,17.8,10.5,25
E00165819,36.5,21.6,27,14.9
E00165820,38.9,16,26,19.1
E00165821,40.5,22.3,21.5,15.7
E00174107,58.7,9.2,14.7,17.4
E00174108,65.8,10.8,8.3,15
E00174109,57.5,10,20,12.5
E00174110,44.4,22.2,14.8,18.5
E00174111,57.1,17.3,11.2,14.3
E00174112,52.2,21.2,15,11.5
E00174113,56.9,11.7,11.7,19.7
E00174114,47.5,15.8,22.3,14.4
E00174115,41,14.3,23.8,21
E00174117,82.8,5.2,8.6,3.4
E00174118,84.6,6.4,6.4,2.6
E00174136,45.2,15.7,15.7,23.5
E00174137,45.2,17.8,26.8,10.2
E00174139,36.5,27.5,25.1,10.8
E00174140,41.3,19.4,26.4,12.9
E00174141,36.3,21.4,30.2,12.1
E00174148,43.2,6.8,9.5,40.5
E00174149,47.3,15.4,24.5,12.8
E00174150,54,10.3,12.7,23
E00174152,44.8,16.6,20.2,18.4
E00174153,52.7,16.7,19.4,11.3
E00174155,56.1,11,18.9,14
E00174156,56.4,16.8,16.8,10.1
E00174159,53.8,14.1,17.3,14.7
E00174160,39.8,18.6,29.2,12.4
E00174162,42.7,17.8,25.5,14
E00174163,34,24.1,28.4,13.5
E00174164,43.1,16.3,25.6,15
E00174168,38.9,21.7,28.3,11.1
E00174169,36.3,25.9,27.4,10.4
E00174170,43.6,21.8,25.6,9
E00174172,41.8,22.5,25.8,9.9
E00174174,18.6,27.9,30.2,23.3
E00174175,35.1,22.1,29.3,13.5
E00174176,36,20.4,30.8,12.8
E00174177,38.5,19,30.8,11.8
E00174178,31.4,22.7,35.6,10.3
E00174179,36.4,21.5,25.6,16.5
E00174180,37.9,20.7,32.8,8.6
E00174181,37.3,18.7,30.1,13.9
E00174182,36.6,17.7,36,9.7
E00174183,34.7,21.2,26.4,17.6
E00174189,36.1,24.7,30.9,8.2
E00188170,47.7,15,17.6,19.7
E00188171,61,4.9,19.5,14.6
E00188176,45.1,15.9,23.8,15.2
E00188180,43.7,21.6,25.7,9
E00188183,20,40.6,30.6,8.9
E00188187,38.8,24.1,26.8,10.3
E00188189,37.7,17.2,28.5,16.6
E00188190,49,25,18.2,7.8
E00188193,54.8,13.6,16.3,15.4
E00188194,42,16,23.8,18.2
E00188195,45.1,18.3,24.4,12.2
E00188196,36.7,18.7,29.5,15.1
E00188197,51.4,22.1,19.3,7.2
E00188198,47.2,18.1,22.2,12.5
E00188200,48.7,9.5,27.8,13.9
E00188203,35.4,27.8,27.1,9.7
E00188205,42.1,15.9,32.4,9.7
E00188209,31.7,28.6,20.1,19.6
E00188210,73.7,5.3,7,14
E00188211,46,17.6,20.1,16.3
E00188212,45.5,19,24,11.5
E00188214,20.2,37.4,30.5,11.8
E00188215,41,18,25.3,15.7
E00188218,64.7,13.1,3.9,18.3
E00188219,54.5,16.9,22.1,6.5
E00188220,38.4,12,20.8,28.8
E00188221,62.7,20,7.3,10
E00188223,46.5,19.4,25.2,9
E00188224,52.2,14.6,21,12.1
E00188225,27.9,25,27.9,19.3
E00188233,42.1,20,28.9,8.9
E00188234,49.2,12.3,21.4,17.1
E00188237,54.6,12.3,23.8,9.3
E00188239,54.4,14,15.4,16.2
E00188240,53.5,15.7,15.7,15.2
E00188241,58.9,8.9,15.1,17.1
E00188245,47,20.3,19.9,12.7
E00188248,24.5,37.7,30,7.7
E00188249,56.6,14.2,17,12.3
E00188255,36,27.4,23.4,13.2
E00188256,15.5,35.7,36.3,12.5
E00188257,24.3,29.6,34.2,11.8
E00188258,52.6,19.3,16.4,11.7
E00188259,39.4,16.4,31.5,12.7
E00188261,25,36.1,30.6,8.3
E00188262,41.7,23.2,28.6,6.5
E00188263,62.9,12.9,9.7,14.5
E00188264,39.7,20.2,30,10.1
E00188265,62,9.8,18.5,9.8
E00188267,49.2,18.9,18.9,12.9
E00188272,43.1,19.7,28.9,8.4
E00188274,25,36.7,20.7,17.6
E00188275,48.3,17.1,23.4,11.2
E00188276,45.5,20.2,20.8,13.5
E00188277,60,12.1,15.2,12.7
E00188279,52.5,17,13.5,17
E00188281,42.1,21.3,24.3,12.4
E00188285,38.4,27.7,24.9,9
E00188286,31.1,25.2,34.5,9.2
E00188287,29.2,20.6,42.4,7.8
E00188289,56.4,13.5,10.4,19.6
E00188291,51.7,15.9,13.1,19.3
E00188293,42.1,22.7,21.5,13.6
E00188294,30.9,10.3,39,19.9
E00188295,26.7,34.2,30.5,8.6
E00188296,47.7,14.6,21.6,16.1
E00188299,44.7,23.4,19.1,12.8
E00188306,46.4,20.2,28.6,4.8
E00188309,55.2,13.1,15.5,16.3
E00188311,15.5,41.3,33,10.2
E00188312,47.7,15.2,19.9,17.2
E00188314,40,20.6,29,10.3
E00188316,40.9,21.2,25.9,11.9
E00188319,37.3,20,29.1,13.6
E00188320,38.9,21.2,22.1,17.7
E00188323,35.3,28.4,27.9,8.4
E00188327,60,15.6,8.9,15.6
E00188329,58.7,14.1,13,14.1
E00188330,15.6,37.6,36.6,10.2
E00188331,37.4,17.6,26.4,18.7