areacd,number_bedrooms_5a-001,number_bedrooms_5a-002,number_bedrooms_5a-003,number_bedrooms_5a-004
E00103528,0,26.9,39.7,33.3
E00103529,2.9,18.4,48.5,30.1
E00103530,8.3,35.9,37.2,18.6
E00103531,1.4,17.7,52.4,28.6
E00103532,1.7,19.1,46.8,32.4
E00103533,0,20,42.9,37.1
E00103534,2.4,32.3,47.6,17.7
E00103535,1.9,13.5,44.9,39.7
E00103536,12.2,16.7,51.3,19.9
E00103537,7.1,32.1,36.9,23.8
E00103538,9.5,43,19.6,27.9
E00103539,4.3,12,38,45.7
E00103540,3.9,22.9,42.9,30.2
E00103541,4.5,22.4,53.7,19.4
E00103542,1.3,27,47.2,24.5
E00103543,1.7,16.8,66.4,15.1
E00103544,2.2,34.1,46.7,17
E00103545,4.1,39.2,39.2,17.6
E00103546,3.3,12.3,41.8,42.6
E00103547,22,18.2,28,31.8
E00103548,3.5,22.9,54.2,19.4
E00103549,14.4,23.5,43.2,18.9
E00103550,4.2,19.6,38.1,38.1
E00103551,1.6,52.7,35.7,10.1
E00103552,0,30.4,54.1,15.6
E00103553,33.1,12.4,37.9,16.6
E00103554,0,39.8,41.4,18.8
E00103555,1.6,11.2,64,23.2
E00103556,42.5,23.1,26.1,8.2
E00103558,0.7,9.8,34,55.6
E00103559,9.2,15.3,52.7,22.9
E00103561,0.7,15.8,46,37.4
E00103562,0.5,30.2,51,18.2
E00103563,8,19.2,64,8.8
E00103564,8.5,27.4,61.5,2.6
E00103565,5.5,16.4,68,10.2
E00103566,3.8,13.8,56.2,26.2
E00103567,35,44.5,16.1,4.4
E00103568,27,35.1,29.7,8.1
E00103569,20.1,39,29.9,11
E00103570,56.6,32.2,7.2,3.9
E00103571,50.3,35.1,13.2,1.3
E00103572,37.2,39.8,14.1,8.9
E00103573,10.4,25.8,29.7,34.1
E00103574,5.6,38,37.3,19
E00103575,17,44.4,29.6,8.9
E00103576,22.1,38.2,26.6,13.1
E00103577,12.1,29.3,47.1,11.4
E00103578,16.5,18.7,31.7,33.1
E00103579,22.3,43.7,27.7,6.3
E00103580,13,15.1,45.9,26
E00103581,5.8,16.8,44.5,32.8
E00103582,2.2,15.2,27.5,55.1
E00103583,3,10.5,54.9,31.6
E00103584,2.6,12.6,41.7,43
E00103585,3,14.1,22.2,60.6
E00103586,3,14.5,49.1,33.3
E00103587,3.6,8.9,48.2,39.3
E00103588,2.1,14.6,43.8,39.6
E00103589,1.6,21.4,49.2,27.8
E00103590,4.2,20.8,37.5,37.5
E00103591,5.7,19.3,28.4,46.6
E00103592,9.9,35.2,42.9,12.1
E00103593,0,21.3,36.3,42.5
E00103594,6.9,25.2,42.7,25.2
E00103595,3.8,10.6,40,45.6
E00103596,3.5,14,40.7,41.9
E00103598,13.5,19.9,40.4,26.3
E00103599,2.1,20.3,35,42.7
E00103600,0,31.1,48.2,20.7
E00103603,5.4,24.6,51.5,18.5
E00103604,27.8,27.8,32.2,12.2
E00103605,12.9,35,27.1,25
E00103606,30.3,44.5,18,7.1
E00103608,13.2,53.7,26.4,6.6
E00103609,28.7,39.4,22.3,9.6
E00103610,4.5,18.9,30.3,46.2
E00103611,2.4,14.9,44.6,38.1
E00103612,0.8,20.2,50,29
E00103613,4.3,38.8,33.6,23.3
E00103614,7.1,19.5,44.8,28.6
E00103615,1,15.8,43.6,39.6
E00103616,10.7,25.9,30.4,33
E00103617,0.6,13.2,43.1,43.1
E00103619,5.5,25.2,37.4,31.9
E00103620,10.1,30.7,40.2,19
E00103621,1.2,17.8,42.3,38.7
E00103622,10.6,25,53,11.4
E00103623,7.5,17.7,40.8,34
E00103624,3.1,14.8,41.4,40.7
E00103625,6.7,62.5,20.2,10.6
E00103626,0.9,71.3,23.1,4.6
E00103627,3.1,58.3,33.1,5.5
E00103628,1.8,35.1,40.4,22.8
E00103629,20.7,20.7,45.7,12.9
E00103630,7.5,60.8,26.7,5
E00103631,1.6,15.9,33.3,49.2
E00103632,3.3,14.4,43.3,38.9
E00103633,4.5,11.9,44.8,38.8
E00103634,9.2,22,38.3,30.5
E00103635,0,12.5,44,43.5
E00103636,2.8,19.4,47.2,30.6
E00103637,4.9,18.4,38.8,37.9
E00103638,9.8,13.1,34.4,42.6
E00103639,3.6,22.9,45.7,27.9
E00103640,1.9,14.3,31.4,52.4
E00103641,0.6,26,37.7,35.7
E00103642,5.7,17.1,50.5,26.7
E00103643,0.7,25.5,51,22.8
E00103644,1.4,22.9,43.1,32.6
E00103645,9.2,32,39.2,19.6
E00103646,0.7,16.8,73.8,8.7
E00103647,1.6,28.5,30.1,39.8
E00103648,4.4,9.6,42.1,43.9
E00103649,2.3,26.7,54.2,16.8
E00103650,4.4,49.6,34.1,11.9
E00103654,2.9,31.9,41,24.3
E00103655,0.8,14.3,36.5,48.4
E00103656,8.8,17.5,39.4,34.3
E00103657,2.5,9.2,46.7,41.7
E00103658,17.9,26.5,50.4,5.1
E00103659,32.4,18.8,37.5,11.4
E00103660,4,10.3,79.4,6.3
E00103661,7.4,13,38.9,40.7
E00103662,6.4,20.5,53.4,19.7
E00103664,0,28.1,56.1,15.8
E00103665,3.7,24.3,35.5,36.4
E00103666,0,20.1,45.5,34.3
E00103667,5.2,24.1,27.6,43.1
E00103668,0.9,37.2,44.2,17.7
E00103669,2.3,25.8,42.2,29.7
E00103670,2.5,17.2,42.6,37.7
E00103671,38.6,25.5,27.2,8.7
E00103672,15.1,37,27.7,20.2
E00103673,5.3,23.2,52.3,19.2
E00103674,21.3,26,42.5,10.2
E00103675,5.2,17.2,70.1,7.5
E00103676,37,25.9,26.7,10.4
E00103677,36.5,42,12,9.5
E00103679,10.7,33.7,43.8,11.8
E00103680,0,8.5,58.8,32.7
E00103682,7.9,23,54,15.1
E00103683,0.8,26.7,64.1,8.4
E00103684,30.7,30.1,27.6,11.7
E00103685,10.6,31.1,40.9,17.4
E00103686,6.1,7.1,82.7,4.1
E00103687,9.8,37.4,38.7,14.1
E00103688,0,16.3,40.8,42.9
E00103689,3.6,25.9,47.5,23
E00103690,2.5,27.5,41.7,28.3
E00103691,4.4,28.5,48.7,18.4
E00103692,46.8,20.2,22,11
E00103693,6.3,30.5,35.2,28.1
E00103694,11.3,22.5,37.3,28.9
E00103695,1,19.6,41.2,38.1
E00103696,1.1,10.9,40.2,47.8
E00103697,1.5,29.1,35.8,33.6
E00103699,42.2,24.8,17.4,15.5
E00103700,2.3,36.4,35.6,25.8
E00103701,4.9,35.3,49,10.8
E00103702,10.8,30,43.1,16.2
E00103703,4.2,21.1,37.3,37.3
E00103705,4.2,32.4,39.4,23.9
E00103706,17.5,41,29.5,12
E00103707,2,17.6,44.1,36.3
E00103708,2.3,19.5,36.8,41.4
E00103710,1.1,10.8,48.4,39.8
E00103711,11.8,14.7,46.3,27.2
E00103712,1.8,15.1,36.7,46.4
E00103713,3,23.3,37.6,36.1
E00103714,2.1,22.7,37.1,38.1
E00103717,1.8,25.7,51.3,21.2
E00103719,4.8,16.1,32.3,46.8
E00103720,2.2,13.3,65.6,18.9
E00103721,4.1,62.9,22.7,10.3
E00103724,5.4,17.4,46.3,30.9
E00103725,4.2,26.1,52.9,16.8
E00103726,0.8,21.1,36.8,41.4
E00103727,4.3,21.4,31.6,42.7
E00103728,0,8.1,53.2,38.7
E00103730,8.7,19.6,35.5,36.2
E00103731,7.4,20.2,48.4,23.9
E00103732,3.8,34.6,35.3,26.3
E00103733,0.7,21.2,56.2,21.9
E00103734,5.7,35,39.8,19.5
E00103735,13,34.4,26,26.7
E00103736,0.8,31.5,47.2,20.5
E00103737,2.4,46,39.5,12.1
E00103738,0.8,20.7,24,54.5
E00103739,2.4,9.4,33.9,54.3
E00103740,0.8,9.4,37.8,52
E00103741,12.4,41.3,44.6,1.7
E00103742,9.6,36.5,41.7,12.2
E00103743,45,28.3,23.3,3.3
E00103744,0,15,45.7,39.4
E00103745,2.9,18.8,44.1,34.1
E00103746,25.9,15.7,38.9,19.4
E00103747,8,22,46.7,23.3
E00103748,3.6,10.7,40.5,45.2
E00103780,3.6,20.3,49.3,26.8
E00103877,3.7,12.1,44.9,39.3
E00103878,0,21.4,36.9,41.7
E00103896,35.5,24.1,30.5,9.9
E00103897,13.4,35.8,30.6,20.1
E00103898,2.4,37.3,50.8,9.5
E00103899,5.9,19.7,55.9,18.4
E00103900,15.2,18.5,41.1,25.2
E00103901,18.1,59.8,20.5,1.6
E00103902,2.4,24.6,55.6,17.5
E00103903,1.3,19.7,38.2,40.8
E00103904,8.6,45.7,25.3,20.4
E00103905,0.7,16.5,47.5,35.3
E00103906,4.6,15.6,56.9,22.9
E00103907,0.8,24.4,43.5,31.3
E00103908,3.8,23.5,54.6,18
E00103909,2.1,15.4,43.4,39.2
E00103910,2.7,21.1,38.8,37.4
E00103911,0.7,12.3,53.6,33.3
E00103912,4.1,22.6,45.2,28.1
E00103913,2.2,33.6,48.9,15.3
E00103914,4,27,50,19
E00103915,1.4,19.6,51.4,27.7
E00103916,0.8,11.5,43.8,43.8
E00103917,17.1,32.6,42.6,7.8
E00103919,1.8,21.1,38,39.2
E00103920,5.1,35.8,43.8,15.3
E00103921,16.5,45.7,29.1,8.7
E00103922,2.6,33.3,48.7,15.4
E00103923,0.7,33.6,44.8,20.9
E00103924,0.8,30.4,40,28.8
E00103925,12.8,39.2,42.4,5.6
E00103927,4,39.4,45.5,11.1
E00103928,4.2,18.5,71.4,5.9
E00103929,3.3,27.9,58.2,10.7
E00103930,6.5,14.5,64.5,14.5
E00103931,45.3,38.3,15.6,0.8
E00103932,2.3,19.5,51.1,27.1
E00103933,33.6,29.7,25,11.7
E00103934,3.4,21.2,46.6,28.8
E00103936,42.2,28.9,25.8,3.1
E00103968,0.7,22.4,51.5,25.4
E00103969,13.5,31,41.3,14.3
E00103971,2.6,31.6,39.5,26.3
E00103980,6.3,20.3,44.3,29.1
E00103981,2.6,18.1,34.5,44.8
E00103982,1.8,13.3,39.8,45.2
E00103983,1,21.9,40.6,36.5
E00103984,1.7,24.2,42.5,31.7
E00103985,5,21.7,34.2,39.2
E00103986,0.9,18.6,35.4,45.1
E00103988,2.9,21.4,43.6,32.1
E00103989,4.1,36.1,37.7,22.1
E00103990,3.5,37.3,41.5,17.6
E00103991,1.5,21.9,45.3,31.4
E00103998,1.4,23.3,45.2,30.1
E00103999,5.9,21.2,29.4,43.5
E00104039,5.9,14.7,48,31.4
E00104097,3.2,20.2,43.5,33.1
E00104098,3.3,26.7,35.8,34.2
E00104099,4.8,25.6,34.4,35.2
E00104100,8.2,34.7,41.8,15.3
E00104101,5.5,13.7,45.2,35.6
E00104103,4,19,40,37
E00104105,2.4,12.6,40.2,44.9
E00104106,5.7,19.8,34.9,39.6
E00104107,1.6,25.8,46.9,25.8
E00104108,8.8,21.9,42.1,27.2
E00104109,3.6,8.9,36.6,50.9
E00104111,2,25.3,43.4,29.3
E00104115,1.7,17.4,49.6,31.4
E00104116,4.2,20.8,39.2,35.8
E00104117,2.8,21.5,41.2,34.5
E00104131,5.1,21.5,27.8,45.6
E00104132,4.2,26.4,43.1,26.4
E00104133,1.9,16.7,31.5,50
E00104134,1.8,34.3,38.6,25.3
E00104135,11.2,35.5,41.4,11.8
E00104136,4.3,30.3,44.7,20.7
E00104137,4.2,15.3,27.8,52.8
E00104138,2,24.3,37.2,36.5
E00104144,1.1,28.7,43.6,26.5
E00104145,11.5,33.1,38.1,17.3
E00104146,22,9.8,64.6,3.7
E00104147,2.7,20.4,37.4,39.5
E00104148,4.8,17.1,43.8,34.2
E00104149,0.7,18,38.8,42.4
E00104150,0,33.3,49.6,17
E00104165,4.5,22.7,34.8,37.9
E00104166,2.9,14,43.4,39.7
E00104167,3.9,21.6,30.1,44.4
E00104168,0,7,56.1,36.8
E00104169,6,24.6,43.2,26.2
E00104170,10.5,24.5,32.2,32.9
E00104171,0.6,13.8,37.1,48.4
E00104172,0,22.7,43.8,33.6
E00104173,3.8,10.4,43.4,42.5
E00104174,1.4,27.1,42.7,28.9
E00104175,3.2,22.4,38.4,36
E00104176,2.9,28.1,43.9,25.1
E00104177,12.1,37.6,42.6,7.8
E00104178,3.1,21.2,48.7,27
E00104179,5.7,24.6,46.9,22.9
E00104180,1.3,18.2,41.6,39
E00104181,4.6,18.6,42.8,34
E00104182,4.3,15.2,43.5,37
E00104183,3.7,4.9,49.4,42
E00104184,3.5,8.8,40.4,47.4
E00104185,1.1,21.1,44.4,33.3
E00104186,2.4,10.8,36.1,50.6
E00104187,11.7,13.8,42.8,31.7
E00104188,6.8,36.9,45.1,11.2
E00104189,8.8,28.2,57.1,5.9
E00104190,3.1,30.8,43.1,23.1
E00104191,11.5,48.9,28.8,10.8
E00104194,18.2,20.8,54.5,6.5
E00104195,3.5,19.9,68.8,7.8
E00104196,0.7,21.9,49.3,28.1
E00104197,2.1,11.3,43,43.7
E00104198,6.3,44.8,32.2,16.8
E00104199,16.5,42.5,24.4,16.5
E00104200,19.9,45,15.2,19.9
E00104201,27.1,26,24.9,22
E00104202,3.8,25.4,43.5,27.3
E00104203,0.6,5.1,12.2,82.1
E00104204,34.8,22.7,26.2,16.3
E00104205,15.2,37.9,33.8,13.1
E00104206,41.6,21.2,21.2,15.9
E00104207,4.8,33.9,49.2,12.1
E00104208,14.8,27.8,33.1,24.3
E00104209,4,29.6,57.6,8.8
E00104210,18,15,60.2,6.8
E00104211,1.5,50.8,30.8,16.9
E00104212,3,39.1,56.3,1.5
E00104213,1.7,31.8,47.3,19.2
E00104216,18,28.7,36.9,16.4
E00104217,2.6,16.2,33.1,48.1
E00104218,35.6,24.6,27.1,12.7
E00104227,3,11.5,32.1,53.3
E00104228,0,37.3,25.4,37.3
E00104229,0.8,16.5,55.1,27.6
E00104230,22,33.3,34.8,9.9
E00104231,0.6,23.4,43.7,32.3
E00104232,0.8,14.5,61.1,23.7
E00147787,3.6,11.4,40,45
E00147788,5.7,10.2,31.2,52.9
E00147789,5.8,29.9,46.8,17.5
E00147790,0,23.4,40.4,36.2
E00147791,11.4,9.1,28,51.5
E00147792,6.2,13.6,51.9,28.4
E00147793,4.2,10.9,41.2,43.7
E00147794,3.7,13.4,23.1,59.7
E00147795,4.3,15.9,31.9,47.8
E00147828,0.7,41.7,38.9,18.8
E00147829,1.4,23,37.8,37.8
E00147830,2.3,17.1,35.7,45
E00147832,4,32,48,16
E00147833,12.9,52.9,22.1,12.1
E00147834,17.6,17.6,45.9,18.9
E00147835,37.4,17.4,40.9,4.3
E00147918,4.6,43.1,45.4,6.9
E00147919,5.5,19.6,55.8,19
E00147920,29.6,31.9,31.9,6.7
E00147921,12.8,33,33.5,20.7
E00147922,48.2,23.2,14,14.6
E00147923,33.5,37.7,26.2,2.6
E00147924,41.7,43.7,11.6,3
E00147925,0,5.8,30.9,63.3
E00147926,32.7,25.7,21.2,20.4
E00147927,4,19.8,40.5,35.7
E00147928,6.1,20.6,26.7,46.6
E00147929,9.9,58.7,28.9,2.5
E00147930,4.7,14,44.2,37.2
E00147931,2.7,53.6,38.4,5.4
E00147932,8,16.8,67.2,8
E00147933,14.9,22.3,29.8,33.1
E00147934,21.4,33.3,30.2,15.1
E00147936,7.4,29.8,50.4,12.4
E00147937,0,34.5,49.6,16
E00147938,16.4,25.4,36.9,21.3
E00147939,15.3,30,43.3,11.3
E00147940,7.4,5,64.5,23.1
E00147941,9.9,19.1,55,16
E00147942,3.4,37.9,31.9,26.7
E00147943,0.8,3.3,48.3,47.5
E00147944,4.1,12.4,47.4,36.1
E00147945,6.1,40.4,38.6,14.9
E00147946,11.7,20.7,34.2,33.3
E00147947,7.2,15.2,50.7,26.8
E00147964,4.8,20.5,28.9,45.8
E00147965,13.6,11.7,57.3,17.5
E00147966,2.3,15.9,37.1,44.7
E00147967,4.7,15.7,27.2,52.4
E00147968,4.9,9.8,43.1,42.3
E00147969,5.3,16,57.3,21.4
E00147970,0,10.3,41.9,47.9
E00147971,5.6,23.6,51.7,19.1
E00147972,1.9,22.2,33.3,42.6
E00147988,4.1,14,27.5,54.4
E00147992,1.7,18.3,31.7,48.3
E00147993,5.4,12.9,49,32.7
E00147994,4.5,11.5,44.6,39.5
E00147997,1.5,12.6,38.5,47.4
E00147998,5.6,18.6,46.6,29.2
E00147999,6.3,17.7,29.1,46.8
E00148000,2.3,12.1,37.1,48.5
E00148001,4.1,21.6,39.2,35.1
E00148053,9.5,24.3,42.6,23.6
E00148054,18.5,45.1,26,10.4
E00148055,10.1,41,33.1,15.8
E00148056,41.4,52.3,4.7,1.6
E00148057,24.5,30.9,28.1,16.5
E00148058,0.9,32.1,57.1,9.8
E00148059,0.9,53.6,41.8,3.6
E00148060,67.9,19.2,8.3,4.5
E00148061,55.1,27.1,15,2.8
E00148062,0,50.9,46.3,2.8
E00148063,19.1,24.7,39.7,16.5
E00148065,3,36.6,54.5,6
E00148066,13.4,58.2,22.4,6
E00148067,9,29.5,36,25.5
E00148069,10,15.4,47.7,26.9
E00148071,5.8,16.7,50,27.5
E00148072,11.5,32.4,37.8,18.2
E00148073,0.7,10.3,54.8,34.2
E00148074,4.4,26.8,43.2,25.7
E00148075,37,17.3,34.6,11
E00148076,33.1,24.6,36.4,5.9
E00148077,1.5,15.4,39,44.1
E00148078,5.2,31.1,39.3,24.4
E00148079,5.3,8.8,70.8,15
E00148080,23.3,20.2,38.8,17.8
E00148081,22.6,14.8,49.6,13
E00148082,9.2,8.3,66.7,15.8
E00148083,4.6,14.5,27.2,53.8
E00148084,1,19.2,68.3,11.5
E00148085,1.4,9,78.6,11
E00148086,0.8,7.6,68.1,23.5
E00148087,1.4,14.8,58.5,25.4
E00148088,4.9,19.5,59.3,16.3
E00148089,2.1,8.6,50,39.3
E00148090,9.2,12.9,41.1,36.8
E00148091,2.1,15,41.4,41.4
E00148092,5,6.3,41.3,47.5
E00148093,3.3,10.4,38.4,47.9
E00148094,4.4,9.6,31.6,54.4
E00148369,0.8,20.2,54.8,24.2
E00148371,2.8,11.1,52.1,34
E00148372,15.1,19,41.3,24.6
E00148503,2.6,42.9,32.5,22.1
E00148504,7.1,29.3,55,8.6
E00148505,1.4,15.9,60,22.8
E00148506,0.6,17.5,71.9,10
E00148507,15.5,34.5,34.5,15.5
E00148508,2.9,18.7,45.3,33.1
E00148509,0.8,15.3,32.8,51.1
E00148510,0,10.4,50.7,38.8
E00148511,1.1,8.8,37.4,52.7
E00148512,12.7,25.4,35.4,26.5
E00148513,3.1,16.2,40,40.8
E00148514,10.8,33.5,49.2,6.5
E00148515,5.7,16.5,40.5,37.3
E00148516,3,12.5,48.8,35.7
E00148517,0.9,22.6,33.9,42.6
E00148518,1.6,16.3,39.5,42.6
E00148519,1.5,18.8,33.8,45.9
E00148520,0,26.4,26.4,47.2
E00148521,3.4,12.4,37.1,47.2
E00148522,1.7,14.8,45.5,38.1
E00148523,2.8,15,50.5,31.8
E00148524,0,23.9,41.3,34.8
E00148525,3,29.6,44.4,23
E00148526,11.3,38,31,19.7
E00148527,3.2,10.6,40.4,45.7
E00148528,39.2,34.4,12.8,13.6
E00148529,14.4,34.1,34.8,16.7
E00148530,0,9.3,52.8,38
E00148531,25.9,17,49.1,8
E00148533,41.7,36.7,19.4,2.2
E00148534,2.8,27.5,50.7,19
E00148535,0,33,50.4,16.5
E00148537,12.1,30.1,40.5,17.3
E00148538,13,37.4,32.5,17.1
E00148539,3.1,20.8,33.8,42.3
E00148540,21,47.9,25.2,5.9
E00148542,5.8,28.1,44.6,21.5
E00148543,5.9,72.6,17,4.4
E00148544,35.6,33.1,16.1,15.3
E00148545,32.2,24,31.4,12.4
E00148546,36.2,44.7,16,3.2
E00148548,0,9.9,33.1,57
E00148551,3.1,22.6,37.1,37.1
E00148553,7.5,21.1,41.4,30.1
E00148558,1.6,10.1,24,64.3
E00148559,5.2,22.1,58.4,14.3
E00148560,2.1,21.5,42.4,34
E00148561,2.1,18.1,47.9,31.9
E00148562,15.2,16.7,31.1,37.1
E00148563,2.7,14.5,33.6,49.1
E00148564,0,5.3,51.3,43.4
E00148565,4.6,18.3,44.3,32.9
E00148566,2.6,26.3,36.8,34.2
E00148567,1,42.7,24.3,32
E00148568,2.9,48.6,28.6,20
E00148569,6,18.6,48.8,26.5
E00148570,5,45.4,40.3,9.2
E00148571,2.5,20.8,36.7,40
E00148572,2.7,19.1,30,48.2
E00148573,9.5,18.2,38.7,33.6
E00148574,5.9,40.7,39.8,13.6
E00148575,3.6,32.4,45.3,18.7
E00148576,32,40.2,18.9,9
E00148577,5.3,24.2,41.7,28.8
E00148578,1.7,12.1,48.3,37.9
E00148579,0.7,43.3,53,3
E00148580,43,20.3,27.3,9.4
E00148581,6.6,31.9,39.8,21.7
E00148582,1.2,14.1,38.8,45.9
E00148583,2.1,12.6,27.4,57.9
E00148584,0.7,9.9,36.2,53.2
E00148585,3.8,25.6,36.5,34
E00148586,1.4,14.5,39.1,44.9
E00148587,0,9.9,47.9,42.3
E00148588,5,14.2,41.8,39
E00148589,0,17.3,44.2,38.5
E00148631,3.5,42.1,45.6,8.8
E00148632,1.9,17,39.6,41.5
E00148633,10.2,21.8,57.1,10.9
E00148634,4.4,46.5,40.4,8.8
E00148635,6.3,26,51.2,16.5
E00148636,2.4,8.4,50.6,38.6
E00148637,6.6,9.4,25.5,58.5
E00148638,3.8,20.4,34.9,40.9
E00148639,0.9,10.5,43.9,44.7
E00148640,3.1,30.2,54.2,12.5
E00148641,1.5,14.6,45.4,38.5
E00148642,1.5,13.8,35.4,49.2
E00148643,1.6,18.4,29.6,50.4
E00148644,0,24.8,47.8,27.4
E00148645,2.5,39.8,44.1,13.6
E00148646,3.8,22.1,39.4,34.6
E00148647,8.7,47.7,36.9,6.7
E00148648,7.1,30.7,35.7,26.4
E00148649,4.3,17.2,45.4,33.1
E00148650,3.1,30.5,34.4,32.1
E00148651,9.1,33.7,35.6,21.6
E00148652,5.8,23.7,45.3,25.2
E00148653,0.5,23.9,49.1,26.6
E00148654,14.8,45.1,30.3,9.9
E00148655,5.5,42.1,30.3,22.1
E00148656,24.6,39,29.7,6.8
E00148657,2.4,28,39.2,30.4
E00148658,12.9,47.1,29.3,10.7
E00148659,4.4,33.3,53.5,8.8
E00148660,58.8,17.5,18.4,5.3
E00148661,14,38.8,33.3,14
E00148662,7,41.9,45,6.2
E00148663,4.8,24.6,54.8,15.9
E00148664,0.8,15,55.9,28.3
E00148665,4.7,29.9,43.3,22
E00148666,1.7,18.3,70.4,9.6
E00148667,3,20,59.3,17.8
E00148668,1.7,49.6,47.1,1.7
E00148669,10.8,55,26.7,7.5
E00148670,1.3,32,41.1,25.5
E00148671,1.7,26.3,57.6,14.4
E00148672,24.1,38,22.3,15.7
E00148673,15.2,42.4,24.7,17.7
E00148674,20.4,53.7,12.9,12.9
E00148675,1.8,31.7,38,28.5
E00148676,16.9,29.8,28.2,25
E00148677,1.7,35.3,34.5,28.6
E00148691,0,19.7,57.3,23.1
E00148692,0.8,32.8,53.3,13.1
E00148693,11.3,24.8,42.1,21.8
E00148694,3.5,22.5,37.3,36.6
E00148695,4,20.7,43.3,32
E00148696,2.4,23.6,39.8,34.1
E00148697,27.3,27.3,31.4,14
E00148698,1.2,24.3,48.5,26
E00148699,3.2,18.7,34.2,43.9
E00148700,5.9,25.5,41.2,27.5
E00148701,3.6,31.5,48.6,16.2
E00148702,12.4,35.7,37.2,14.7
E00148703,7.4,20.5,55.7,16.4
E00148704,1.7,25.9,55.2,17.2
E00148705,23.9,14.9,44.8,16.4
E00148706,1.8,32.5,41.2,24.6
E00148739,0,24.6,60.7,14.8
E00148740,0,1.8,67.3,31
E00148741,2.6,5.2,76.6,15.6
E00148742,9.4,41,44.4,5.1
E00148743,2.8,38.7,43.7,14.8
E00148744,11.1,35.9,45.3,7.7
E00148745,7.4,36.8,34.6,21.3
E00148746,4.3,11.6,39.9,44.2
E00148747,0.8,11.8,45.4,42
E00148748,9.6,37.2,50,3.2
E00148755,3.4,15.6,42.2,38.8
E00148760,2.2,11.6,40.6,45.7
E00148761,2.5,24,40.5,33.1
E00148762,6.8,22.4,30.6,40.1
E00148763,19.7,25.5,31.4,23.4
E00148764,2.9,44.2,47.1,5.8
E00148765,5.6,33.1,49.4,11.9
E00148766,5.5,53.8,24.1,16.6
E00148767,1.8,20.9,29.1,48.2
E00148768,4.1,30.2,48.3,17.4
E00148769,14.9,25.4,41.8,17.9
E00148770,0.7,34.9,37.7,26.7
E00148771,5.2,34,37.9,22.9
E00148772,6.3,33.9,45.4,14.4
E00148773,2.4,10.4,42.4,44.8
E00148774,4.8,21.1,28.6,45.6
E00148775,0.7,30.3,52,17.1
E00148776,2.1,27.5,38.7,31.7
E00148777,27.2,47.8,19.9,5.1
E00148778,7.2,13.7,70.5,8.6
E00148779,1.9,21.7,52.8,23.6
E00148780,7.5,41.4,38.5,12.6
E00148781,8.6,35.7,37.8,17.8
E00148782,2.8,22.2,45.5,29.5
E00148783,2,19.6,38.5,39.9
E00148784,4,25.6,58.4,12
E00148785,4.3,20,44.3,31.4
E00148786,15.7,17.1,48.6,18.6
E00148796,3.8,26.3,40.6,29.3
E00148797,1.6,7.1,25.4,65.9
E00148798,3.1,10.1,46.5,40.3
E00148799,0.7,36.8,32.6,29.9
E00148800,2,41.7,24.5,31.8
E00148801,7.7,13.8,28.5,50
E00148802,1.9,10.8,36.1,51.3
E00148803,1.7,16.9,33.9,47.5
E00148804,1.2,15.4,37,46.3
E00148805,2.6,24.2,45.1,28.1
E00148806,1.8,17.7,46.9,33.6
E00148807,4,25,47.6,23.4
E00148808,7,30.8,40.7,21.5
E00148809,2,18.3,45.1,34.6
E00148810,0.9,20,42.6,36.5
E00148811,1.6,21.9,51.6,25
E00148812,0,16.3,50.4,33.3
E00148813,1.8,24.8,49.6,23.9
E00148814,0,15,37.4,47.7
E00148815,1.9,25.9,53.7,18.5
E00148816,1.9,31.1,45.3,21.7
E00148817,5.1,33.1,40.7,21.2
E00148818,2.3,16.3,39.5,41.9
E00148819,2.1,20.1,31.3,46.5
E00148820,0.7,45.2,49.6,4.4
E00148827,1.4,13.6,50.3,34.7
E00148828,1.4,31.2,44.2,23.2
E00148829,0,28.1,57.5,14.4
E00148830,10.4,21.6,53.2,14.9
E00148832,0,19.2,45.6,35.2
E00148833,16,24,38.4,21.6
E00148834,10.4,32.8,35.1,21.6
E00148837,6.4,21.3,36.9,35.5
E00148846,5.8,25,34.6,34.6
E00148847,2.7,10.6,46.3,40.4
E00148848,1.2,12.9,36.8,49.1
E00148849,1.1,13.8,33.3,51.7
E00148850,2.9,9.4,47.5,40.3
E00148851,0.9,8.4,35.5,55.1
E00148852,1.8,14,42.1,42.1
E00148853,2.3,16.3,33.7,47.7
E00148854,8.3,22.6,28.6,40.5
E00148855,0,18.2,37.9,43.9
E00148858,3.1,7.7,40.2,49
E00148860,2,15.6,34.7,47.6
E00148861,0.8,13.6,35.6,50
E00148862,2.8,21.3,49.1,26.9
E00148863,3.8,10.1,30.4,55.7
E00148864,2.5,9.5,37.3,50.6
E00148865,7.4,16.9,38.5,37.2
E00148867,11.9,62.7,18.3,7.1
E00148868,2.3,27.8,52.6,17.3
E00148869,10.3,37.8,28.8,23.1
E00148870,0,17,60.7,22.2
E00148871,16,34,34,16
E00148872,3.5,28,44.8,23.8
E00148873,19.1,30.2,29.6,21
E00148874,0.8,14.2,55,30
E00148875,3.7,15.4,66.7,14.2
E00148877,1.6,24.8,58.9,14.7
E00148878,16.5,21.3,48,14.2
E00148879,4.7,33.6,55.5,6.3
E00148880,0,10,51.5,38.5
E00148881,1.6,23.6,48.8,26
E00148882,8.9,27.2,39.9,24.1
E00148883,0.8,30.4,44.8,24
E00148885,31.7,20.6,38.9,8.7
E00148886,14.1,45.4,32.2,8.3
E00148887,2.6,30.1,49,18.3
E00148888,0,40.9,40.9,18.1
E00148889,3.8,26.2,36.2,33.8
E00148890,4.2,23.2,47.9,24.6
E00148891,0.8,8.3,66.7,24.2
E00148893,21.5,41.5,26.7,10.3
E00148894,27,26.5,30.9,15.7
E00148895,24.1,33.8,32.4,9.7
E00148896,12,31.6,37.3,19
E00148897,1.9,44.3,44.3,9.5
E00148907,2.5,23.1,61.2,13.2
E00148908,2.5,28.1,57.9,11.6
E00148909,53.6,24.5,14.5,7.3
E00148910,0.8,43.7,48.7,6.7
E00148911,4.4,11.8,72.8,11
E00148912,6.1,12.2,50.7,31.1
E00148913,4.6,32.1,57.3,6.1
E00148914,15.9,18.6,54.5,11
E00148915,13.5,41.5,38.6,6.4
E00148916,11.8,12.7,70.9,4.5
E00148917,7.8,29.7,59.4,3.1
E00148918,8.5,25.5,55.3,10.6
E00148919,23.4,23.4,39,14.2
E00148920,7.6,48.6,34.7,9
E00148921,2.5,9.3,71.2,16.9
E00148922,7.5,33.3,44.2,15
E00148923,28.8,55.5,12.3,3.4
E00148924,16.1,16.1,25.4,42.4
E00148925,41.9,23.5,21.3,13.2
E00148926,15.5,23.2,48.6,12.7
E00148927,63,31.1,4.4,1.5
E00148930,40.2,32.4,16.4,11.1
E00148931,41.1,25.4,15.7,17.8
E00148932,56.3,21.9,15.9,6
E00148933,0,34,61,5
E00148934,7.2,35.3,52.3,5.2
E00148935,11.2,12.1,69,7.8
E00148936,25.4,19.6,50,5.1
E00148937,46.5,5.5,43.3,4.7
E00148938,14.1,36.3,45.9,3.7
E00148939,0,23.8,66.7,9.5
E00148940,17.4,6.6,71.9,4.1
E00148941,4.2,2.5,89,4.2
E00148942,1.5,26.5,61.8,10.3
E00148943,13.3,17.8,57,11.9
E00148944,16,29.2,47.2,7.5
E00148945,3,13.6,77.3,6.1
E00148946,10.4,36,40,13.6
E00148947,11.1,48.1,32.4,8.3
E00148948,5.9,19.1,46.1,28.9
E00148949,45.9,23.7,17,13.3
E00148950,12.6,58.1,24,5.4
E00148952,14.6,37.7,25.2,22.5
E00148953,32.8,18.4,41.6,7.2
E00148954,17.8,33.6,43.8,4.8
E00148955,16.7,13.2,67.5,2.6
E00148956,7.1,42.1,44.7,6.1
E00148957,2.9,46,45.3,5.8
E00148958,2,24.3,46.6,27
E00148959,9.6,29.8,57,3.5
E00148960,0.8,6.3,14.1,78.9
E00148961,1.8,9.2,41.3,47.7
E00148962,15.4,25.2,48.8,10.6
E00148963,14.5,39.4,42,4.1
E00148964,5.7,16.5,42.9,34.9
E00148965,3.3,23.8,53.3,19.7
E00148967,21,25.5,44.6,8.9
E00148968,9.1,18.3,61.7,10.9
E00148969,6.1,21.8,58.5,13.6
E00148970,7.1,35.4,41.6,15.9
E00148973,2.1,25.5,56.7,15.6
E00148974,1.5,32.3,52.6,13.5
E00148975,1.7,31.7,51.7,15
E00148976,5.3,27.1,45.9,21.8
E00148977,5.3,27.3,56.1,11.4
E00148978,29,10.9,22.5,37.7
E00148979,0.8,12.2,68.3,18.7
E00148980,3.4,28.6,32.7,35.4
E00148981,6.1,18.4,41.2,34.2
E00148982,4.2,43.3,46.7,5.8
E00148983,2.4,8.1,68.5,21
E00148984,10.3,57.4,25,7.4
E00148985,24.6,21,29.7,24.6
E00148986,5.9,30.4,39.3,24.4
E00148987,10.2,23.6,56.7,9.4
E00148988,24.8,37.2,28.1,9.9
E00148989,28,55.9,13.6,2.5
E00148990,10.2,38.6,47.2,3.9
E00148991,23,10.1,25.7,41.2
E00148992,7.4,20.7,56.3,15.6
E00148993,5.9,11.1,31.9,51.1
E00148994,22.2,16.2,39.3,22.2
E00148995,0,5.4,69.8,24.8
E00148996,0.7,9.6,63,26.7
E00148997,0,30.3,61.5,8.2
E00148998,2.5,12.6,81.5,3.4
E00148999,9,11.5,76.2,3.3
E00149000,22.6,12.4,55.5,9.5
E00149001,14.1,24.6,54.2,7
E00149002,3.3,63.4,30.9,2.4
E00149003,4.5,4.5,80.4,10.7
E00149004,8.2,9,79.9,3
E00149005,0.8,1.7,94.1,3.4
E00149006,1.6,52.3,42.2,3.9
E00149007,14.3,29.4,54,2.4
E00149008,0,3.5,80.9,15.7
E00149009,2.9,12.7,35.3,49
E00149010,4.8,45.7,43.8,5.7
E00149011,1.8,56.4,35.5,6.4
E00149012,0,25.2,63,11.8
E00149013,0.8,4.8,65.9,28.6
E00149014,0.7,5.1,53.6,40.6
E00149015,1.5,37.1,53,8.3
E00149016,0.8,25,67.7,6.5
E00149017,0.8,33.6,46.1,19.5
E00149018,3.1,16,61.8,19.1
E00149019,11.5,9.8,75.4,3.3
E00149020,2.4,6.5,82.3,8.9
E00149021,5.7,25.7,57.1,11.4
E00149023,1.7,27.3,47.1,24
E00149024,11.2,49.6,23.2,16
E00149025,0.7,13,71,15.2
E00149027,0.8,12.7,61,25.4
E00149028,2.5,14.2,46.7,36.7
E00149029,13.3,44.5,34.7,7.5
E00149030,10.3,49.6,36.8,3.4
E00149031,3.3,14.6,71.5,10.6
E00149032,8.1,43,43,5.9
E00149033,0.9,1.8,86.8,10.5
E00163151,0.9,11.2,39.7,48.3
E00163152,1.4,2.8,45.8,50
E00163153,2.6,17.5,37.7,42.1
E00163154,5.5,7.3,33,54.1
E00163155,1.8,22.5,39.6,36
E00163156,15.9,27.8,42.9,13.5
E00163255,1.9,26.3,40.4,31.4
E00163256,2.5,14,47.8,35.7
E00163258,1.5,26.5,41.9,30.1
E00163260,6.6,19,44.6,29.8
E00163261,2.4,9.4,37,51.2
E00163262,0,16.9,44.6,38.5
E00163379,1.9,9.6,40.4,48.1
E00163397,3.3,19,38,39.7
E00163398,3.2,26,42.9,27.9
E00163399,1.7,23.3,49.4,25.6
E00163400,12.8,41.2,38.5,7.4
E00163401,6.2,15.5,48.8,29.5
E00163402,1.5,17.4,39.4,41.7
E00163403,0.9,10.7,33,55.4
E00163404,2.2,26.4,47.3,24.2
E00163405,2.1,24.2,56.7,17
E00163406,15.6,26.2,51.6,6.6
E00163407,21.6,38.8,37.9,1.7
E00163408,8.5,37.3,30.7,23.5
E00163409,4.5,21.3,44.9,29.2
E00163410,13.5,24.3,39.2,23
E00163411,3.1,23.5,44.4,29
E00163627,6.8,25.9,47.6,19.7
E00163628,0.7,13.8,40,45.5
E00163629,0,14.7,44.8,40.5
E00163630,7.1,22.8,46.5,23.6
E00163633,7,18,32,43
E00163634,0.9,21.5,33.6,43.9
E00165866,2.5,2.5,20,75
E00165867,10.8,34.3,31.4,23.5
E00165869,24.2,38.8,23.6,13.3
E00165870,0,14.8,20.5,64.8
E00165997,0,22.6,41.9,35.5
E00165998,0.8,29.4,54,15.9
E00165999,0,10.4,60.4,29.2
E00166000,15.8,26.3,39.5,18.4
E00166001,11.4,11.4,35.7,41.4
E00166002,0,48.4,42.6,9
E00166003,1.5,25.4,59.2,13.8
E00166004,7.5,30.8,25,36.7
E00166005,1.4,7,45.1,46.5
E00166006,2.4,15,40.2,42.5
E00166007,6.8,11.4,12.9,68.9
E00166008,2.5,2.5,21.5,73.6
E00166009,5.3,39.8,39.8,15
E00166010,6.8,27.3,45.5,20.5
E00166017,1.2,3.7,24.4,70.7
E00166018,26.1,28.6,21,24.4
E00166080,20.3,47.3,17.6,14.9
E00166081,8.6,39.7,36.2,15.5
E00166082,11.1,17,47.4,24.4
E00166083,0.7,18.2,56.2,24.8
E00166087,18.3,46.5,19.7,15.5
E00166088,2,3,39,56
E00166090,0,2.1,31.3,66.7
E00166091,1.1,9.8,63,26.1
E00166092,10.8,42.2,37.3,9.8
E00166093,17.2,63.4,15.2,4.1
E00166100,0.7,10.2,49.6,39.4
E00166101,14.7,56,25.5,3.8
E00171736,6.4,40.8,44.8,8
E00171738,10,20,34.2,35.8
E00171739,4.9,26,33.3,35.8
E00171741,6.6,57.4,18.4,17.6
E00171743,2,28.7,32.7,36.6
E00171744,0.9,17,56.3,25.9
E00171746,1.8,31.8,51.8,14.5
E00171747,9,29.7,33.3,27.9
E00171749,7.3,22.7,53.6,16.4
E00171750,2.6,14.8,29.6,53
E00171752,1.8,18,34.2,45.9
E00171753,1.8,14.7,45,38.5
E00171755,5.1,26.5,36.7,31.6
E00171757,2.5,14.9,47.1,35.5
E00171758,32.6,26.1,31.5,9.8
E00171760,10.3,37.4,30.8,21.5
E00171761,27,27.9,33.6,11.5
E00171763,8.8,51.6,35.2,4.4
E00171764,0,31.4,51.2,17.4
E00171766,9.6,44.8,32,13.6
E00171767,1.6,21,61.3,16.1
E00171769,2.7,29.7,51.4,16.2
E00183034,9.3,26,42,22.7
E00183036,2.2,18,33.7,46.1
E00183038,2.5,43.4,41.3,12.8
E00183046,1.8,16.4,47.3,34.5
E00183047,8.7,20.3,55.1,15.9
E00183048,0,2.5,38,59.5
E00183052,1.1,15.7,46.1,37.1
E00183057,0,17.4,52.2,30.4
E00183058,12.3,21.7,33,33
E00183060,4.8,35.3,45.5,14.4
E00183069,1,24,58.9,16.1
E00183075,1.1,10.5,7.4,81.1
E00183078,2.8,34.8,48.6,13.8
E00183080,4,17.8,38.6,39.6
E00183082,1.4,56,36.2,6.4
E00183083,0,11.9,50,38.1
E00183090,2.8,23.4,53.2,20.6
E00184153,1.7,20.9,40.1,37.3
E00186526,49,43.4,6.3,1.4
E00186530,9.7,59.7,25.8,4.8
E00186532,1.7,25,16.7,56.7
E00186533,0,15.6,59.4,25
E00186537,3.1,41.1,34.4,21.5
E00186552,1.8,17.3,45,35.9
E00186553,57.3,26.8,12.2,3.7
E00186554,41.4,51.3,5.9,1.3
E00186559,5.7,15.7,54.3,24.3
E00186560,3.6,28.4,35.5,32.5
E00186564,6.5,45.8,24.5,23.2
E00186568,4.1,17,38,40.9
E00186570,2.8,22,50.5,24.8
E00186571,16.4,42.9,30.7,10
E00186574,8.7,8.7,28.3,54.3
E00186576,2.4,33.3,40.6,23.6
E00186577,5.4,31.8,55.4,7.4
E00186581,8.3,34.3,35.2,22.2
E00186584,14.1,27.5,23.9,34.5
E00186585,0,0.9,25.6,73.5
E00186587,36.4,18.2,29.1,16.4
E00186591,6.9,32.4,31.4,29.4
E00186592,2.8,30.5,43.5,23.2
E00186596,8.1,41.9,37.1,12.9
E00186606,2.7,20.9,33.6,42.7
E00186609,2.2,21.2,32.8,43.8
E00186611,43.6,42.7,10,3.6
E00186615,4.3,16.5,46.1,33
E00186619,7,11.3,30.4,51.3
E00186625,5.1,22,49.2,23.7
E00186630,74.6,20.2,5.2,0
E00186632,5.8,9.2,43.3,41.7
E00186633,0,26.2,44.5,29.3
E00186638,0.7,14.7,32.4,52.2
E00186640,18.9,28,32.6,20.5
E00186643,0,42.2,43.9,13.9
E00186650,3.9,35.3,45.1,15.7
E00186652,2.7,14.9,39.9,42.6
E00186656,2.7,35.6,54.5,7.2