geography_code,economic_activity_status_4a-001,economic_activity_status_4a-002,economic_activity_status_4a-003
E00011984,47.4,4.4,48.2
E00011989,61.2,4.7,34.1
E00011990,59.9,3.9,36.2
E00011992,65.1,4.5,30.4
E00012000,54.3,3.8,41.9
E00012011,59.5,4.8,35.7
E00012012,61.2,6.1,32.7
E00012013,60.6,3.2,36.2
E00012015,60.9,0.4,38.7
E00012016,54.7,6.4,38.8
E00012017,63.8,1.9,34.4
E00012018,58.4,6.2,35.4
E00012019,54.5,4,41.5
E00012020,60.8,4.7,34.5
E00012021,62.4,6.6,31
E00012023,62.9,2.6,34.5
E00012024,51.1,6.1,42.8
E00012025,50,8.2,41.8
E00012026,56.1,5.2,38.7
E00012027,56.5,3.4,40.1
E00012028,54.2,7,38.7
E00012029,57.3,4.8,37.9
E00012030,60.5,4.7,34.9
E00012031,53.8,8.9,37.3
E00012032,52.7,8.7,38.5
E00012033,53.8,6.5,39.8
E00012034,58.2,4.6,37.2
E00012035,54.2,3.6,42.2
E00012036,51.8,9.4,38.8
E00012037,62.9,5.2,31.8
E00012038,54.8,8,37.2
E00012039,54.7,7.5,37.7
E00012040,57.2,2.3,40.5
E00012041,50.2,5.1,44.7
E00012042,49,6.9,44.1
E00012043,59.6,3,37.4
E00012090,64.4,2.7,33
E00012209,56.5,3.4,40.1
E00012212,51.3,9.2,39.6
E00012213,57.3,3.2,39.5
E00012214,60.7,7.1,32.2
E00012215,68.3,2.4,29.4
E00012216,63.2,4.1,32.7
E00012217,69.1,4.7,26.2
E00012218,63.6,3.7,32.7
E00012219,54.5,7,38.5
E00012220,63.5,6.3,30.2
E00012221,64.9,3.4,31.7
E00012222,60.1,3.1,36.8
E00012223,63.1,3.7,33.2
E00012224,54.1,2.7,43.1
E00012225,50.7,3,46.3
E00012226,56,5.1,38.8
E00012227,64,5.2,30.8
E00012228,56.1,5.2,38.7
E00012229,53.1,5.1,41.7
E00012230,52,3.6,44.4
E00012231,56.7,7.2,36.1
E00012232,58.9,5.4,35.7
E00012233,60.5,4.7,34.8
E00012234,73.4,2.8,23.8
E00012235,59.4,6.3,34.3
E00012236,61.9,6.2,32
E00012239,65,4.1,30.9
E00012240,64.2,4.8,31.1
E00012241,66.1,4.3,29.6
E00012242,64,2.8,33.1
E00012243,69.3,3.4,27.4
E00012244,63.9,4.2,31.9
E00012252,60.6,3.7,35.7
E00012256,64.5,2.5,33.1
E00012258,61.3,1.8,36.9
E00012259,60.6,2.8,36.6
E00012260,62.1,0,37.9
E00012262,77.8,2.5,19.8
E00012263,59.3,4.3,36.4
E00012266,62.2,0.8,37
E00012267,64.8,2.7,32.4
E00012268,53.4,1.2,45.4
E00012270,52.9,1,46.1
E00012273,56.9,1.6,41.4
E00012274,63.8,2.3,33.9
E00012275,62.1,1.9,36
E00012491,68.2,3.3,28.5
E00012492,68.2,3.2,28.6
E00012494,51.2,2.8,45.9
E00012495,63.9,1.8,34.3
E00012496,60.3,2.2,37.5
E00012497,63.7,7.1,29.2
E00012498,57.4,4,38.7
E00012499,48.1,8.6,43.3
E00012501,61.1,4.2,34.7
E00012502,58.6,4.1,37.2
E00012503,48.9,7.9,43.2
E00012504,63.6,4.2,32.1
E00012505,63.3,1.9,34.8
E00012506,68.1,2.3,29.6
E00012507,67.8,5.4,26.9
E00012508,68.5,2.4,29.2
E00012509,58.8,3.9,37.3
E00012511,48.8,2.5,48.8
E00012513,49.5,5.2,45.2
E00012514,66.3,0.4,33.3
E00012515,56.9,4.9,38.2
E00012516,67.9,5,27.1
E00012517,51.9,2.4,45.7
E00012518,48.4,3.4,48.1
E00012519,60.8,3.2,36
E00012520,54.5,4.5,40.9
E00012521,61.3,6.9,31.8
E00012524,60.4,3.6,36
E00012525,60.3,2.6,37
E00012526,51.5,6.6,41.9
E00012527,62.5,5,32.4
E00012528,65.1,4.4,30.5
E00012529,54.2,6.1,39.7
E00012530,64.5,5.1,30.5
E00012531,31,11.3,57.6
E00012532,55.6,8.9,35.5
E00012533,50.6,3.3,46.1
E00012534,57.3,2.2,40.5
E00012535,60.7,2.8,36.4
E00012537,58.8,4.5,36.7
E00012538,51.4,7.4,41.2
E00012539,69.1,6.3,24.6
E00012540,52.5,3.1,44.3
E00012542,67.6,5.9,26.6
E00012543,68.3,4.5,27.2
E00012544,54,5.1,40.9
E00012545,51,7.7,41.3
E00012546,41.3,6,52.7
E00012547,60.4,3.2,36.4
E00012548,50.9,6.1,43
E00012549,59.1,4.5,36.4
E00012550,64.6,5.7,29.7
E00012551,56.3,11.2,32.6
E00012552,62.2,6.1,31.7
E00012553,63.7,3.6,32.7
E00012554,65.5,5.2,29.3
E00012555,59.4,7.7,32.8
E00012556,58.1,2.5,39.4
E00012557,56.6,4.4,39.1
E00012558,51.2,6.8,42
E00012559,62.2,5.6,32.2
E00012560,60.4,5.8,33.7
E00012561,58.7,6,35.3
E00012562,51.6,5.8,42.6
E00012563,51.6,4.8,43.6
E00012564,16.4,12.8,70.8
E00012565,24.2,11.5,64.3
E00012582,65.9,3.6,30.5
E00012583,49.2,2.9,47.9
E00012676,57.6,6,36.4
E00012677,65.1,7,28
E00012678,57.3,8.8,33.8
E00012679,74.6,4.3,21.1
E00012680,54.7,4.9,40.3
E00012681,64.4,6.5,29.1
E00012682,64.6,4.7,30.7
E00012683,52.4,3.2,44.4
E00012684,71.2,5.8,23.1
E00012685,61.6,5.6,32.9
E00012686,58.4,4.3,37.3
E00012687,57.3,5.8,36.9
E00012688,64.8,6.4,28.8
E00012689,63,7.4,29.6
E00012690,61.6,6,32.4
E00012691,63.9,3.5,32.6
E00012692,62.2,7.1,30.8
E00012693,66.3,3,30.7
E00012694,55.9,7.7,36.4
E00012695,67.4,5.4,27.2
E00012696,57.7,7.2,35.1
E00012697,70.8,3,26.2
E00012698,72.6,4.6,22.7
E00012700,60.3,5.9,33.9
E00012703,36.2,3.4,60.3
E00012704,50.8,4.5,44.7
E00012705,60.9,5.4,33.7
E00012706,59.8,5.3,34.8
E00012707,44,4.4,51.6
E00012708,56.4,4.7,38.9
E00012709,66.9,6.5,26.6
E00012710,57.2,8.2,34.6
E00012711,54.1,5.7,40.2
E00012712,54.1,2.7,43.2
E00089873,66.7,4.2,29.1
E00089874,64.1,4.8,31.1
E00089880,57.6,3.4,39
E00089881,66.7,1.8,31.5
E00089933,71.5,3.6,24.8
E00089934,60.1,2.6,37.3
E00089935,66.5,4.4,29.1
E00089936,66.7,5.2,28.1
E00089937,64.8,1.9,33.3
E00089938,73.5,0.7,25.8
E00089939,55.8,0.9,43.3
E00089941,55.4,2.3,42.3
E00089942,49.7,2.6,47.7
E00089943,69,2.5,28.5
E00089944,63.1,4.2,32.6
E00089945,64.4,3.6,32
E00089946,63,5.5,31.5
E00089947,63.6,1.1,35.3
E00089948,50.9,5.3,43.9
E00089949,56.2,2.3,41.6
E00089950,74,4.2,21.8
E00089951,67.2,3.8,29
E00089952,68.3,2.7,29
E00089953,61.9,3.4,34.7
E00089954,65.2,0.9,33.9
E00089955,67.2,2,30.8
E00089957,61.7,3.2,35.1
E00089962,48.9,3.8,47.2
E00089963,55.3,4,40.7
E00169159,64.7,2.2,33.1
E00176455,66.4,4.2,29.4
E00176456,16.3,13.5,70.2
E00176459,57.9,1.3,40.9
E00176460,68.6,4.3,27.1
E00176461,65.9,7,27.1
E00176462,62.6,4.6,32.8
E00176463,63.3,4.4,32.3
E00176464,71,4.2,24.8
E00176465,59,5.6,35.3
E00176475,79.6,4.4,16
E00176476,28.9,8.2,62.9
E00176477,68.5,5.2,26.2
E00176481,56.5,4,39.5
E00184393,85.7,3.6,10.7
E00184395,93.2,1.1,5.7
E00184404,72.8,4.2,23
E00184409,59.7,2.3,38.1
E00184424,68.8,3.1,28.1
E00184439,74.6,3.7,21.6
E00184445,71.5,7.7,20.8
E00184456,45,4.2,50.8
E00184462,78.4,3.4,18.1
E00184466,64,7,28.9
E00184474,48.4,0,51.6
E00184479,78.5,7.5,14
E00184484,70.9,3.2,25.9
E00184485,73.2,5.7,21
E00184504,68.7,7,24.2
E00184510,54.4,8,37.6
E00184516,63.8,6.3,29.9
E00184517,60.5,5.5,34.1
E00184519,62.7,3.1,34.2
E00184521,66,5.9,28.1
E00184526,74.8,3.3,21.9
E00184531,71.1,8.7,20.2
E00184539,61.6,1,37.4