areacd,passports_all_4a-001,passports_all_4a-002,passports_all_4a-003
E00103353,81.7,2.7,15.5
E00116922,85,2.9,12.1
E00116927,87.2,1.7,11.1
E00116928,89.5,2.8,7.7
E00116930,91.3,0.5,8.3
E00163064,85.1,4.2,10.7
E00163065,83.9,4.5,11.6
E00163067,91.3,3.4,5.3
E00163068,84.8,5.5,9.7
E00163069,78.1,2.5,19.4
E00163073,74.4,4.4,21.3
E00163074,81.7,1.3,17
E00163075,77.2,3.9,18.9
E00163076,83.8,1.2,15.1
E00163077,84.1,3.3,12.6
E00163078,69.4,2.4,28.2
E00163079,88.6,3.8,7.6
E00163080,64.2,2.7,33.1
E00163081,64.6,4.4,31
E00163082,74.4,7.4,18.2
E00163083,87.9,0.4,11.7
E00163084,85,1.7,13.3
E00163085,67.4,2.5,30.1
E00163087,87,2.2,10.8
E00163088,72.1,6,21.9
E00163089,79.6,3.6,16.9
E00163090,74.2,2.7,23.1
E00163092,78.9,5.6,15.5
E00163093,78,3.7,18.4
E00163094,82.4,4.1,13.6
E00163095,69.3,3.6,27.1
E00163096,80.9,1.9,17.1
E00163097,62.1,5.5,32.4
E00163098,57.6,7.3,35.1
E00163099,60.8,8.7,30.4
E00163100,72.6,5.3,22
E00163101,85.6,3,11.4
E00163102,72.5,2.5,25
E00163105,83.7,5.3,11
E00163106,68.3,2.4,29.3
E00163107,65.2,6.7,28
E00163108,67.8,3.5,28.7
E00163109,78.3,5.4,16.3
E00163110,65.2,6.7,28.1
E00163111,62.6,4.9,32.6
E00163112,71.3,0.9,27.8
E00163113,55.8,9.5,34.7
E00163114,64.4,6,29.6
E00163115,87.1,5.6,7.3
E00163116,71.8,4.3,23.9
E00163117,72.9,4.8,22.3
E00163118,68.8,3.2,28.1
E00163119,75.3,5.3,19.4
E00163120,82.1,3.9,14
E00163121,92.2,0.6,7.1
E00163122,78.6,2.9,18.4
E00163123,76.9,3.1,20.1
E00163124,77.2,3.3,19.5
E00163125,75.6,3.3,21.1
E00163127,89.3,4.3,6.5
E00163143,85,4.2,10.8
E00163144,83.9,1.8,14.3
E00163145,86.5,5.1,8.4
E00163146,89.8,1.9,8.3
E00163147,85.7,1.9,12.4
E00163148,86.6,2.5,10.9
E00163149,84.7,0.9,14.4
E00163150,88.2,1.6,10.1
E00163157,85.6,0,14.4
E00163160,86.2,1.6,12.2
E00163161,89.9,0.5,9.5
E00163164,79.4,3.9,16.7
E00163197,67.7,24.3,8
E00163198,90,3.3,6.7
E00163199,87.4,1.9,10.7
E00163200,89.9,4,6
E00163201,82.9,4.1,13
E00163202,85.5,2.5,11.9
E00163203,83.8,2.5,13.8
E00163204,78.1,13.7,8.3
E00163205,74.2,14.6,11.3
E00163206,74.6,12.7,12.7
E00163207,78.5,10,11.5
E00163208,67.3,25.4,7.3
E00163209,90.2,2.7,7.1
E00163210,83.3,3.3,13.4
E00163211,78.5,4.6,16.9
E00163212,77.6,12.5,9.9
E00163213,79.8,3.1,17.2
E00163214,76.4,10.1,13.5
E00163215,88.5,4.3,7.1
E00163216,76.2,4.9,18.9
E00163217,80.4,9.8,9.8
E00163218,76.9,11.9,11.2
E00163219,61.2,7.2,31.6
E00163222,57.9,0.7,41.4
E00163223,78,7.1,14.8
E00163224,87.5,2.4,10.1
E00163226,80.4,1.7,17.9
E00163228,76.4,5,18.6
E00163229,88.6,3.8,7.6
E00163230,70.1,16.9,13
E00163231,77.5,3.7,18.8
E00163232,79.9,9.5,10.6
E00163233,86.8,2.3,10.9
E00163234,87.2,3.8,9
E00163235,78.4,4.1,17.6
E00163236,96.3,0.6,3.1
E00163238,69.6,9.6,20.8
E00163239,75,13.4,11.6
E00163240,89.4,6,4.6
E00163241,86.4,7,6.6
E00163242,96.5,1.3,2.2
E00163243,68.4,12,19.7
E00163244,79.6,15.9,4.5
E00163245,66.3,2.4,31.3
E00163246,75.4,2.4,22.2
E00163247,71,2.1,26.9
E00163248,66,8.6,25.4
E00163249,80.1,1.9,18
E00163250,83.8,2.6,13.6
E00163251,90.6,1.8,7.6
E00163252,88.5,2.1,9.4
E00163253,83.9,1.7,14.4
E00163254,79.9,4.7,15.5
E00163263,85.2,8.2,6.6
E00163265,84.3,5.1,10.6
E00163266,92.2,3.5,4.3
E00163267,81.6,2.8,15.6
E00163268,92.2,1.6,6.3
E00163269,87.4,2,10.6
E00163270,88,1.5,10.5
E00163271,78.2,3.7,18.1
E00163272,83.3,1.8,14.9
E00163273,79,1.9,19.1
E00163274,80.6,3.8,15.6
E00163275,85.1,2.6,12.3
E00163276,85.6,1.8,12.6
E00163277,81.4,1.2,17.4
E00163278,86.8,4.2,9
E00163279,74.4,0.9,24.8
E00163280,88.6,5.7,5.7
E00163281,87.8,2.8,9.4
E00163282,85,1.7,13.3
E00163283,82.3,11.8,5.9
E00163284,69.2,17.9,12.8
E00163285,72.9,8.6,18.6
E00163286,74.5,5.6,19.9
E00163287,84.9,5.5,9.6
E00163288,81.7,5.7,12.5
E00163289,83.1,6.6,10.3
E00163290,56.9,11.4,31.8
E00163291,83.4,6,10.6
E00163292,66.7,16.1,17.2
E00163293,78.5,5.6,15.9
E00163294,87.7,4.3,7.9
E00163295,63.8,26,10.2
E00163296,76.4,9.6,14.1
E00163297,82.1,7.1,10.8
E00163298,76.1,3.2,20.6
E00163299,74.5,15.5,10
E00163300,88.6,2.1,9.3
E00163301,88.4,3.2,8.3
E00163302,89.1,2.7,8.3
E00163303,91.8,2.5,5.6
E00163304,85.2,4.2,10.6
E00163305,84.7,5.6,9.8
E00163306,80.1,9.1,10.8
E00163307,77.5,8.9,13.7
E00163308,95.9,1.4,2.7
E00163309,90.5,1.5,8
E00163310,70.1,4,25.9
E00163311,89.5,2.3,8.3
E00163312,83.1,2.5,14.5
E00163313,82.4,4.5,13.1
E00163314,80.7,2.2,17
E00163315,68.8,0,31.2
E00163316,89.1,2.1,8.8
E00163317,83.8,2.2,14
E00163318,91.1,2.6,6.4
E00163319,66,7.4,26.6
E00163320,72.9,19.3,7.8
E00163321,80.2,9.5,10.3
E00163322,75.3,13.9,10.8
E00163323,75.9,12.2,11.9
E00163324,68.5,19.4,12.1
E00163325,66.8,10.7,22.5
E00163326,64.6,15.4,20
E00163327,57.3,12,30.7
E00163328,85.5,7.7,6.8
E00163329,65.5,12,22.5
E00163330,88.6,4.7,6.6
E00163331,63.6,22.9,13.6
E00163332,66,20.4,13.6
E00163333,75.2,18.2,6.6
E00163334,76.7,10.3,13
E00163335,69.7,12.3,18
E00163336,68.2,20.9,10.9
E00163337,65.1,5.5,29.4
E00163338,83.8,2.7,13.5
E00163339,89.4,0.4,10.2
E00163340,73.5,15.7,10.8
E00163342,86.6,4.2,9.1
E00163343,71,11.6,17.5
E00163344,77.7,4.4,17.9
E00163345,78.3,4.9,16.9
E00163346,80.6,5.5,13.8
E00163347,70.8,6.8,22.4
E00163348,86,6.4,7.6
E00163349,63.2,23.9,12.8
E00163350,71.2,15.7,13.1
E00163351,69.1,17.5,13.5
E00163352,88.3,2.2,9.5
E00163360,88.4,2.7,8.9
E00163361,90.2,1.5,8.3
E00163362,80.9,2.1,17
E00163364,85.4,3.2,11.4
E00163365,83.7,2.4,13.9
E00163366,89.6,2.6,7.8
E00163367,88.9,3.2,7.9
E00163368,74.3,4.1,21.6
E00163369,89.7,4,6.3
E00163370,90.2,2.4,7.3
E00163371,88.1,0.6,11.3
E00163372,78.8,2.9,18.3
E00163373,75.9,1.6,22.5
E00163374,78.4,5.2,16.4
E00163375,73.9,4.6,21.5
E00163376,85.4,3.2,11.4
E00163377,88.1,3.8,8
E00163378,77.2,6.1,16.7
E00163380,84.9,1.5,13.5
E00163412,83,5.7,11.3
E00163413,82.8,2.8,14.4
E00163414,87.5,6.2,6.2
E00163415,73.8,0.8,25.5
E00163416,87.7,5.1,7.2
E00163417,65.6,2.1,32.3
E00163418,86.6,3.7,9.7
E00163420,82.9,2.7,14.3
E00163421,65.3,5.3,29.3
E00163422,83.5,1.4,15.1
E00163423,81.4,8.6,10
E00163424,76.3,3.4,20.3
E00163425,72.2,13.3,14.4
E00163426,75.6,0.4,24
E00163596,88.8,2.9,8.3
E00163598,68.1,1,30.9
E00163599,85.8,1.6,12.6
E00163600,89.4,1.7,9
E00163604,78.9,0.6,20.6
E00163605,86.7,2.5,10.8
E00166382,66.4,19.7,13.8
E00166385,74.5,4.2,21.3
E00166386,57.9,24.3,17.8
E00166387,71.1,24.9,4
E00166388,80.8,8.6,10.6
E00166390,82.5,6,11.6
E00166391,67,9.6,23.4
E00166393,77.1,6.4,16.5
E00166395,86.2,4.6,9.2
E00166465,74.8,2,23.2
E00184152,81.8,3.4,14.8
E00184162,77.8,5.7,16.5
E00184164,69.6,11.4,19
E00184167,66.7,7.9,25.4
E00184170,80.4,6.9,12.7
E00184187,72.3,7.8,19.9
E00184189,84.2,5.1,10.7
E00184191,80.8,5.2,14
E00184202,79.1,5.5,15.4
E00184210,67.4,8.7,23.9
E00184218,65.7,9.2,25.1
E00184220,75.9,4.4,19.7
E00184235,84.7,6.6,8.7
E00184236,73.6,14.7,11.6
E00184245,86.1,5.5,8.5
E00184252,62.5,6.7,30.8
E00184253,72.4,7.4,20.2
E00184256,83.5,5.7,10.8
E00184259,76.6,3.6,19.8
E00184260,89.6,3.5,6.9
E00184263,82.4,6.9,10.6
E00184264,77.1,6.4,16.6
E00184265,92,5.4,2.7
E00184267,84.6,5.8,9.6
E00184270,73.3,10.8,15.8
E00184271,80.5,4.5,15
E00184272,72.5,5.8,21.6
E00184274,91.3,3.1,5.6
E00184285,78,1.6,20.4
E00184296,77.4,6.4,16.2
E00184299,89.6,1.8,8.6
E00184309,86.5,7.1,6.5
E00184310,84.5,6.1,9.5
E00184311,72.3,9,18.7
E00184313,70.9,10,19.1
E00184316,78,4.1,17.9
E00184317,82,7.7,10.4
E00184332,82.1,5.5,12.4
E00184334,70.6,15.6,13.8