areacd,hh_tenure_5a-000,hh_tenure_5a-001,hh_tenure_5a-002,hh_tenure_5a-003
E00056849,5.3,8.3,76.7,9.8
E00056892,9.8,20.5,58,11.6
E00056897,11.8,23.5,14.3,50.4
E00056993,27.5,29.8,6.1,36.6
E00056994,46.8,26.6,5.6,21
E00056995,11.7,22.7,48.4,17.2
E00056997,7.7,5.6,45.8,40.8
E00056998,9.5,8.5,34,48
E00056999,24.6,42.6,0.8,32
E00057001,23.5,30.2,4.7,41.6
E00057002,43.1,29.4,1,26.5
E00057003,40,38.4,4,17.6
E00057004,41.8,38.5,3.3,16.5
E00057005,3.4,8.4,77.3,10.9
E00057006,51.3,36.3,0,12.4
E00057007,50,35.2,0.8,13.9
E00057008,46.5,46.5,1,6.1
E00057009,15.5,11,58.7,14.8
E00057010,55,31,0,14
E00057011,38.7,37.1,8.1,16.1
E00057012,7.9,7.3,77.4,7.3
E00057013,5.4,11.6,33,50
E00057014,15.5,14.7,38,31.8
E00057015,3,5.9,10.7,80.5
E00057016,15.4,17.5,6.3,60.8
E00057017,30.3,24.6,9,36.1
E00057018,16.4,19.1,5.5,59.1
E00057019,37.4,22.3,8.6,31.7
E00057020,6.2,4.8,21.9,67.1
E00057021,27.9,27.9,0.8,43.4
E00057022,20.9,21.7,3.1,54.3
E00057023,12.3,18,8.2,61.5
E00057024,18.9,21.7,43.4,16.1
E00057025,33.1,24.8,3.3,38.8
E00057026,41.4,45.7,0,12.9
E00057027,17.9,13,6.8,62.3
E00057028,25,19.9,7.4,47.8
E00057029,7.7,11.3,14.1,66.9
E00057031,35,30.9,2.4,31.7
E00057032,9.7,17.2,63.4,9.7
E00057034,24.5,24.1,27.3,24.1
E00057035,32.5,21.4,7.1,38.9
E00057036,17.5,29.2,16.1,37.2
E00057037,15.3,12.5,58.3,13.9
E00057038,12,20.3,54.9,12.8
E00057039,20.7,16.4,50.7,12.1
E00057040,33.3,35.1,1.8,29.7
E00057041,33.3,42.3,0.9,23.4
E00057043,15,14.2,58.3,12.6
E00057044,44.1,35.6,1.7,18.6
E00057046,43.3,30.8,1.7,24.2
E00057047,20.2,29.5,7,43.4
E00057124,11,4.1,81.4,3.4
E00057138,1.9,0.5,95.6,1.9
E00057140,4.8,5.5,89,0.7
E00057141,8,1.4,84.8,5.8
E00057169,0,0.6,96.3,3.1
E00057177,4.1,0,90.5,5.3
E00057178,24,26.7,16.4,32.9
E00057254,9.1,14.5,43,33.3
E00057255,17.6,10.8,25,46.6
E00057256,5.4,2.7,27,64.9
E00057257,6.5,8.4,72.9,12.1
E00057258,17.7,18.6,6.2,57.5
E00057259,8.2,13.7,60.3,17.8
E00057261,23.4,15.9,3.7,57
E00057262,52.2,23.3,1.3,23.3
E00057264,18,9.8,16.4,55.7
E00057265,27,22.7,14.1,36.2
E00057266,20,14.1,24.4,41.5
E00057267,23.7,15.8,5.9,54.6
E00057268,18.2,18.2,31.8,31.8
E00057269,8.1,14.4,66.7,10.8
E00057270,16,20.6,49.6,13.7
E00057271,9.1,12.1,37.4,41.4
E00057272,8.7,21.4,52.4,17.5
E00057273,16.5,17.4,29.8,36.4
E00057274,10.9,15.2,43,30.9
E00057275,6.1,11.1,73.7,9.1
E00057276,23.1,20.3,9.8,46.9
E00057277,11.1,10.2,22.2,56.5
E00057278,13,24.3,19.1,43.5
E00057280,4.3,16.1,12.9,66.7
E00057281,18.1,20.5,28.3,33.1
E00057282,11.5,9.7,4.4,74.3
E00057283,15.1,8.6,24.7,51.6
E00057284,15,23.4,24.3,37.4
E00057285,7.5,12.9,7,72.6
E00057286,39.1,46,4.6,10.3
E00057287,19.5,14.6,10.6,55.3
E00057288,39.4,43.3,1,16.3
E00057289,35.3,34.5,10.9,19.3
E00057290,9.6,17.6,27.2,45.6
E00057291,13.4,8,36.6,42
E00057292,9.9,13.2,15.7,61.2
E00057293,8.1,11.3,19.4,61.3
E00057294,20.5,21.6,10.2,47.7
E00057295,2,1.4,48.6,48
E00057296,11.8,5.2,20.9,62.1
E00057297,19.7,19.7,6.1,54.5
E00057298,12.5,15,15.8,56.7
E00057300,0,0.4,97.8,1.8
E00057303,10.5,34.7,24.7,30.1
E00057304,12.2,20.9,45.2,21.7
E00057305,4.9,12.6,70.9,11.7
E00057307,22.5,19.7,45.1,12.7
E00057309,11.1,7.8,50,31.1
E00057310,11,8.8,58.8,21.3
E00057311,5.4,2.7,77,14.9
E00057312,8.8,1.5,82.5,7.3
E00057313,2.6,1,92.8,3.6
E00057322,9.4,6.3,36.7,47.7
E00057323,7.4,4.8,20.7,67
E00057325,6.3,12,73.9,7.7
E00057326,0.8,15.6,39.3,44.3
E00057327,6.2,4.1,28.9,60.8
E00057328,8.8,12.2,44.9,34
E00057329,3.7,2.5,14.1,79.8
E00057330,9.1,11.4,70.5,9.1
E00057331,13.5,26,46.2,14.4
E00057332,4.1,4.1,83.6,8.2
E00057333,12.8,9.4,27.5,50.3
E00057776,25.6,25.6,40.6,8.3
E00057777,17.2,9.4,61.7,11.7
E00057778,16.7,29.2,43.3,10.8
E00057779,7.5,12.5,71.7,8.3
E00057780,7.5,18.7,66.4,7.5
E00057781,7.8,13,63.5,15.7
E00057782,10.2,12.7,69.5,7.6
E00057783,5.9,9.6,75,9.6
E00057784,8.6,12.5,70.3,8.6
E00057785,24.1,26.3,38.3,11.3
E00057786,32,40,21.6,6.4
E00057787,7.2,13.8,30.9,48
E00057788,7.2,4.2,66.3,22.3
E00057789,12.9,4.8,66,16.3
E00057790,13.5,30.3,2.2,53.9
E00057791,11.9,25.9,51.7,10.5
E00057792,33.6,49.6,0.8,16
E00057793,19.8,17.4,43.8,19
E00057794,13,17.6,59.5,9.9
E00057795,40.9,43.8,2.2,13.1
E00057796,29.5,27.7,3.6,39.3
E00057797,36,22.8,23.5,17.6
E00057798,23.2,26.1,37.3,13.4
E00057799,31.1,31.1,10,27.8
E00057800,10.9,18.2,57.3,13.6
E00057801,21.4,23.8,43.7,11.1
E00057802,11.9,26.2,53.6,8.3
E00057803,3.6,14.4,76.6,5.4
E00057804,8.7,14.8,65.2,11.3
E00057805,11.9,26.6,49.5,11.9
E00057806,14.2,23.9,45.2,16.8
E00057807,1.7,5,77.5,15.8
E00057808,2.3,7.5,83.5,6.8
E00057809,16.8,36.8,11.6,34.7
E00057810,18,23.3,45.9,12.8
E00057811,16.8,21.7,36,25.5
E00057812,54.9,31.9,1.8,11.5
E00057813,48.4,40.2,1.6,9.8
E00057814,29.6,26.7,35.6,8.1
E00057815,48.9,38.8,0,12.2
E00057816,13.5,21.6,48.6,16.2
E00057817,14.6,15.2,61.6,8.6
E00057818,16.8,9.2,70.6,3.4
E00057819,18.5,24.6,46.9,10
E00057820,23.5,26.9,33.6,16
E00057821,21.8,24.4,42,11.8
E00057822,23.5,28.8,33.3,14.4
E00057823,24.3,25,40.4,10.3
E00057824,29.6,34.4,28.8,7.2
E00057826,16.4,20.9,13.6,49.1
E00057827,10.3,10.3,70.5,8.9
E00057829,14.7,21.6,55.9,7.8
E00057830,13.7,14.7,65.3,6.3
E00057831,20.3,15.3,58.5,5.9
E00057906,20,52.7,14.5,12.7
E00057907,12.3,21.1,47.4,19.3
E00057908,20.2,23.1,42.3,14.4
E00057909,38.3,40.4,0,21.3
E00057921,18.8,34.9,28.9,17.4
E00057922,18.8,11.5,43.8,26
E00057923,14.3,23.5,47.1,15.1
E00057924,15.7,25.7,44.3,14.3
E00057925,21.7,55.8,0.8,21.7
E00057926,30.4,29,29,11.6
E00057927,53.5,34.5,1.4,10.6
E00057928,30.9,24.2,24.8,20.1
E00057929,40,50.7,1.4,7.9
E00057932,52.6,36.8,4.6,5.9
E00057933,17.5,13.3,48.3,20.8
E00057934,40.3,20.1,11.5,28.1
E00058540,27.4,23.6,28.3,20.8
E00058543,32.6,7.8,6.2,53.5
E00058546,5,10.4,21.2,63.5
E00058547,46,37.9,0.8,15.3
E00058549,16.3,27.9,42.2,13.6
E00058552,15.2,12.1,27.3,45.5
E00058554,37.9,29.3,8.6,24.1
E00058555,20.9,26,37.9,15.3
E00058556,35.7,31.3,3.6,29.5
E00058557,13.2,15.7,24.8,46.3
E00058558,39.9,38.7,1.8,19.6
E00058559,35.7,27.8,6.1,30.4
E00058563,9.2,19.2,53.3,18.3
E00058564,19.8,22,50.8,7.3
E00058565,4.1,11,51.4,33.6
E00058566,11.2,25.9,57.8,5.2
E00058567,2.8,5.6,52.4,39.2
E00058568,16.2,8.1,25.2,50.5
E00058574,21.6,29.6,8,40.8
E00058576,10.9,6.9,46.3,36
E00058577,30.9,27.9,3.7,37.5
E00058578,5.9,7.8,61.4,24.8
E00058579,12.7,10.2,64.4,12.7
E00058581,12.9,19.4,52.5,15.1
E00058583,1.9,2.8,83.2,12.1
E00058585,12.7,9.5,36.5,41.3
E00058586,12.2,8.2,12.2,67.3
E00058587,5.2,8.7,25.2,60.9
E00058588,27.3,30.5,27.3,14.8
E00058594,24.3,20.8,42.4,12.5
E00058595,27.8,36.5,4.3,31.3
E00058596,18.1,23.9,5.8,52.2
E00058598,22.2,4.6,16.7,56.5
E00058599,32.5,20.2,13.2,34.2
E00058600,15.6,20,20.7,43.7
E00058623,46.2,37.9,0.8,15.2
E00058646,40.5,43.2,3.6,12.6
E00165692,9.8,24.1,49.1,17
E00165693,47.6,27.6,6.9,17.9
E00169786,0.7,4.1,29,66.2
E00169788,2.7,5.4,6.3,85.6
E00169789,4.3,16.8,5.4,73.5
E00169792,3,10.1,9.5,77.5
E00169794,4.6,23.7,7.9,63.8
E00169796,8,9.8,41.1,41.1
E00169797,7.8,15.6,6.7,70
E00169800,6.8,17.1,6,70.1
E00169802,6,13.8,3.4,76.7
E00169803,9.5,13.5,2.4,74.6
E00169805,13.9,19.7,2.5,63.9
E00169806,9.8,9,61.5,19.7
E00169810,8.9,16.3,3.3,71.5
E00169811,5.8,16.6,12.6,65
E00169813,5.5,20.9,2.2,71.4
E00169817,7.4,15.7,0.9,75.9
E00170037,1.8,13,1.8,83.4
E00170040,4.5,11.6,0.9,83
E00170041,33.3,29.6,5.6,31.5
E00170043,15,10,18.3,56.7
E00170044,10.7,8.9,73.2,7.1
E00170051,5.7,21.3,4.1,68.9
E00170052,4.1,10.3,19.6,66
E00170055,20.1,16.8,4.7,58.4
E00170057,3.1,9.4,4.5,83
E00170259,12.5,15,62.5,10
E00170262,7.3,17.1,7.3,68.3
E00170264,2.5,12.3,4.9,80.2
E00170265,8.2,22.7,0.5,68.6
E00170267,8,16.8,2.4,72.8
E00170268,2.8,7.8,1.1,88.3
E00170271,6.3,2.5,86.1,5.1
E00170276,4.6,1.1,88.5,5.7
E00170327,4.6,15.7,50.3,29.4
E00170329,3.6,17.1,0.9,78.4
E00170446,17.9,16.7,2.6,62.8
E00170447,27.9,39.6,20.7,11.7
E00170452,24.6,33.3,2.4,39.7
E00170453,23.3,25.9,38.8,12.1
E00170455,16.7,21.9,51.8,9.6
E00170457,9.6,24.8,57.6,8
E00170459,11.5,49.2,16.9,22.3
E00170461,14.1,53.1,3.1,29.7
E00170465,43.4,45.6,0,11
E00170466,3.9,2,91.2,2.9
E00170596,19.5,24.7,0,55.8
E00170609,1,12.1,0,86.9
E00170610,8.4,20.4,0.6,70.7
E00170612,5.4,15.5,6.2,72.9
E00170617,12.3,22.3,2.3,63.1
E00170620,11.9,25.9,0.7,61.5
E00170890,14,42,3,41
E00187027,2.5,8.6,4.9,84
E00187028,13.6,35.7,5.2,45.5
E00187029,4,10.8,4,81.1
E00187033,6.9,13.1,1.5,78.5
E00187034,9.5,13.5,4.8,72.2
E00187042,10.1,3.4,18,68.5
E00187043,10,14.1,1.2,74.7
E00187046,9.1,28.1,47.1,15.7
E00187052,0.8,2.5,8.3,88.3
E00187053,4,2,77,17
E00187054,7.4,28.7,2.1,61.7
E00187055,5.6,20.2,2.3,71.8
E00187058,1.7,8.6,4.3,85.3
E00187061,15.5,19.1,55.5,10
E00187071,0,13.8,3.6,82.6
E00187072,2,6.6,4.6,86.8
E00187074,1.2,3.6,9,86.2
E00187079,0,5.4,91.9,2.7
E00187081,20.8,13.8,53.1,12.3
E00187085,0,34,5.9,60.1
E00187088,3.4,5.2,1.7,89.7
E00187094,11.8,55.3,15.8,17.1
E00187095,6.9,27.7,44.6,20.8
E00187097,8.9,11.7,4.2,75.2
E00187098,0,4.9,1.9,93.2
E00187099,0.7,3.6,10.4,85.4
E00187104,0.9,11.4,0.9,86.8
E00187110,3.2,8.1,50,38.7
E00187111,1.8,17.5,2.6,78.1
E00187118,1,1,6,92
E00187122,2.2,5.4,2.2,90.2
E00187126,0,13.7,6.8,79.5
E00187128,1,1,91.1,6.9
E00187132,19.2,13.7,54.8,12.3
E00187139,3,22,4.3,70.7
E00187140,10.3,17.9,63.2,8.5
E00187142,5.8,82.6,5.1,6.5
E00187143,6.6,33.3,3.8,56.3
E00187146,2,19.4,6.1,72.4
E00187149,13,61,1,25
E00187153,4.2,16,36.8,43.1