areacd,has_ever_worked-001,has_ever_worked-002,has_ever_worked-003
E00000037,15,36.4,48.6
E00000038,10.5,33.6,55.9
E00000039,16.5,41.7,41.7
E00000040,19.8,34.7,45.5
E00000041,10.7,38.4,50.9
E00000042,16.7,46.7,36.7
E00000043,19.8,31.7,48.4
E00000045,18.8,36.5,44.7
E00000046,20.6,43,36.4
E00000048,13.5,39.9,46.6
E00000049,14.2,42.5,43.3
E00000050,14.6,28.5,57
E00000051,19.4,30,50.6
E00000052,17.1,44.1,38.8
E00000053,10.9,38,51.2
E00000054,14.8,43.7,41.5
E00000056,11.7,34,54.3
E00000057,8.7,33,58.3
E00000061,13.6,37.9,48.5
E00000063,18.4,36,45.6
E00000064,14.5,33.1,52.4
E00000066,16.6,26,57.5
E00000067,17.6,31.4,51
E00000068,21.6,40.8,37.6
E00000069,15.8,32.9,51.4
E00000236,15.9,50.4,33.6
E00000238,29.6,31,39.4
E00000240,19.3,34.7,46
E00000243,20,24.5,55.5
E00000244,14,41.9,44.2
E00000245,17.3,26.6,56.1
E00000246,15.5,41.4,43.1
E00000247,16.4,33.6,50
E00000249,17.1,35,47.9
E00000251,26.3,34.7,38.9
E00000253,27.3,27.3,45.5
E00000256,15.9,38.6,45.5
E00000257,16.5,45.7,37.8
E00000258,15,42.5,42.5
E00000260,10.3,41.2,48.5
E00000263,17.4,25.5,57.1
E00017603,23,40.2,36.8
E00017604,10.1,43.7,46.2
E00017605,26.2,38.5,35.4
E00017607,14,37.2,48.8
E00017608,11,50.5,38.5
E00017609,13.8,37.7,48.5
E00017610,33.7,27.3,39
E00017611,16.5,36.1,47.5
E00017612,15.5,41.2,43.3
E00017614,19.1,35.3,45.6
E00017616,11.5,46.2,42.3
E00017617,18.5,45.7,35.9
E00017618,18,29.3,52.7
E00017619,13,37.4,49.6
E00017620,20.6,40.2,39.2
E00017621,26,43.8,30.1
E00017623,23.7,30.9,45.4
E00017624,18.1,52.8,29.2
E00017625,17.5,40.2,42.3
E00017627,26.9,22.4,50.7
E00017628,13.3,33.7,53.1
E00017629,22.1,34.7,43.2
E00017630,12.1,39,48.9
E00017631,14.4,48.4,37.3
E00017632,20.5,47.7,31.8
E00017633,14.1,48.4,37.5
E00017634,25.3,35.8,38.9
E00017635,28.2,33.3,38.5
E00017636,20.8,50.6,28.6
E00017637,17.4,36.4,46.2
E00017638,17.9,48.2,33.9
E00017639,20.3,45.3,34.4
E00017640,21.2,48.1,30.8
E00017641,9.1,38,52.9
E00017642,13.4,30.5,56.1
E00017644,10.5,32.2,57.3
E00017645,14.1,34.9,51
E00017646,18.2,30.7,51.1
E00017647,8.7,30.6,60.7
E00017649,13.7,33.2,53.2
E00017650,12.7,35.2,52
E00017654,14.9,30.5,54.5
E00017655,14.8,27,58.3
E00017656,10.9,41.2,47.9
E00017657,19,33.3,47.6
E00017658,9.4,37.7,52.8
E00017659,19.5,33.9,46.6
E00017660,17.2,33.8,49
E00017661,14.2,32.3,53.5
E00017662,15.4,38.5,46.2
E00017663,14.5,32.1,53.4
E00017664,12.7,38.2,49.1
E00017665,18.3,35.1,46.6
E00017666,15.7,39.2,45.1
E00017668,2.4,42.4,55.2
E00017669,9.7,35.5,54.8
E00017671,19.4,33.8,46.8
E00017672,15.3,31.2,53.5
E00017673,13.1,40.1,46.7
E00017674,14,35.7,50.3
E00017676,11.9,34.1,54.1
E00017677,19.3,35.8,45
E00017678,16.6,31.7,51.7
E00017679,15.1,36,48.8
E00017680,14.2,29.1,56.7
E00017682,14.9,34.9,50.2
E00017683,16.4,39.1,44.5
E00017684,12.9,41.4,45.7
E00017685,21.2,35.6,43.3
E00017686,12.6,37,50.4
E00017687,12.8,35.9,51.3
E00017688,12.3,47.4,40.4
E00017689,14.2,44.5,41.3
E00017690,25.2,21.5,53.4
E00017691,15.4,37.2,47.3
E00017692,16.4,31.2,52.4
E00017693,25.4,29.9,44.8
E00017694,17.1,36.9,45.9
E00017695,15,27.8,57.1
E00017696,11.5,35.2,53.3
E00017697,21.3,34.6,44.1
E00017698,15.4,40.6,44.1
E00017699,24.1,46.6,29.3
E00017700,17.2,40.5,42.2
E00017701,10.6,46.8,42.6
E00017702,16.4,28.2,55.4
E00017703,17.6,33,49.5
E00017704,16.5,55.4,28.1
E00017705,15.6,34.9,49.5
E00017706,32.8,25.4,41.8
E00017707,13.4,38.4,48.2
E00017708,18.3,29.8,51.8
E00017709,14.3,37.8,47.9
E00017710,14.5,39.1,46.4
E00017711,19.8,30.5,49.7
E00017712,20.6,37.1,42.3
E00017713,16,38.7,45.3
E00017715,13.6,40.1,46.3
E00017718,25,36.1,38.9
E00017719,23.7,40.9,35.5
E00017720,20.2,34.8,44.9
E00017721,20.2,40.5,39.3
E00017722,19.7,38.8,41.5
E00017725,16.8,36.6,46.6
E00017728,17.2,38.8,44
E00017729,13,37,50
E00017733,15.7,31.3,53
E00017734,18.6,35.7,45.7
E00017735,13.1,47.6,39.3
E00017736,14.4,51,34.6
E00017738,22.4,33.6,43.9
E00017739,17.2,33.8,49
E00017740,21.7,34.9,43.4
E00017741,19.9,38.6,41.5
E00017742,17.9,33.8,48.3
E00017743,13.3,54.9,31.9
E00017744,13.4,40.3,46.3
E00017745,15.7,42.7,41.6
E00017746,10.6,44.7,44.7
E00017747,17.7,34.3,48.1
E00017748,14.4,42.3,43.3
E00017751,23,31.7,45.3
E00017754,19.2,35.6,45.2
E00017758,16.7,38.9,44.4
E00017759,40,24.4,35.6
E00017760,10.4,37.7,51.9
E00017761,11.7,48.3,40
E00017762,25,39.4,35.6
E00017763,20.5,40.2,39.3
E00017764,17.6,35.3,47.1
E00017765,14.4,41.2,44.4
E00017766,16.7,33.3,50
E00017767,23.6,28.2,48.2
E00017768,17.6,40.8,41.5
E00017769,22.8,32.1,45.1
E00017770,14.2,29.2,56.6
E00017771,24,29.3,46.7
E00017772,13.7,45.3,41
E00017773,18.8,35.9,45.3
E00017774,11.3,30.8,57.9
E00017775,8,46,46
E00017776,22.1,37.5,40.4
E00017777,24,37,39
E00017778,8,27.6,64.4
E00017779,19.6,42.9,37.5
E00017780,19,43,38
E00017781,18.5,28.2,53.2
E00017782,23.3,43.7,33
E00017783,22.3,34.5,43.2
E00017784,25.7,31.7,42.6
E00017785,17.4,26.8,55.7
E00017786,14.8,36.7,48.4
E00017787,15.2,41.1,43.8
E00017788,18.1,38.8,43.1
E00017789,14.3,39.3,46.4
E00017790,15.3,28.8,55.9
E00017791,19.6,35.2,45.2
E00017792,15.5,34.5,50
E00017793,15.4,49.2,35.4
E00017794,13.8,37.7,48.6
E00017795,21,34.5,44.5
E00017796,14.1,38.2,47.6
E00017797,15.2,45.6,39.2
E00017798,14.1,35.6,50.3
E00017799,16,33.7,50.3
E00017801,14.2,35.5,50.3
E00017802,14.2,26.9,58.9
E00017803,11,27.9,61
E00017804,14.4,28.8,56.7
E00017805,18.2,29.9,51.9
E00017806,10.8,29.7,59.5
E00017807,14.4,42.5,43.1
E00017808,8.3,40,51.7
E00017810,11.2,32.2,56.6
E00017811,13.2,27.9,58.8
E00017812,9.8,40.2,50
E00017814,15.9,30.8,53.3
E00017816,11.7,32,56.3
E00017817,17.9,25.8,56.3
E00017818,8,25.9,66
E00017819,18.2,29.8,52
E00017820,16.9,30.8,52.3
E00017821,14.2,44,41.8
E00017822,8.6,34.4,57
E00017823,15.9,50.5,33.5
E00017824,6.7,38.1,55.2
E00017825,17.2,29.9,52.9
E00017826,16.6,27.8,55.6
E00017827,18.3,35.3,46.4
E00017828,22.6,31.3,46.2
E00017829,15.5,31,53.5
E00017830,18.3,31.7,50
E00017833,10.9,37.7,51.4
E00017834,13.1,43,43.9
E00017835,13.7,30.4,56
E00017836,10.2,38.5,51.3
E00017837,16.6,29,54.4
E00017839,14.9,33,52.1
E00017840,6.9,30.4,62.7
E00017841,10.1,38.3,51.7
E00017842,15.1,36.5,48.4
E00017843,13.7,25.6,60.7
E00017844,13.7,32.5,53.8
E00017845,11.8,29.6,58.6
E00017846,12.4,31.1,56.5
E00017847,13.6,30.4,56
E00017848,13.8,32.6,53.6
E00017849,7.5,39.4,53.1
E00017854,15.2,27.6,57.1
E00017855,16.1,28.3,55.6
E00017856,13.4,30.8,55.8
E00017857,14.2,40.3,45.5
E00017858,15.6,29.9,54.4
E00017860,13.2,31.6,55.1
E00017861,10.5,39.1,50.4
E00017862,15.6,34,50.4
E00017863,17.4,26.4,56.3
E00017865,17.6,43,39.4
E00017866,7.8,45.7,46.6
E00017867,12.4,27,60.6
E00017870,15.3,32.3,52.4
E00017871,14.1,33.7,52.2
E00017872,12.3,35.7,52
E00017873,14.4,26.9,58.7
E00017874,17.5,14.3,68.2
E00017875,19.9,29.8,50.3
E00017876,12.1,49.5,38.5
E00017877,13.2,32.2,54.5
E00017878,7.7,35.4,56.9
E00017879,18.6,37.2,44.2
E00017880,16.1,40.9,43.1
E00017881,20.4,42.9,36.7
E00017882,10.2,42.1,47.7
E00017883,21.1,31.6,47.4
E00017884,8.9,36.3,54.8
E00017885,17.4,39.5,43
E00017886,18.7,27.1,54.2
E00017887,12.8,36,51.2
E00017888,13.2,39.6,47.3
E00017889,23.3,24,52.7
E00017890,14.7,27.9,57.4
E00017891,17.8,39.3,43
E00017892,8.7,40.2,51.2
E00017893,10.6,29.3,60.2
E00017894,20.2,31,48.8
E00017895,4.2,32.6,63.2
E00017896,17.3,31.8,50.9
E00017897,13.9,34.2,51.9
E00017898,17.6,37,45.4
E00017899,14.3,29.5,56.3
E00017900,13,35,52
E00017901,18.3,35.8,45.8
E00017903,7.8,55.8,36.4
E00017904,25.3,49.3,25.3
E00017905,12.3,25.4,62.3
E00017906,18,52.8,29.2
E00017907,18.5,50.9,30.6
E00017908,24.5,47.9,27.7
E00017909,16.2,39,44.8
E00017910,18.2,40,41.8
E00017911,18.6,45.3,36
E00017912,19.3,45.4,35.3
E00017913,14.1,34.1,51.9
E00017914,18.2,37.7,44.2
E00017915,14.8,38.6,46.6
E00017916,10.9,66.3,22.8
E00017917,13.6,38.8,47.6
E00017918,24.2,49.5,26.4
E00017919,28.5,55,16.6
E00017920,14,35.5,50.5
E00017921,22.4,43.4,34.2
E00017922,16,43.1,40.9
E00017923,20.8,33.3,45.8
E00017924,12.7,52.9,34.3
E00017926,11.6,34.9,53.5
E00017927,30.3,32,37.7
E00017928,18.3,39,42.7
E00017930,17.7,38,44.3
E00017931,18.4,33.3,48.2
E00017933,12.1,35,52.9
E00017934,19.4,40.3,40.3
E00017935,21.1,48,30.9
E00017936,19.6,50,30.4
E00017937,21.3,30.3,48.4
E00017938,13.7,44.1,42.2
E00017939,25.8,40.4,33.7
E00017940,20,38.1,41.9
E00017941,13.7,25.2,61.2
E00017942,23,35.4,41.6
E00017943,9.6,24,66.5
E00017944,23,36.2,40.8
E00017945,21.6,38.8,39.6
E00017946,13.8,42.8,43.4
E00017947,11.5,32.1,56.4
E00017948,15.7,20.4,63.9
E00017949,10.6,39.4,50
E00017952,12.9,27.8,59.3
E00017953,12.6,36.2,51.2
E00017954,15.6,39.4,45
E00017955,22.3,30.6,47.1
E00017956,17.5,40.4,42.1
E00017957,15.4,34,50.6
E00017958,21,36.4,42.7
E00017959,16.7,37,46.4
E00017961,11.2,39.2,49.6
E00017962,7.6,44.8,47.6
E00017963,23.8,28,48.2
E00017965,16,35.8,48.1
E00017967,17.4,28.9,53.7
E00017968,10.4,44.3,45.2
E00017969,13.3,32,54.7
E00017970,20.5,36.4,43.2
E00017971,16.1,28.4,55.5
E00017972,22.9,44.9,32.2
E00017973,13.6,23.1,63.3
E00017974,21.8,32.7,45.5
E00017975,21,43.7,35.3
E00017976,18.1,40.5,41.4
E00017977,27.4,44.3,28.3
E00017978,25.9,39.3,34.8
E00017979,8.7,40.9,50.4
E00017980,15.4,36.8,47.8
E00017981,12.6,26.6,60.8
E00017982,10.4,34.2,55.4
E00017983,16.9,29.4,53.7
E00017984,10.9,21.9,67.2
E00017985,15.9,33.8,50.3
E00017986,13.5,35.3,51.2
E00017987,12.5,40.6,46.9
E00017988,9.7,37.9,52.4
E00017989,12.9,32.8,54.3
E00017990,10.2,37.4,52.4
E00017991,17,32.1,50.9
E00017992,19.2,25,55.8
E00017994,16.9,31.9,51.3
E00017995,13,39.4,47.7
E00017996,11.6,34.8,53.5
E00017997,10.5,35,54.5
E00017999,14.7,27.2,58
E00018001,19.2,35,45.8
E00018003,19.5,22.7,57.8
E00018004,14.5,18.4,67.1
E00018005,17,30.1,52.9
E00018006,16.7,22.5,60.8
E00018009,14.5,35.2,50.3
E00018010,12.9,35.4,51.7
E00018012,15,29.9,55.1
E00018013,20.3,28.5,51.3
E00018015,15.6,36.3,48.1
E00018016,15.2,33.6,51.2
E00018017,12.9,36.6,50.5
E00018018,13.8,31.1,55.1
E00018019,12,31,57
E00018020,12.4,26.9,60.7
E00018021,12.3,30.8,56.9
E00018022,15.1,36,48.9
E00018023,9.3,24.9,65.9
E00018024,11.9,39.3,48.9
E00018025,12.6,29.6,57.8
E00018026,19,20.9,60.1
E00018027,8.1,35.5,56.5
E00018028,14.3,28.6,57.1
E00018030,13.9,28.4,57.7
E00018031,13.9,36.1,50
E00018032,11.2,35.7,53.1
E00018033,13.5,23.3,63.2
E00018034,11.1,36.5,52.4
E00018035,9.3,38.1,52.6
E00018036,18.3,17.1,64.6
E00018038,16.5,29.8,53.7
E00018040,14.8,31.1,54.1
E00018041,12.6,35.8,51.7
E00018042,14.3,25.7,60
E00018043,12.1,43.7,44.2
E00018044,15.8,30.5,53.7
E00018045,15.7,37.2,47.1
E00018046,12.3,34.4,53.4
E00018047,12.8,26.1,61.2
E00018048,9.8,38.2,52
E00018049,11.7,28.2,60.1
E00018050,16.2,26.5,57.4
E00018051,14.1,31.3,54.5
E00018052,16.4,29.7,53.9
E00018053,15.4,35,49.6
E00018054,15.4,27.2,57.4
E00018055,10.3,37.9,51.7
E00018056,14.6,36.1,49.3
E00018057,16.7,31.4,51.9
E00018058,14.7,25.3,60
E00018059,13.5,35.8,50.7
E00018060,13.9,24.4,61.8
E00018061,17.6,22.4,60
E00018062,16,22.7,61.3
E00018063,21.1,25.8,53.1
E00018064,11.2,30.2,58.7
E00018065,17.4,31.9,50.7
E00018066,19.5,24,56.5
E00018067,10.4,32.3,57.3
E00018068,11,34.5,54.5
E00018069,14.1,31.3,54.7
E00018070,17,33.3,49.7
E00018071,12.9,33.3,53.7
E00018072,11.7,37.4,50.9
E00018073,20,30.3,49.7
E00018074,10.5,33.1,56.4
E00018075,10.8,22.2,67
E00018076,13.4,25.4,61.2
E00018077,12.1,27.4,60.5
E00018078,12.7,28.7,58.7
E00018080,8.5,36.4,55
E00018081,14.7,28.2,57.1
E00018082,10.9,39.4,49.7
E00018083,15.6,36.9,47.5
E00018084,12.5,44.6,42.9
E00018085,14.9,31.3,53.7
E00018086,15.2,37.6,47.2
E00018087,19.5,31.4,49.1
E00018088,17.2,29.1,53.7
E00018089,5.6,54.2,40.3
E00018090,12.1,25.5,62.4
E00018091,15,27.5,57.5
E00018092,15.2,29.1,55.6
E00018093,16.1,28.6,55.2
E00018094,12.6,39.4,48
E00018095,14.2,37.7,48.1
E00018096,10.1,36.7,53.2
E00018097,14.9,44,41.1
E00018098,10.8,39.2,50
E00018099,17.8,32.9,49.3
E00018100,18,28,54
E00018101,14.5,42.8,42.8
E00018102,10.2,33,56.9
E00018104,15.3,27.9,56.8
E00018105,11.6,33.3,55.1
E00018106,16,29.8,54.2
E00018107,9,38.5,52.5
E00018108,13.9,35.8,50.4
E00018109,10.1,25.6,64.3
E00018111,14.7,30.8,54.5
E00018112,16.2,27.9,55.8
E00018113,18,28.1,53.9
E00018114,23.2,18.4,58.4
E00018115,16.7,28.8,54.5
E00018116,16.5,26.3,57.1
E00018117,14.2,42.5,43.4
E00018118,11.1,48.1,40.7
E00018119,17.9,35,47.2
E00018120,14,24.7,61.4
E00018121,17.8,32.7,49.5
E00018122,22.4,31.6,46
E00018123,18.2,25.6,56.2
E00018124,12.8,38.5,48.7
E00018125,17.2,33.9,48.9
E00018126,17.9,36.6,45.5
E00018127,22.2,39.9,37.9
E00018129,20.8,34,45.1
E00018130,9.3,34.3,56.5
E00018131,11.1,31.9,57
E00018132,10,40,50
E00018133,20.7,35.9,43.5
E00018134,19.4,45.2,35.5
E00018135,13.8,37.5,48.8
E00018138,15.7,37.9,46.4
E00018139,19.3,42,38.7
E00018140,18.8,28.1,53.1
E00018141,18.1,34.6,47.2
E00018142,11.7,35.6,52.8
E00018143,16,35.8,48.1
E00018144,16.1,26.8,57.1
E00018145,14.4,38.4,47.2
E00018146,18.9,30.8,50.3
E00018147,19.6,25.9,54.5
E00018148,19.7,36.1,44.3
E00018149,10.9,38.3,50.8
E00018150,17,39.8,43.2
E00018151,15.4,35.8,48.8
E00018152,19.6,21.6,58.8
E00018153,18.5,29.1,52.3
E00018154,23.8,30.8,45.5
E00018155,19.4,34,46.6
E00018156,23.4,31.9,44.7
E00018157,19.8,36.3,44
E00018158,19.7,32.4,47.9
E00018159,17.1,32.9,50
E00018160,13.3,45.1,41.6
E00018161,13.3,36.1,50.6
E00018162,18.5,33.3,48.1
E00018163,14.3,36.6,49.1
E00018164,13,43.5,43.5
E00018165,19.7,35.4,44.9
E00018166,13.5,31.6,54.8
E00018167,18.8,29.9,51.4
E00018168,24.3,33.6,42.1
E00018170,15.2,38.4,46.4
E00018171,18.8,29.7,51.4
E00018172,11.8,31.4,56.9
E00018173,16.9,38.3,44.8
E00018174,9.8,37.8,52.4
E00018175,16.8,26.2,57
E00018178,12.6,41.5,45.9
E00018179,22.4,30.2,47.4
E00018180,23.9,35.8,40.4
E00018181,22.3,37.2,40.4
E00018182,29.5,32.4,38.1
E00018183,21.9,37.2,40.9
E00018184,18.2,33.7,48.1
E00018185,12.9,37.1,50
E00018186,20.2,48.3,31.5
E00018187,13.3,40,46.7
E00018188,11.9,46.5,41.6
E00018190,23.9,44.2,31.9
E00018191,20.3,24.1,55.7
E00018193,18.8,32.5,48.7
E00018194,15.3,34,50.7
E00018195,13,40.4,46.6
E00018218,21.2,43.3,35.6
E00018221,19.1,33.6,47.4
E00018222,14.6,41.6,43.8
E00018223,20,36.5,43.5
E00018224,20,34.3,45.7
E00018225,7.2,49.6,43.2
E00018227,16.2,39,44.8
E00018230,18.9,56.8,24.2
E00018231,25,44.3,30.7
E00018233,21.7,36.8,41.4
E00018235,21.5,48.4,30.1
E00018236,35.5,35.5,28.9
E00018237,11.9,46.4,41.7
E00018238,22.5,30.3,47.2
E00018239,13.1,27.5,59.4
E00018240,14.4,32.1,53.5
E00018241,28.4,32.6,38.9
E00018242,26.4,37.5,36.1
E00018251,16.9,39.8,43.4
E00018252,17.6,36.3,46.2
E00018254,12,41,47
E00018259,23,33.6,43.4
E00018260,16.8,26,57.3
E00018262,11,33.9,55.1
E00018263,13.6,27.7,58.6
E00018264,19.7,23.9,56.3
E00018267,14,33.6,52.3
E00018268,22.4,32.9,44.7
E00018269,13.8,31,55.2
E00018270,9.5,31.9,58.6
E00018271,15.7,34.9,49.4
E00018272,19.1,27.2,53.8
E00018273,18.2,21.2,60.6
E00018274,17.3,28.3,54.3
E00018275,22.7,32,45.4
E00018276,10.9,36.2,52.9
E00018277,14.7,26.7,58.7
E00018278,19.4,33.3,47.3
E00018279,8.9,29.8,61.3
E00018280,13.6,39.8,46.6
E00018282,22.4,29,48.6
E00018283,11.2,49.4,39.3
E00018284,10.2,28.6,61.2
E00018285,24.2,36.7,39.2
E00018286,10.7,38.9,50.4
E00018287,16.8,27,56.2
E00018288,13.6,37.9,48.6
E00018289,11.4,32.6,56.1
E00018291,12.7,33.8,53.5
E00018292,22.3,35,42.7
E00018293,16.6,34.5,49
E00018294,13.4,29.9,56.7
E00018295,13.1,33.9,53
E00018296,19.2,35,45.8
E00018297,15.2,60,24.8
E00018298,24.7,46.1,29.2
E00018299,16.3,41.1,42.6
E00018300,18.1,39.7,42.2
E00018302,23.5,31.6,44.9
E00018303,16.1,35.7,48.3
E00018304,12,38,50
E00018305,13.1,32.8,54.1
E00018306,16.4,37.9,45.7
E00018307,11.4,39.6,49
E00018308,16.5,28.9,54.5
E00018309,13.5,35.7,50.8
E00018310,21.4,39.3,39.3
E00018311,15.4,41,43.6
E00018312,20.2,36.1,43.7
E00018313,18,33.6,48.4
E00018314,12.3,30.7,57
E00018315,21.2,45.7,33.2
E00018316,22,40.3,37.7
E00018317,21.3,33.7,45
E00018318,28.2,38,33.8
E00018319,20.5,39.3,40.2
E00018320,10,39.8,50.2
E00018321,28.8,27,44.1
E00018322,12.9,49.4,37.6
E00018323,15.4,44.6,40
E00018324,32.3,41.5,26.2
E00018325,17.1,45.9,36.9
E00018326,12.5,29.8,57.7
E00018327,12.4,33.3,54.3
E00018328,20.8,37.5,41.7
E00018329,13.7,40.4,45.9
E00018330,16.5,41.7,41.7
E00018331,16.2,41.6,42.2
E00018332,13.6,34.7,51.7
E00018333,20.7,29.3,50
E00018334,25.8,37.9,36.4
E00018335,19.3,30.4,50.4
E00018336,13.5,31.9,54.6
E00018546,10.3,41.2,48.5
E00018548,13.9,32.5,53.6
E00018549,15.7,38.4,45.9
E00018550,11.3,31.8,56.9
E00018551,13.9,33.9,52.2
E00018552,14.9,35.7,49.4
E00018553,12.1,30.9,57
E00018554,11.7,34.1,54.2
E00018555,13.5,34.7,51.8
E00018556,12.5,38.9,48.6
E00018557,11.8,41.9,46.3
E00018558,12.4,23.8,63.8
E00018559,15.7,33.3,51
E00018560,10.3,33.3,56.4
E00018561,14.5,33.6,52
E00018562,13.3,28.6,58.2
E00018563,15.5,31.8,52.7
E00018564,13.6,38.1,48.3
E00018565,21.2,31.4,47.4
E00018566,11.5,28.8,59.6
E00018567,15.3,32.5,52.2
E00018568,12.2,41.9,45.9
E00018569,15.4,28.6,56
E00018570,15.8,35.5,48.7
E00018571,10.6,30.4,59
E00018751,20,27.7,52.3
E00018752,9.2,29.5,61.3
E00018753,14.2,23.7,62.1
E00018754,12.6,36.2,51.1
E00018755,11.5,38.8,49.6
E00018756,15.7,27.7,56.6
E00018757,17.1,35.5,47.4
E00018758,11.8,32.8,55.5
E00018759,14.3,38.3,47.4
E00018760,14,30,56
E00018761,11.5,30.5,58
E00018762,11.3,28.9,59.8
E00018763,13,28.8,58.1
E00018764,14.9,34.5,50.6
E00018765,14.7,43.6,41.7
E00018766,11,30.5,58.5
E00018767,11.5,30.1,58.3
E00018768,10.4,31.3,58.3
E00018769,13.1,40.1,46.7
E00018770,8.1,37,54.8
E00018771,12,26.1,62
E00018773,9.6,36.8,53.7
E00018774,11.3,42.5,46.2
E00018775,18.9,30,51.1
E00018776,13.1,29,57.9
E00018777,11.6,31.1,57.3
E00018779,15.3,23.7,61.1
E00018780,22.9,39.6,37.5
E00018781,21.3,28.7,50
E00018784,14.4,38.3,47.3
E00018785,7.7,24.8,67.5
E00018786,9.6,31.5,58.9
E00018787,11.4,34.2,54.4
E00018788,13.8,25.8,60.4
E00018817,8.5,37.9,53.6
E00019004,9.6,39.3,51.1
E00019006,12.4,38.7,49
E00019009,13.4,30.7,55.9
E00019010,14.1,27.3,58.6
E00019012,19.8,31.4,48.8
E00019013,21.5,35.6,43
E00019014,9.8,33.8,56.4
E00019015,15.9,39.8,44.2
E00019016,15.9,41.3,42.8
E00019017,16,33.7,50.3
E00019018,10.4,39.2,50.4
E00019019,13.7,29.1,57.1
E00019020,20.4,37.1,42.5
E00019022,11.5,38.9,49.6
E00019023,16.7,26,57.3
E00019024,9.9,40.7,49.5
E00019025,14.5,38.6,47
E00019047,12.8,42.6,44.6
E00019054,6.2,62.3,31.5
E00019055,15.9,59.8,24.3
E00019056,15.8,65.8,18.4
E00019058,15.2,59.6,25.3
E00019059,9.2,55,35.8
E00019061,12.8,71.8,15.4
E00021768,17.6,45.9,36.5
E00021769,28.7,39.3,32
E00021770,15.9,44.3,39.8
E00021772,20.5,43.6,35.9
E00021773,28.7,41.4,29.9
E00021774,18.5,44.4,37
E00021775,16.4,53.4,30.1
E00021776,17.2,43,39.8
E00021777,16.7,35.3,48
E00021778,23,28.4,48.6
E00021779,16.1,42.9,41.1
E00021780,17.6,37.3,45.1
E00021781,11.9,44,44
E00021782,11.8,51.8,36.4
E00021783,21,42.9,36.1
E00021784,20,43.8,36.3
E00021785,18.6,32.6,48.8
E00021786,13.2,52.1,34.7
E00021787,17.9,36.6,45.5
E00021788,15.7,35.5,48.8
E00021789,15.6,42.2,42.2
E00021790,17.4,42.4,40.2
E00021791,11.2,29,59.8
E00021792,13.4,34.5,52.1
E00021793,21.6,43.2,35.2
E00021794,11.4,51.1,37.5
E00021795,15,43.3,41.7
E00021796,17.6,42.6,39.7
E00021797,14.3,47.9,37.9
E00021800,17.7,41.8,40.5
E00021801,19.7,53.5,26.8
E00021802,11,47.6,41.5
E00021803,20,43.1,36.9
E00021804,19.2,50,30.8
E00021805,24.7,29.9,45.5
E00021809,7.5,49.5,43
E00021811,21.4,52.9,25.7
E00021812,13.1,45.5,41.4
E00021813,21.9,42.5,35.6
E00021814,13.8,46.1,40.1
E00021815,15.7,40.4,43.8
E00021816,11.5,53.1,35.4
E00021817,14.3,38.6,47.1
E00021818,21.3,39,39.7
E00021819,13.9,43.8,42.3
E00021820,10.6,43.3,46.1
E00021822,15.7,48.6,35.7
E00021826,11.3,45.3,43.4
E00021827,5.8,43.5,50.7
E00021830,18.9,36,45
E00021831,18.4,30.3,51.3
E00021833,21.5,31.9,46.7
E00021834,8.9,48.5,42.6
E00021836,10.8,47.3,41.9
E00021838,25.5,47.1,27.5
E00021975,15.8,48.4,35.8
E00022008,12.3,52.8,34.9
E00167126,36.8,36.8,26.3
E00171508,13.6,56.1,30.3
E00171509,10.9,56.5,32.6
E00171511,29.4,42.6,27.9
E00174971,22.4,29,48.6
E00174972,11.5,35.4,53.1
E00174973,12.9,35.3,51.7
E00174978,11.2,27,61.7
E00174979,9.6,22.8,67.7
E00174980,12.9,34.8,52.3
E00174981,12.9,32.3,54.8
E00174982,22,31.8,46.2
E00174983,19.8,33.7,46.5
E00174984,22.8,34.2,43
E00174986,29.7,29.7,40.5
E00174989,13.7,28.8,57.6
E00174995,18.4,31.6,50
E00174996,12.8,36,51.2
E00174997,12.2,37.4,50.4
E00174998,12.5,26.8,60.7
E00175002,10.8,35.1,54.1
E00175004,13,29.7,57.3
E00175005,9.5,26.2,64.3
E00175006,19.8,45.9,34.2
E00175007,9.4,32.2,58.5
E00175008,13.3,35.2,51.5
E00175009,15.1,35.6,49.3
E00175010,11.8,31.1,57.1
E00175011,7.8,37.7,54.5
E00175014,12.1,35.4,52.5
E00175017,30.3,36.4,33.3
E00175019,12.5,34.8,52.7
E00175027,9.9,42.6,47.5
E00175028,11.1,44.4,44.4
E00175032,17.4,41.7,40.9
E00175036,15.2,34.8,50
E00175038,11.9,38.8,49.3
E00175040,22.2,48.1,29.6
E00175041,13.3,30.4,56.4
E00175045,14.6,42.7,42.7
E00175047,9.6,26,64.4
E00175048,9.3,42.6,48.1
E00175049,20.2,35.6,44.2
E00175050,12.5,35.6,51.9
E00175052,16,26.9,57.1
E00175055,20.9,29.1,50
E00175056,11.7,35.9,52.4
E00175057,17.6,32.8,49.6
E00175059,16.7,27.4,55.8
E00175060,41,29.5,29.5
E00175061,8.7,31.7,59.6
E00175062,12.1,41.1,46.8
E00175064,11.8,32.3,55.9
E00175065,14.5,38.2,47.3
E00175069,12,27.1,60.9
E00175070,36.4,33.3,30.3
E00175071,16.3,29.3,54.5
E00175072,26.5,32.7,40.8
E00175075,15.6,33.8,50.6
E00175076,11.4,39.8,48.9
E00175079,39.5,44.7,15.8
E00175080,31.3,37.5,31.3
E00175082,14.8,23.9,61.3
E00175083,13.3,43.3,43.3
E00175084,16.8,33.6,49.7
E00175085,9.3,36,54.7
E00175102,17.1,34.3,48.6
E00175103,18.5,45.2,36.3
E00175104,16.7,32.3,51
E00175105,13.7,45.2,41.1
E00175108,13.8,36.9,49.2
E00175110,22,22,55.9
E00175121,29.2,33.3,37.5
E00175122,20.8,39.6,39.6
E00175132,16.7,25,58.3
E00175133,16.1,25.9,58
E00175134,18.8,31.3,50
E00175137,19.3,34.1,46.6
E00175140,16.9,22.5,60.7
E00175144,18.5,30.4,51.2
E00175151,15.5,28.7,55.8
E00175152,20.4,28,51.6
E00175153,17,35.8,47.2
E00175156,16.1,36.6,47.3
E00175158,9.9,40.7,49.5
E00175171,12.3,35.7,51.9
E00182045,11.4,42.1,46.5
E00182046,17.5,37.7,44.7
E00182047,13.3,30,56.7
E00182048,31.3,37.5,31.3
E00182050,16.3,46.2,37.5
E00182051,23.8,38.1,38.1
E00182052,16.3,39.5,44.2
E00182053,21.3,34.4,44.3
E00182054,25.7,48.6,25.7
E00182055,22.6,38.7,38.7
E00182063,17.4,52.2,30.4
E00182065,20.2,24,55.8
E00182066,14.1,32.6,53.3
E00182069,12.6,34.3,53.1
E00182071,18.6,44.3,37.1
E00182076,17.1,37.1,45.7
E00182077,23.5,35.3,41.2
E00182078,15.3,42.6,42
E00182080,14.6,39,46.5
E00182086,15.1,41.1,43.8
E00182087,15.6,36.7,47.7
E00182088,7.9,34.7,57.4
E00182089,27.9,43.2,28.8
E00182090,20.5,34.6,44.9
E00182094,29.3,36.6,34.1
E00182096,29.7,40.6,29.7
E00182099,17.5,22.6,59.9
E00182104,26.6,33.7,39.7
E00182105,15.4,32.1,52.6
E00182106,30,30,40
E00182109,10.9,47.9,41.2
E00182113,8.8,45,46.2
E00182116,34.2,28.9,36.8
E00182121,10.6,29.3,60.2
E00182122,2.8,44,53.2
E00182125,15.6,32.3,52.1
E00182133,18.2,34,47.8
E00182142,40.3,33.9,25.8
E00182144,29,12.9,58.1
E00182145,18.9,26.3,54.7
E00182151,19.6,32.6,47.8
E00182152,11.2,8.4,80.4
E00182155,9.1,46.3,44.6
E00182159,9.3,22.1,68.6
E00182164,13.6,29.1,57.3
E00182166,17.6,38.2,44.1
E00182171,27.3,47.7,25
E00182174,18.1,41.7,40.3
E00182175,23.1,26.9,50
E00182177,11,34.6,54.4
E00182181,27.7,29.2,43.1
E00182190,14.9,32.1,53
E00182192,9.8,41.5,48.8
E00182194,31.6,16,52.4
E00182196,50,37.5,12.5
E00182198,19.5,32.2,48.3
E00182200,18.8,28.1,53.1
E00182202,15.3,31.5,53.2
E00182206,11.7,19.9,68.4
E00182207,8.9,29.1,62
E00182208,42.9,33.3,23.8
E00182209,13.5,21.2,65.4
E00182210,15.8,23.5,60.7
E00182211,14.9,25.4,59.6
E00182212,11.2,15.8,73
E00182213,14.6,26.2,59.2
E00182221,37.7,31.9,30.4
E00182230,15.3,28,56.7
E00182231,14,36.7,49.3
E00182235,12.8,29.4,57.8
E00182246,9.5,21.9,68.6
E00182254,12.9,30.6,56.5
E00182255,14.3,39.1,46.6
E00182256,18.3,44.1,37.6
E00182259,12.7,33.9,53.3
E00182262,5.4,22.1,72.5
E00182265,15,23,61.9
E00182266,14,28.1,57.9
E00182270,17.8,23.7,58.6
E00182271,22.9,35.4,41.7
E00182273,22.2,38.9,38.9
E00182278,10.5,30.6,58.9
E00182279,12.4,43.3,44.3
E00182282,6.9,29.7,63.4
E00182283,37.5,33.3,29.2
E00182285,17.9,25.9,56.3
E00182291,12.4,28.9,58.8
E00182299,16.7,36.7,46.7
E00182307,14.6,36.5,48.9
E00182313,38.5,23.1,38.5
E00182314,36.4,30.3,33.3
E00182315,24,34.7,41.3
E00182317,9.6,30.1,60.2
E00182318,23.7,32,44.3
E00182319,31.8,54.5,13.6
E00182320,12.2,29.3,58.5
E00182326,22.8,28.3,48.9
E00182330,15.7,33.3,51
E00182332,19.6,29,51.4
E00182336,11.2,37.1,51.8
E00182337,12.6,25.2,62.2
E00182339,12.5,30,57.5
E00182343,11.2,36,52.8
E00182344,21.7,33.3,45
E00182351,13,33.2,53.8
E00182367,9.2,30.1,60.7
E00182371,14.3,50,35.7
E00182372,8.5,31.4,60.2
E00182373,16.7,34.8,48.5
E00182380,19.2,22.5,58.3
E00182381,23.1,33.7,43.3
E00182383,34,25.5,40.4
E00182387,24.7,36,39.3
E00182392,15.2,18.8,66.1
E00182393,28.8,36.4,34.8
E00182394,7.1,35.3,57.7
E00183753,37.5,25,37.5
E00183759,15.8,24.1,60.2
E00183764,25,40.6,34.4
E00183785,33.3,29.4,37.3
E00183961,34.1,34.1,31.7
E00183978,18.3,26,55.8
E00183980,26.7,31.1,42.2
E00184009,14.1,29.4,56.4
E00184050,35.5,41.9,22.6
E00184061,24.4,31.1,44.4
E00184075,30.2,37.2,32.6
E00184086,37,30.4,32.6
E00185665,8.9,34.2,57
E00185666,20.9,28.7,50.4
E00185667,20.6,29.4,50
E00185671,16,38.4,45.6
E00185681,18.4,33.3,48.2
E00185688,16.2,33.1,50.8
E00185690,26.4,32.1,41.5
E00185693,35.9,5.4,58.7
E00185694,21,39.5,39.5
E00185695,8.8,63.2,28.1
E00185703,20.9,29.9,49.3
E00185704,5.8,40.3,53.9
E00185713,17,42,41
E00185715,31.1,20.7,48.1
E00185716,22.2,26.4,51.4
E00185726,29.5,22.7,47.7
E00185737,17.1,38.2,44.7
E00185739,18,32.8,49.2
E00185740,17.9,37.3,44.8
E00185741,20,42.9,37.1
E00185746,34.4,23.4,42.2
E00185749,34.4,32.3,33.3
E00185751,17.2,45.3,37.5
E00185755,13.2,21.1,65.8
E00185762,6.9,38.2,55
E00185770,46.4,30.4,23.2
E00185773,25.8,38.7,35.5
E00185780,15.1,36.6,48.4
E00185781,25.5,31.6,42.9
E00185791,22.5,32.4,45.1
E00185797,15.3,34.3,50.4
E00185803,18.6,32.4,49
E00185814,45.2,25.8,29
E00185821,11.5,29.5,59
E00185824,14.5,25.8,59.7
E00185825,11.8,28.2,60
E00185827,8.3,46.3,45.4
E00185830,10,32.1,57.9
E00185831,31.6,36.8,31.6