geography_code,hh_size_5a-001,hh_size_5a-002,hh_size_5a-003,hh_size_5a-004
E00116925,19.4,54.6,11.1,14.8
E00116926,18.1,54.3,14.7,12.9
E00117613,36.4,49.3,11.4,2.9
E00117614,56.3,32.5,6.3,4.8
E00117615,58.6,33.3,5.2,2.9
E00117616,42.9,31.5,10.1,15.5
E00117617,53.2,28.6,9.7,8.4
E00117618,53.7,29.1,12.7,4.5
E00117619,51.1,36.3,5.9,6.7
E00117620,29,42.7,12.2,16
E00117621,55.1,31.6,5.1,8.1
E00117622,57.6,32.1,7.9,2.4
E00117623,46.7,42.4,6.2,4.8
E00117624,29.6,29.6,14.8,25.9
E00117625,36,36.7,12.9,14.4
E00117626,44.7,34.7,11.4,9.1
E00117627,43.4,32.4,12.5,11.8
E00117628,43.9,28.6,13.8,13.8
E00117654,24.7,40.4,13.7,21.2
E00117655,17.5,40.1,21.2,21.2
E00117658,25.9,45.9,13.3,14.8
E00117659,18.7,52.7,14.7,14
E00117664,23.9,44.4,15.4,16.2
E00117665,14.6,40.9,18.2,26.3
E00117672,22,55.9,8.7,13.4
E00117673,23.6,51.2,7.9,17.3
E00117680,19.9,35.8,23.2,21.2
E00117681,18.5,37.1,20.5,23.8
E00117682,17.4,43.5,12.2,27
E00117683,22.6,46.6,11.3,19.5
E00117684,25.3,45.5,13.6,15.6
E00117685,17.9,51.8,16.1,14.3
E00117686,16.7,48,15.3,20
E00117687,23.3,42,20.7,14
E00117688,47.6,28.2,11.3,12.9
E00117689,18.9,42,14.7,24.5
E00117690,22.9,51.9,14.5,10.7
E00117691,24.2,31.8,18.2,25.8
E00117692,22.2,35.6,20.7,21.5
E00117693,20.1,43.2,18.7,18
E00117694,27.9,46.3,12.5,13.2
E00117703,18.6,48.8,15.1,17.4
E00117704,16.1,58.1,9.7,16.1
E00117705,33.6,39.2,13.8,13.4
E00117706,24.3,55.9,6.3,13.5
E00117707,21.8,46.5,12,19.7
E00117708,23.8,54.6,7.7,13.8
E00117709,25.4,38.8,17.9,17.9
E00117710,24.7,40.3,13.6,21.4
E00117711,28.3,43.4,15.1,13.2
E00117712,21.6,47.1,19.6,11.8
E00117713,20.7,43.8,17.4,18.2
E00117714,24.7,37,17.8,20.5
E00117715,27.6,34.5,19.5,18.4
E00117716,25,48.3,17.2,9.5
E00117717,23,50,8.1,18.9
E00117718,46.1,39.6,8.4,5.8
E00117719,36.8,42.1,13.2,7.9
E00117727,37.5,30.4,21.4,10.7
E00117728,21.2,47.1,10.6,21.2
E00117747,34.1,31,14,20.9
E00117748,20.6,44.4,13.5,21.4
E00117749,24.3,39,16.9,19.9
E00117750,22.6,36.8,20.3,20.3
E00117751,28.1,45.9,10.2,15.8
E00117752,39.8,33.1,18.6,8.5
E00117753,18.3,51.9,15.4,14.4
E00117754,56.6,34.9,3.9,4.7
E00117755,24.6,44.4,18.3,12.7
E00117756,21.4,33.7,25.5,19.4
E00117757,41.2,32.5,13.2,13.2
E00117758,22.4,48.3,11.2,18.1
E00117759,43.1,27.6,12.1,17.2
E00117760,23.3,45.9,15.8,15
E00117761,27.6,49.6,11,11.8
E00117762,41.1,34.7,12.9,11.3
E00117763,35.4,39.2,11.5,13.8
E00117764,23,41.4,18.4,17.2
E00117765,18.3,43.9,18.3,19.5
E00117766,15.6,45.1,15.6,23.8
E00117767,16.8,41.6,16.8,24.8
E00117768,27.5,33.9,13.8,24.8
E00117769,22.7,44.7,11.3,21.3
E00117770,18.3,46,15.9,19.8
E00117771,20.3,43,16.4,20.3
E00117779,26.5,44.9,12.2,16.3
E00117780,32,42.7,14.6,10.7
E00117803,28.3,50,10.1,11.6
E00117804,30.4,45.5,13.4,10.7
E00117805,26.1,35.3,13.1,25.5
E00117806,16.4,44.1,20.2,19.2
E00117807,25.4,44.6,12.3,17.7
E00117808,9.3,50.9,19.3,20.5
E00117809,15.6,44.4,16.1,23.9
E00117833,20.2,32.5,15.8,31.6
E00117834,25,42.6,15.7,16.7
E00117835,29.6,36,18.4,16
E00117836,21.5,51.9,11.9,14.8
E00117837,22.5,45.9,12.6,18.9
E00117838,23.8,39.5,16.1,20.6
E00117839,24.8,41.4,17.3,16.5
E00117840,31.4,41.5,13.6,13.6
E00117841,16.8,32.3,26.1,24.8
E00117842,25.9,43.5,14.3,16.3
E00117843,24.8,44.6,16.5,14
E00117845,26.8,38.6,17.3,17.3
E00117846,19.7,43.2,21.2,15.9
E00117847,54.1,21.3,13.1,11.5
E00117848,31.1,31.1,14.1,23.7
E00117849,35.5,36.3,15.3,12.9
E00117850,20,38.2,20.9,20.9
E00117851,31.9,37.1,10.3,20.7
E00117852,54.9,26.5,12.7,5.9
E00117853,24.6,44.9,16.2,14.4
E00117855,23.6,48.9,9.6,18
E00117856,24.7,44,16.7,14.7
E00117873,27.6,46.9,11,14.5
E00117874,20.3,42.2,19.5,18
E00117877,27.9,38.2,16.9,16.9
E00117878,17.1,45.1,19.5,18.3
E00117879,29.6,38.4,14.4,17.6
E00117880,25.8,48.4,11.5,14.3
E00117881,16.7,38.4,16.7,28.3
E00117882,22.1,39.7,8.8,29.4
E00117909,24.2,37.5,14.8,23.4
E00117910,25.2,42.4,9.4,23
E00117911,29.2,38.1,16.8,15.9
E00117912,25.6,40.1,16.9,17.4
E00117913,19.8,42.9,19,18.3
E00117914,22,37.3,19.5,21.2
E00117915,36,33.3,14.9,15.8
E00117916,32.2,42.3,8.7,16.8
E00117917,27.4,40.2,12.8,19.7
E00117918,27,27,23.8,22.2
E00117919,23.9,35.9,23.9,16.2
E00117920,19.4,39.6,17.3,23.7
E00117921,16.2,32.5,22.2,29.1
E00117922,43.8,39.2,10.8,6.2
E00117923,51.9,34.1,8.9,5.2
E00117924,35.8,46.7,8.3,9.2
E00117925,46.1,30.5,10.4,13
E00117931,12.4,28.5,21.9,37.2
E00117933,17.7,23.4,25.7,33.1
E00117937,11.5,37.2,24.8,26.5
E00117939,16.5,34.8,23.5,25.2
E00117940,10.8,41.7,16.7,30.8
E00117943,23.5,29.4,22.7,24.4
E00117945,13.5,43.6,18,24.8
E00163045,20,44.4,18.1,17.5
E00163046,31.1,28.8,15.2,25
E00163047,20.1,53.2,7.2,19.4
E00163048,20.7,41.4,20,17.9
E00163049,25.7,50.7,5.1,18.4
E00163050,26.1,42,17.4,14.5
E00163051,33.8,35.4,13.1,17.7
E00163052,24.3,45.7,14.3,15.7
E00163053,18.7,46.7,22.4,12.1
E00163054,17.4,45.5,12.9,24.2
E00163055,22.9,38.5,15.6,22.9
E00163056,16.4,44.8,14.9,23.9
E00163057,18.9,47.4,14.7,18.9
E00163060,28.1,32.4,17.3,22.3
E00163061,17.8,46.2,14.8,21.3
E00163062,15.6,41.8,23.4,19.1
E00163063,19.9,42.6,17,20.5
E00163066,22.5,44.1,18.9,14.4
E00163086,15.6,44.8,26,13.5
E00163158,28.5,47.7,9.2,14.6
E00163159,38.4,40.9,13.2,7.5
E00163162,24.8,44.3,12.8,18.1
E00163163,28.5,40.8,21.5,9.2
E00163165,34.1,30.1,11.4,24.4
E00163166,22.4,35.3,24.1,18.1
E00163167,35.2,38.6,13.1,13.1
E00163168,21.2,41.7,15.9,21.2
E00163169,20.6,41.9,15.4,22.1
E00163170,22.5,40.3,21.7,15.5
E00163171,19.7,43.2,16.7,20.5
E00163172,17.2,56.6,8.2,18
E00163173,24.2,43.2,17.4,15.2
E00163174,28.8,28,20.8,22.4
E00163175,20.2,49.6,14,16.3
E00163176,32.1,42.9,12.5,12.5
E00163381,21.2,43.4,15.2,20.2
E00163382,23,35.4,21.2,20.4
E00163384,18.9,52,11.8,17.3
E00163385,29,43.4,18.6,9
E00163386,8.8,46.2,17.6,27.5
E00163387,24.5,49.7,12.2,13.6
E00163388,30.2,39.7,10.3,19.8
E00163389,16.4,47.5,15.6,20.5
E00163390,24,40,16.8,19.2
E00163391,29,44.4,14.2,12.4
E00163392,20.7,44.1,14.5,20.7
E00163393,22.9,48.6,10.7,17.9
E00163394,10.5,41,17.1,31.4
E00163395,34.9,30.2,15.1,19.8
E00163396,26.9,40.4,9.6,23.1
E00163427,18.2,41.7,18.2,22
E00163428,25.2,48,11,15.7
E00163429,24.8,40,18.1,17.1
E00163430,28.1,46.5,13.2,12.3
E00163431,31.7,28.7,19.8,19.8
E00163432,13,48,18,21
E00163433,22.3,40.6,16.2,20.8
E00163434,16.8,42.3,16.8,24.1
E00163435,34.5,31.9,15.9,17.7
E00163436,14.2,48.9,13.5,23.4
E00163437,19.5,46.3,13,21.1
E00163438,18.2,46.3,17.4,18.2
E00168069,22.6,34.7,19.4,23.4
E00168070,17.6,28,19.2,35.2
E00168071,23.4,44.8,14.9,16.9
E00168072,35.7,44.9,13.3,6.1
E00168073,3.7,32.1,19.8,44.4
E00168074,1.9,35,20.4,42.7
E00168075,3.9,23.4,26,46.8
E00179078,7.8,38.2,23.5,30.4
E00182073,12.5,35.7,22.3,29.5
E00184732,19.3,45.5,17.9,17.2
E00190546,18.2,38,19.7,24.1
E00190555,23.8,32.7,22.4,21.1
E00190561,33.6,29.9,20.6,15.9
E00190565,34.3,33.3,17.6,14.8
E00190575,17.5,44.1,16.8,21.7
E00190579,19.6,37.5,17.9,25
E00190581,13.6,34.1,22,30.3
E00190588,17,37.8,25.2,20