geography_code,number_of_cars_5a-000,number_of_cars_5a-001,number_of_cars_5a-002,number_of_cars_5a-003
E00106770,4.4,20.8,51.4,23.5
E00106772,5.5,19.5,43.9,31.1
E00106777,2.5,30.7,40.1,26.7
E00106778,4.9,43.7,36.8,14.6
E00106780,6.1,46.9,35.7,11.2
E00106781,7.9,35.3,38.8,18
E00106782,4.7,29.8,36.8,28.7
E00106783,3.5,26.5,52.2,17.7
E00107505,5.3,18.3,43.5,32.8
E00107541,6.9,24.4,44.3,24.4
E00155633,11.6,38,36.4,14
E00155634,0.7,21.3,39.7,38.2
E00155635,21.7,43.5,18.1,16.7
E00155638,10.7,26.2,36.9,26.2
E00155639,15.1,45.4,24.4,15.1
E00155701,4.2,49.2,32.5,14.2
E00155702,3.2,40.1,38.2,18.5
E00155703,9.7,41.8,26.9,21.6
E00155704,11.1,47,28.2,13.7
E00155705,0.6,24.9,39.3,35.3
E00155709,6,45.5,22.4,26.1
E00155711,2.8,26.7,43.3,27.2
E00155712,10,37.1,37.1,15.7
E00155713,3.9,32.7,30.1,33.3
E00155714,9.1,31.8,31.8,27.3
E00155715,3.6,17.4,41.3,37.7
E00155716,6.7,18.5,44.4,30.4
E00155717,9.2,34,36.2,20.6
E00155718,6.1,32.7,32,29.3
E00155719,11.8,44.9,30.1,13.2
E00155720,12.8,43.6,23.1,20.5
E00155855,6.4,22.9,34.9,35.8
E00155938,30.3,42.9,22.2,4.5
E00155941,16.5,45.7,26.8,11
E00155942,24.4,43.3,24.4,7.9
E00155943,8.6,33.1,34.5,23.7
E00155944,13.3,32.5,35,19.2
E00155945,11.7,45,30.8,12.5
E00155946,33.3,45,16.7,5
E00155947,9.2,43.7,36.1,10.9
E00155948,38.8,31.4,24.8,5
E00155949,18.2,43.9,28,9.8
E00155950,20,47,26.1,7
E00155951,15.3,35.6,39,10.2
E00155955,9.8,38.3,39.8,12
E00155956,17.5,60.5,16.7,5.3
E00155957,11.9,48.1,28.9,11.1
E00155958,16.4,47.4,25.9,10.3
E00155959,26.2,40.4,27.7,5.7
E00155961,30,32.3,26.9,10.8
E00155962,30.5,51.1,16.8,1.5
E00155963,24.8,41.6,24.8,8.8
E00155964,6.2,48.1,35.7,10.1
E00155965,5.1,44.9,36,14
E00155966,5.7,45.7,29.3,19.3
E00155967,3.8,33.8,42.7,19.7
E00155969,10,57.1,25.7,7.1
E00155970,6.8,30.3,38.6,24.2
E00155971,9,39,34,18
E00155972,7.1,41.4,38.4,13.1
E00155975,17.3,56.7,22.1,3.8
E00155977,6.1,41.7,38.3,13.9
E00155978,18.3,50.8,25.8,5
E00155979,9.4,44.4,37.6,8.5
E00155980,5.7,30.4,49.5,14.4
E00155981,11.4,22.8,34.1,31.7
E00155982,8.9,29.8,41.9,19.4
E00155983,12.6,43.3,33.1,11
E00155987,22.8,42.1,21.1,14
E00155988,32.8,44.8,17.6,4.8
E00155989,21.8,50.8,22.6,4.8
E00155990,34.1,41.3,21.4,3.2
E00155991,20.9,50.4,20.9,7.8
E00155992,13.8,34.5,36.2,15.5
E00156001,11.9,39.6,35.8,12.7
E00156003,7.1,44.4,34.9,13.6
E00156004,10.1,46,34.5,9.4
E00156005,9.2,41.8,36.6,12.4
E00156006,11.7,37.5,30,20.8
E00157124,3.7,25.7,35.3,35.3
E00157125,9.8,27.5,31.4,31.4
E00157126,12,40.7,24.1,23.1
E00157127,10,43.3,30,16.7
E00157128,9.7,38.2,38.2,13.9
E00157129,17.2,48.3,20,14.5
E00157130,3.3,33.9,38,24.8
E00157131,4.2,31.4,39.8,24.6
E00157132,4.6,25.2,39.7,30.5
E00157133,12.5,28.9,37.5,21.1
E00157134,4.6,33.3,39.8,22.2
E00157135,14,41.9,27.1,17.1
E00157136,9.2,30.1,42.3,18.4
E00157137,10.8,46.8,32.4,9.9
E00157138,3.6,30.9,43.6,21.8
E00157139,6.7,22.7,41.2,29.4
E00157141,10.9,26.1,43.5,19.6
E00157153,0.8,24.6,37.7,36.9
E00157154,18.2,35.4,25,21.4
E00157159,5,27,40,28
E00157160,0,32.2,41.7,26.1
E00157161,4.9,25.3,41.4,28.4
E00157162,0.7,18.4,41.4,39.5
E00157163,3.2,21.8,41.1,33.9
E00157164,14,46.6,27.5,11.9
E00157165,6.7,28.2,49,16.1
E00157166,9.2,29.6,35.9,25.4
E00157215,10.4,36.8,35,17.8
E00157216,15.9,36.4,31.8,15.9
E00157217,13.8,49.2,30.8,6.2
E00157221,9.4,48.6,25.4,16.7
E00157222,5,36.7,41.7,16.5
E00157223,15.3,51.9,21.4,11.5
E00157224,13.2,43.8,35.5,7.4
E00157225,28.4,32.1,30.3,9.2
E00160881,21,43.5,25,10.5
E00160882,15.5,49.6,23.3,11.6
E00160884,22.8,48,26.8,2.4
E00160885,11.9,44.4,35.7,7.9
E00160886,15.5,38.8,31,14.7
E00160887,20.1,47.5,25.2,7.2
E00160888,13.7,45.2,28.1,13
E00160889,15,40,35.8,9.2
E00160890,18.2,33.6,35,13.1
E00160891,18.6,39,28.8,13.6
E00160892,20.2,35.7,35.7,8.5
E00160893,23.5,53.9,19.6,2.9
E00160894,15.6,44,33,7.3
E00160895,40.7,39.3,15.3,4.7
E00160896,21.1,49.6,21.1,8.3
E00160897,13.1,45.9,27.9,13.1
E00160898,28.1,43,20.7,8.1
E00160899,25.2,33.1,31.5,10.2
E00160900,16,37.4,33.6,13
E00160901,14.3,42,34.5,9.2
E00160902,21.7,42.5,30.8,5
E00160903,40.5,44.6,13.5,1.4
E00160904,17.8,37,35.6,9.6
E00160905,14.3,48.2,30.4,7.1
E00160906,24.8,33.3,29.9,12
E00160907,17.3,45.3,30.2,7.2
E00160908,17.1,44.1,28.3,10.5
E00160909,15.1,50.4,25.9,8.6
E00160910,12.1,32.9,32.9,22.1
E00160911,35.1,40.5,16.2,8.1
E00160912,13.4,43.3,34.6,8.7
E00160913,9.6,40.9,38.3,11.3
E00160914,14.4,46.3,28.1,11.3
E00160915,24.4,44.7,22.8,8.1
E00160916,16,50,21.7,12.3
E00160917,16.7,55.6,23,4.8
E00160918,42.2,39.5,13.6,4.8
E00160919,22.1,45.8,24.4,7.6
E00160920,19.2,46.8,28.2,5.8
E00160921,40.3,43.1,12.8,3.8
E00160922,13.9,46.1,27,13
E00160923,17.1,35.9,29.9,17.1
E00160924,16.7,42.1,31.7,9.5
E00160925,14.1,49.2,21.9,14.8
E00160926,40.4,37.7,16.6,5.3
E00160928,8.4,47.3,28.2,16
E00160929,43.9,33.3,16.3,6.5
E00160930,48.5,34,12.4,5.2
E00160931,50.8,40.3,7.3,1.6
E00160932,17.6,47.8,19.1,15.4
E00160933,26,44.9,19.7,9.4
E00160934,21.1,44.5,28.9,5.5
E00160935,9.8,53.8,28.8,7.6
E00160936,21.7,51.4,18.8,8
E00160937,18.5,40.8,31.5,9.2
E00160938,29.6,53.9,16.5,0
E00160939,17.2,44,29.3,9.5
E00160940,14.8,47.7,32.8,4.7
E00160941,22,43.9,26,8.1
E00160942,15.1,42.1,35.7,7.1
E00160943,9.9,50.4,29.8,9.9
E00160944,10.8,38.3,28.3,22.5
E00160945,15.5,43.1,31,10.3
E00160946,23.9,45.1,23,8
E00160947,10.7,39.3,36.1,13.9
E00160948,26.1,41.7,24.3,7.8
E00160949,38.5,30.3,20.5,10.7
E00160950,15.4,34.3,38.9,11.4
E00160951,5.8,30.6,40.5,23.1
E00160952,41.9,42.7,12,3.4
E00160953,11.2,36,38.4,14.4
E00160954,16.6,37.1,32.5,13.9
E00160955,35.7,40,21.7,2.6
E00160956,12.6,39.5,34.5,13.4
E00160957,15.5,46.6,29.3,8.6
E00160958,20.3,43.9,25.2,10.6
E00160959,24.3,33.6,28.6,13.6
E00160960,13.6,43.2,32.2,11
E00160961,10.5,32.5,38.6,18.4
E00160962,20,49.6,23.2,7.2
E00160963,29.8,37.7,22.8,9.6
E00160964,20.8,37.6,32,9.6
E00160965,26.4,41.2,24.3,8.1
E00160966,15.2,36.8,33.6,14.4
E00160967,11.5,47.7,28.5,12.3
E00160968,8.7,35.7,40,15.7
E00160969,9.2,30.5,37.4,22.9
E00160970,12.3,36.9,41,9.8
E00160971,22.7,39.1,32,6.3
E00160972,17.8,46.7,27.1,8.4
E00160973,28.3,34.6,29.1,7.9
E00160974,23.6,30.9,34.1,11.4
E00160975,13.5,39.7,34.9,11.9
E00160976,19.7,34.6,37.8,7.9
E00160977,26.8,39,28.5,5.7
E00160978,21.7,51.7,20.8,5.8
E00160979,13.7,41,36.8,8.5
E00160980,14.9,38.8,38.8,7.5
E00160981,27.7,36.1,27.7,8.4
E00160982,7.2,54.4,33.6,4.8
E00160983,9.1,44.6,34.7,11.6
E00160984,12.1,48.5,31.8,7.6
E00160985,11.1,48.4,27.8,12.7
E00160986,12.2,48,35.8,4.1
E00160987,25.6,41.1,29.5,3.9
E00160988,31.1,40.3,22.7,5.9
E00160989,8.3,43,44.6,4.1
E00160990,15.1,42.9,37.8,4.2
E00160991,18.2,35,36.5,10.2
E00160992,9.6,40.4,37.5,12.5
E00160993,16.5,35.5,36.4,11.6
E00160994,23.2,36,30.4,10.4
E00160995,16.7,41.7,31.8,9.8
E00160996,20.5,37.9,34.1,7.6
E00160997,9.1,36.4,38,16.5
E00160998,8.5,36.4,33.3,21.7
E00160999,15.5,44.6,33.1,6.8
E00161000,26.1,34.8,27.8,11.3
E00161001,31.1,47.2,18.6,3.1
E00161003,40.8,42.7,15.9,0.6
E00161004,23.2,47.9,21.8,7
E00161005,19.7,41,31.1,8.2
E00161006,21.5,39.2,26.2,13.1
E00161007,13.8,34.5,33.6,18.1
E00161008,13.2,44.1,27.9,14.7
E00161009,30.6,40.3,24.2,4.8
E00161010,28.2,35.5,26.4,10
E00161011,24.2,48.3,18.3,9.2
E00161012,25.4,44.1,22,8.5
E00161013,23.1,43.3,25,8.7
E00161014,30.4,42.2,19.3,8.1
E00161015,27.4,45.2,18.5,8.9
E00161017,17.8,37.8,26.7,17.8
E00161018,17.5,42.1,30.2,10.3
E00161019,29.9,35.4,25.2,9.5
E00161020,42.5,35.1,17.9,4.5
E00161021,23.9,38.9,28.3,8.8
E00161022,10.9,32.7,37.6,18.8
E00161023,9.5,47.4,35.3,7.8
E00161024,28.8,48.3,17.8,5.1
E00161025,16.5,40.7,34.1,8.8
E00161026,19.5,38.1,26.5,15.9
E00161027,25,41.7,28.2,5.1
E00161028,10.6,45.1,35.4,8.8
E00161029,22.6,50,16,11.3
E00161030,23.3,45.9,23.9,6.9
E00161031,10.7,53.4,31.3,4.6
E00161032,3.3,43.1,38.2,15.4
E00161033,4.2,38.7,40.3,16.8
E00161034,5.9,32.4,49.3,12.5
E00161035,10,40.8,40.8,8.5
E00161036,3.9,38.8,43.4,14
E00161037,4.8,43.2,35.2,16.8
E00161038,7.4,47.4,33.3,11.9
E00161039,21.9,54.1,16.4,7.5
E00161040,7.3,38.7,40.3,13.7
E00161041,7.9,38.6,38.6,14.9
E00161043,16.3,53.5,25.6,4.7
E00161044,6.6,43,42.4,7.9
E00161045,32.1,41,18.7,8.2
E00161046,4.8,34.9,42.1,18.3
E00161047,3.4,23.7,53.4,19.5
E00161048,1.5,33.3,45.5,19.7
E00161049,11.9,48.3,33.8,6
E00161050,7.6,31.1,44.5,16.8
E00161051,2.9,44.1,39.2,13.7
E00161052,20.7,53.7,25.6,0
E00161053,6.2,42.6,36.4,14.7
E00161054,9.3,33.9,39,17.8
E00161055,10.7,50.8,31.1,7.4
E00161056,0.8,35.3,42,21.8
E00161057,7.1,49.6,35.4,7.9
E00161058,32.5,40.7,22,4.9
E00161059,38.6,46.2,12.1,3.1
E00161060,15.8,48.2,25.4,10.5
E00161062,18.8,42.9,25.6,12.8
E00161063,33.8,40,17.9,8.3
E00161064,19.9,45.2,26.7,8.2
E00161065,19.5,39,32.5,8.9
E00161066,25,40,24.2,10.8
E00161067,33.9,33.9,23.6,8.7
E00161068,35.3,40.6,19.5,4.5
E00161069,29.2,35,29.2,6.7
E00161070,25,43.9,25,6.1
E00161071,30,35,24.4,10.6
E00161072,23,46,22.2,8.7
E00161074,6.5,41.1,36.3,16.1
E00161075,11.5,50.4,35.4,2.7
E00161076,28,43.3,25.3,3.3
E00161077,25.2,40.5,34.2,0
E00161078,13.9,44.3,31.1,10.7
E00161079,7.7,40.4,39.4,12.5
E00161080,9.4,47.9,31.6,11.1
E00161082,7.6,22.9,39.8,29.7
E00161083,9.8,36.6,35,18.7
E00161084,4.6,47.7,40.4,7.3
E00161085,8.3,38.9,39.8,13
E00161086,18.3,44,28.4,9.2
E00161087,9.4,32.3,44.1,14.2
E00161088,17.8,28.7,40.6,12.9
E00161089,42.6,44.1,12.5,0.7
E00161090,23,24.6,33.6,18.9
E00161091,7,44.7,34.2,14
E00161092,12.6,41.2,32.8,13.4
E00161093,10.6,44.2,33.7,11.5
E00161094,20.5,33.3,38.5,7.7
E00161095,7.1,40.5,32.5,19.8
E00161096,2.5,33.6,42.9,21
E00161097,6.6,40.5,37.2,15.7
E00161098,12.3,46.9,33.1,7.7
E00161099,4.8,32.9,38.4,24
E00161100,18.8,47.6,26.5,7.1
E00161101,3.3,34.4,51.6,10.7
E00161102,15.3,47.6,22.6,14.5
E00161103,13.2,44.2,27.1,15.5
E00161104,26.3,43.6,23.3,6.8
E00161106,29.8,35.5,23.1,11.6
E00161107,5,39.2,35,20.8
E00161108,4.9,29.4,42.2,23.5
E00161109,16.1,50,21.4,12.5
E00161110,23.4,46.7,22.4,7.5
E00161111,25.6,35.6,25.6,13.3
E00161112,17.9,45.5,24.4,12.2
E00161114,6.5,43.1,40.7,9.8
E00161115,5,38,43.8,13.2
E00161116,3.3,44.6,35.5,16.5
E00161117,8.2,48.4,29.5,13.9
E00161118,4.5,27.7,52.7,15.2
E00161119,7.1,35.7,43.9,13.3
E00161120,8.1,45,33.3,13.5
E00161121,18.3,47.2,28.9,5.6
E00161122,28.7,42.6,22.8,5.9
E00161123,46.3,28.9,17.4,7.4
E00161124,28.7,45,19.4,7
E00161125,26.5,40.4,23.5,9.6
E00161127,26.2,50.8,20.6,2.4
E00161128,24.6,49.1,23.7,2.6
E00161129,22.8,49.6,23.6,4.1
E00161130,40.2,31.1,23.9,4.8
E00161131,29.5,42.9,20,7.6
E00161133,26.6,46.8,19.1,7.4
E00161134,6.8,38.6,36.4,18.2
E00161135,27.8,34.9,27.8,9.5
E00161136,6.3,44.3,36.7,12.7
E00161137,36.6,44.8,15.7,3
E00161138,32.8,38.3,25,3.9
E00161139,21.8,44.4,24.2,9.7
E00161140,42.6,43.2,12.8,1.4
E00161141,14.3,51.1,23.3,11.3
E00161142,11.9,29.4,45.2,13.5
E00161143,15.3,39.6,32.4,12.6
E00161144,10.8,38.2,40.2,10.8
E00161145,24,52.9,14.4,8.7
E00161146,25.2,42,22.1,10.7
E00161147,36.8,47.2,12.9,3.1
E00161148,18.1,47.8,20.3,13.8
E00161149,13.8,50.8,26.9,8.5
E00161150,19.7,51.1,22.6,6.6
E00161151,28.4,44.7,21.3,5.7
E00161152,29.2,49.8,15.8,5.3
E00161155,9.2,43.6,33.1,14.1
E00161156,14.8,43.8,28.6,12.9
E00161157,18,45,30.6,6.3
E00161158,9.6,49.6,26.4,14.4
E00161159,15.1,50.8,26.2,7.9
E00161160,32.1,45,17.1,5.7
E00161161,29.9,43.9,21,5.1
E00161162,18,46.6,28.6,6.8
E00161163,12.1,46,35.5,6.5
E00161164,21.3,46.5,24.4,7.9
E00161165,13.5,55.6,26.2,4.8
E00161166,44.3,34.4,13.9,7.4
E00161167,27.6,38.2,26,8.1
E00161168,19.8,32.1,38.7,9.4
E00161169,32.2,37.3,26.3,4.2
E00161170,21,44.4,29,5.6
E00161171,16.8,42.5,31,9.7
E00161172,27.4,33.9,28.2,10.5
E00161173,17.7,35.4,33.8,13.1
E00161174,14.1,46.9,31.3,7.8
E00161175,19.6,48.2,24.1,8
E00161176,19,33.6,33.6,13.8
E00161177,14.6,43.1,24.4,17.9
E00161178,9.6,39.1,35.7,15.7
E00161179,19.8,38.7,33,8.5
E00161180,17.5,47.4,22.8,12.3
E00161181,21.2,40.7,27.1,11
E00161182,23.8,35.7,25,15.5
E00161183,31,50.4,14.2,4.4
E00161184,15.9,51.3,23.9,8.8
E00161185,21.2,46,22.1,10.6
E00161186,20.2,36.4,27.1,16.3
E00161187,17.1,32.2,33.6,17.1
E00161188,47.5,37,13.2,2.3
E00161189,21.5,40.3,27.8,10.4
E00161190,13.7,36.3,37.1,12.9
E00161191,36.7,49.5,11,2.8
E00161192,28.5,38.5,23.8,9.2
E00161193,17.6,40.5,27,14.9
E00161194,48,36.8,12.8,2.4
E00161195,32.1,43.5,20.2,4.2
E00161196,36.2,39.4,20.5,3.9
E00161198,18.2,43.2,32.6,6.1
E00161199,25.4,36.9,22.3,15.4
E00161200,17.2,39.7,32.8,10.3
E00161201,35.2,41.6,16,7.2
E00161202,17.3,50.4,25.6,6.8
E00161312,2,27.9,47.6,22.4
E00161313,7.2,24.7,30.9,37.1
E00161314,7.2,30.7,38.6,23.5
E00161315,5.9,20.6,41.2,32.4
E00161316,10.7,53.7,22.3,13.2
E00161317,0.7,39.2,41.3,18.9
E00161320,3,36.6,37.8,22.6
E00161321,3.8,28.5,43.1,24.6
E00161322,2.5,24,41.3,32.2
E00161323,2.6,32.9,36.8,27.7
E00161324,5.2,27.6,50,17.2
E00161325,13.9,34.4,36.9,14.8
E00161326,3.8,30.3,47,18.9
E00161327,8.9,49.6,28.5,13
E00161328,23.7,49.6,22.1,4.6
E00161330,18.5,42.6,25.3,13.6
E00161331,26.8,53,15.2,4.9
E00161332,21,41.3,26.1,11.6
E00161333,17.8,55,20.2,7
E00161334,16,51.2,26.4,6.4
E00161335,7.4,50.9,30.6,11.1
E00161336,34.1,42,17.6,6.3
E00161338,6,37.3,41.8,14.9
E00161339,28.1,56.6,11.9,3.4
E00161340,12.2,43.1,30.1,14.6
E00161341,24.8,37.6,27.1,10.5
E00161342,8,49.3,37.7,5.1
E00161343,7.5,26.3,49.6,16.5
E00161344,36.8,45.4,12.5,5.3
E00161345,43.5,46.2,10.2,0
E00161346,7.1,39.3,42.9,10.7
E00161347,5.3,34.8,43.9,15.9
E00161349,3.5,33.3,49.1,14
E00161350,7.3,38.5,39.4,14.7
E00161351,5.1,41.5,35.6,17.8
E00161352,4.2,28,49.2,18.6
E00161354,16,39.3,32.5,12.3
E00161355,7.4,34.7,49.6,8.3
E00161357,31.2,49.4,18.2,1.3
E00161358,9.6,43,32.6,14.8
E00161376,6.6,32,47.5,13.9
E00161377,2.6,29.6,42.1,25.7
E00161378,8.9,50.3,33.5,7.3
E00161379,4.1,19,45.5,31.4
E00161380,7.3,44.5,36.4,11.8
E00161381,8.6,41.4,37.5,12.5
E00161382,7.5,51.9,28.3,12.3
E00161383,4.1,35,39,22
E00161384,5.1,42.7,41,11.1
E00161385,20.5,51.8,24.1,3.6
E00161386,6.4,31.4,47.9,14.3
E00161387,24.1,42,24.1,9.8
E00161388,8.9,43.7,37.1,10.3
E00161389,11.9,46.9,30.5,10.6
E00161390,5.6,37.1,42.7,14.5
E00161391,3.5,29.6,45.2,21.7
E00161392,5.4,37.6,45,12.1
E00161393,9.6,43.7,32.6,14.1
E00161394,8.7,34.1,39.9,17.4
E00161395,13.7,53.4,25.2,7.6
E00161396,20,66.2,11.5,2.3
E00161398,5,40.8,43.3,10.8
E00161399,9.2,43.1,36.7,11
E00161400,3.7,27.9,46.3,22.1
E00161401,36,42,20,2
E00161402,5.8,34,43.7,16.5
E00161403,1.1,27.8,50,21.1
E00161404,0,34.6,50,15.4
E00161405,0,36.6,39.3,24.1
E00161406,25.7,31.8,31.1,11.5
E00161409,10.9,51.2,31,7
E00161410,10.1,32.3,38.4,19.2
E00161411,51.7,31.7,14.2,2.5
E00161412,16.1,40.3,31.5,12.1
E00161413,20.9,53.2,22.3,3.6
E00161414,25.6,48.7,21.2,4.5
E00161415,10.6,41.8,34.1,13.5
E00161416,20,44,28.8,7.2
E00161417,15,56.9,23.5,4.6
E00161418,13.9,30.3,45.9,9.8
E00161419,11.1,38,43.5,7.4
E00161420,20.3,55.9,16.9,6.8
E00161422,9.3,53.3,31.3,6
E00161423,6,41.4,36.2,16.4
E00161424,11.7,53.3,24.2,10.8
E00161425,27.3,38.8,28.1,5.8
E00161426,9.6,63.1,19.1,8.3
E00161427,21.2,54,21.2,3.5
E00161429,27.5,52.7,15.3,4.6
E00161430,29.1,53.6,15.2,2
E00161431,8.7,50.7,33.3,7.2
E00161432,21.8,40.3,30.3,7.6
E00161433,32.8,41.6,20.8,4.8
E00161434,8,38.9,43.4,9.7
E00161435,18.8,45.1,29.2,6.9
E00161436,17.5,42.7,30.8,9.1
E00161446,5.9,30.8,38.5,24.9
E00161447,3.3,37.1,43,16.6
E00161448,17.8,48,29.6,4.6
E00161452,2.2,25.9,48.9,23
E00161453,3.7,19.1,38.2,39
E00161454,3.5,30.1,44.5,22
E00161455,10,30,46.4,13.6
E00161456,4.5,22.3,47.1,26.1
E00161457,4.3,26.6,38.8,30.2
E00161458,5.7,25.2,44.7,24.5
E00161459,12.4,41.6,26.5,19.5
E00161460,0.9,23.2,45.5,30.4
E00161480,9.3,38.7,42,10
E00161481,0.8,38.8,45,15.5
E00161482,5.2,34.8,40,20
E00161483,10.2,48.4,32.8,8.6
E00161484,11.4,50,31.1,7.6
E00161485,13.7,38.7,37.9,9.7
E00161486,5.4,34.9,44.2,15.5
E00161487,18.6,51.9,18.6,10.9
E00161488,6.1,33.3,49.2,11.4
E00161489,3.2,32.8,48,16
E00161490,14.8,48.4,27.3,9.4
E00161491,10.3,32.5,49.2,7.9
E00161492,10.5,36.4,36.4,16.8
E00161493,34.4,36.7,22.7,6.3
E00161494,9.2,39.7,37.4,13.7
E00161495,15.9,49.2,22,12.9
E00161496,22.6,48.4,23.9,5
E00161497,16.4,42.8,27.6,13.2
E00161498,18.7,38.8,33.6,9
E00161499,33.9,37.8,20.5,7.9
E00161501,33.7,52.5,11,2.8
E00161502,12.5,42.2,34.4,10.9
E00161503,18,58.2,20.5,3.3
E00161504,19.5,51.5,22.5,6.5
E00161505,32.6,54.3,9.4,3.6
E00161506,8.7,42.1,29.4,19.8
E00161507,44.6,50.9,4.5,0
E00161508,6.3,39.1,46.1,8.6
E00161509,18.1,38.1,35.2,8.6
E00161510,17.5,51.3,23.1,8.1
E00161511,23,44.6,27.7,4.7
E00161512,4.3,43.6,40.2,12
E00161513,0.7,36.1,47.9,15.3
E00161514,15,37.1,37.1,10.7
E00161515,5.2,43,35.6,16.3
E00161516,30.5,46.9,18,4.7
E00161517,8.5,44.4,35.9,11.1
E00161518,6.8,28.8,49.2,15.3
E00161519,49.6,39.2,10.4,0.8
E00161520,39.2,46.9,10.8,3.1
E00161521,9,40.7,37.2,13.1
E00161532,0.8,22.6,41.9,34.7
E00161534,0.8,21.5,35.4,42.3
E00161535,6.3,27.8,42.9,23
E00161536,4.4,24.1,40.9,30.7
E00161537,5,28.4,35.5,31.2
E00161539,0.8,37.3,44.1,17.8
E00161540,4.3,32.6,38.3,24.8
E00161542,8.9,35,43.9,12.2
E00161543,3.4,32.2,44.6,19.8
E00161544,0,26.4,48.1,25.5
E00161547,11.1,35.2,37,16.7
E00161550,5.4,29.2,34.6,30.8
E00161551,3,31.8,34.1,31.1
E00161553,3.7,21.4,48.7,26.2
E00161554,4.1,13,55.3,27.6
E00161555,10.7,37.6,34.8,16.9
E00161556,10.2,42.2,37.5,10.2
E00161557,9.8,38.2,40.7,11.4
E00161559,3.8,36.6,48.1,11.5
E00161560,6.7,31.9,43.7,17.6
E00161561,9.3,42.6,35.2,13
E00161562,8.1,25.2,49.6,17.1
E00161563,5.9,19.1,47.4,27.6
E00161565,6.7,46.6,34.5,12.2
E00161587,36.8,40.4,14.7,8.1
E00161588,13.2,51.2,30.6,5
E00161589,14.3,55.7,23.6,6.4
E00161590,13,50,32.6,4.3
E00161591,18.3,46,27,8.7
E00161592,27.4,41.1,21.8,9.7
E00161593,14.3,46.8,30.2,8.7
E00161594,4.9,16.3,51.2,27.6
E00161595,8.1,49.2,34.7,8.1
E00161596,16.4,62.7,19.4,1.5
E00161597,14.5,39.7,32.1,13.7
E00161598,12.7,39.7,36.5,11.1
E00161600,9.8,39,39.8,11.4
E00161601,9.2,40,38.5,12.3
E00161602,33.1,38.8,18,10.1
E00161603,21.1,34.2,37.7,7
E00161604,31.9,33.6,21.6,12.9
E00161605,10.1,44.9,31.2,13.8
E00161606,8.1,52.8,27.6,11.4
E00161607,4.7,41.7,32.3,21.3
E00161608,15.7,37,32.4,14.8
E00161609,8.6,45,35.7,10.7
E00161611,8.7,50.3,28.9,12.1
E00161612,6.7,38.7,41.3,13.3
E00161613,8.8,47.4,29.2,14.6
E00161614,2.7,29,41,27.3
E00161615,6.5,43.9,36.7,12.9
E00161616,19.9,46.4,25.8,7.9
E00161617,9.8,40.9,35.6,13.6
E00161618,8.7,48.3,26.8,16.1
E00161619,7.3,36.7,35.8,20.2
E00161620,7.8,37.2,39,16
E00161622,7.3,42,39,11.7
E00161633,11.6,32.2,33.1,23.1
E00161634,4,21.4,39.7,34.9
E00161635,2.9,35.7,41.4,20
E00161636,4.5,24.8,30.8,39.8
E00161637,5.1,30.8,36.8,27.4
E00161638,5.5,40.4,33.9,20.2
E00161639,0,24.6,36.8,38.6
E00161640,0.8,32.5,45,21.7
E00161641,0,38.3,42.2,19.5
E00161642,6.4,38.5,43.6,11.5
E00161643,5.8,46.8,33.8,13.6
E00161644,3.7,36.8,45.6,14
E00161645,11.4,43.6,37.1,7.9
E00161646,4.3,47.8,38,9.8
E00161647,4.5,27.7,49.1,18.8
E00161648,2.6,27.4,47,23.1
E00161650,5.9,47.4,37.8,8.9
E00161651,1.7,35,44.4,18.8
E00161652,9,46.5,37.5,6.9
E00161653,9.6,31.7,35.6,23.1
E00161654,15,44.1,30.7,10.2
E00161655,20,47.7,23.9,8.4
E00161670,20.3,43.4,28,8.4
E00161671,15.5,43.4,33.3,7.8
E00161672,36,37.2,19.5,7.3
E00161673,37.4,42.3,17.9,2.4
E00161674,19.6,46.9,28,5.6
E00161675,9.5,39.7,37.3,13.5
E00161676,17.6,45.8,30.3,6.3
E00161677,15.3,40.3,36.3,8.1
E00161678,9.2,35.3,41.2,14.3
E00161679,6.7,37.8,38.7,16.8
E00161680,6.2,41.1,40.3,12.4
E00161681,17.6,41.2,29.4,11.8
E00161682,13.8,46.3,26,13.8
E00161683,18.5,48.8,24.7,8
E00161684,9.5,34.3,45.3,10.9
E00161690,17.9,44,28.4,9.7
E00161702,8.7,33.1,42.5,15.7
E00161703,10,39.3,32.7,18
E00161704,8,45.7,29.7,16.7
E00161705,22.8,39,27.6,10.6
E00161706,26.7,38.8,28.4,6
E00161707,13,45.5,26.8,14.6
E00161708,16.2,46.9,28.5,8.5
E00161709,14.3,43.7,31,11.1
E00161710,13,38.2,33.6,15.3
E00161714,18.2,54.1,20.3,7.4
E00161716,19.6,37,27.2,16.3
E00161717,16.7,41.3,21.4,20.6
E00161721,8,48.2,33.9,9.8
E00161722,30.2,50,16.7,3.2
E00161723,16.7,38.6,33.3,11.4
E00161724,11.3,54.3,24.5,9.9
E00161732,5.7,22,47.8,24.5
E00161733,4,30.5,46.4,19.2
E00161734,8.5,34.9,43.4,13.2
E00161735,12.4,35.5,34.7,17.4
E00161736,11.3,28.2,37.9,22.6
E00161737,15.3,28.5,30.7,25.5
E00161738,0.8,34.6,36.8,27.8
E00161739,4.4,27.4,52.2,15.9
E00161740,6.5,43.8,36.7,13
E00161741,3.6,35.7,36.3,24.4
E00161742,3.8,23.9,54.1,18.2
E00161743,17.8,40.3,26.4,15.5
E00161744,5.7,22.7,43.3,28.4
E00161745,7.2,39.5,38.2,15.1
E00161746,17.2,64.5,16.1,2.2
E00161747,5.8,39.1,35.5,19.6
E00161748,17.7,53.6,18.8,9.9
E00161749,10.2,38.1,40.8,10.9
E00161750,8.3,40,40.8,10.8
E00161751,3.3,36.3,40.7,19.8
E00161752,5.5,39.4,38.5,16.5
E00161753,18,37.9,31.3,12.8
E00161754,5.3,22.8,38.6,33.3
E00161755,6.9,39.6,37.5,16
E00161756,6.1,18.3,33,42.6
E00161757,4.2,25,47.5,23.3
E00161758,3.7,33,45.9,17.4
E00161759,5.4,34.9,40.3,19.4
E00161760,7.1,30.2,46.8,15.9
E00161761,2.5,32,45.1,20.5
E00161762,6.7,39.6,43.6,10.1
E00161763,10.7,38.8,33.9,16.5
E00161764,6.6,16.5,39.6,37.4
E00161765,0,26,51,23
E00161766,6.3,33.1,38.7,21.8
E00161767,2.1,24.7,43.8,29.5
E00161768,9.4,35.2,37.5,18
E00161769,3.8,32.5,44.4,19.4
E00161770,6.1,47,34.8,12.1
E00161771,4.6,42.8,40.1,12.5
E00161772,5.5,26.2,40,28.3
E00161773,7.4,51.2,32.2,9.1
E00161774,8.6,54,30.2,7.2
E00161775,5.9,43.4,38.2,12.5
E00161776,3.1,39.5,42.6,14.7
E00161777,6.6,35.8,41.6,16.1
E00161778,22.2,41.5,29.6,6.7
E00161779,19.8,44.3,24.4,11.5
E00161780,6,54.7,27.4,11.9
E00161781,5.3,31.3,44,19.3
E00161782,4.2,29.7,37,29.1
E00161784,0,40.7,38.1,21.2
E00161785,0.8,16.9,47.6,34.7
E00161789,9.8,37.2,35.4,17.7
E00161790,20,44.6,30,5.4
E00161792,30.4,42.8,19.6,7.2
E00161793,8.6,38.3,38.3,14.8
E00161800,28.2,43.5,22.9,5.3
E00161803,6.4,32.8,47.2,13.6
E00161804,7.8,35.9,36.7,19.5
E00161805,9.2,41.1,37.6,12.1
E00161806,14.1,48.9,26.7,10.4
E00161807,5.3,39.8,41.6,13.3
E00161808,5.6,28.6,46,19.8
E00161809,6.6,42.6,36.1,14.8
E00161810,13.5,37.3,40.5,8.7
E00161811,14.2,44.9,26.8,14.2
E00161812,12.2,40.9,33,13.9
E00161813,11.8,39.1,36.4,12.7
E00161814,14.5,47.6,31.5,6.5
E00161815,24.4,48.9,23.7,3.1
E00161816,11.3,43.5,33.9,11.3
E00161817,15.4,47.2,29.3,8.1
E00161818,5.6,25.8,41.1,27.4
E00161820,3.3,40.2,41,15.6
E00161821,5.6,29.4,44.8,20.3
E00161822,10.6,42.3,38.7,8.5
E00161823,6.6,37.7,44.3,11.3
E00161824,13.3,36.1,38.3,12.2
E00161826,9,29.7,42.8,18.6
E00161827,3.8,49.6,34.6,12
E00161828,7.1,37.2,31,24.8
E00161829,4.5,43.3,36.6,15.7
E00161830,5.2,35.1,44.8,14.9
E00161831,8.4,30.1,31.3,30.1
E00161832,6.7,46.7,37.2,9.4
E00161834,5,40.3,37,17.6
E00161835,14.2,44.1,26.8,15
E00161836,10.9,36,32.6,20.6
E00161837,7.9,37.1,36.4,18.6
E00161838,12.3,46.5,31.6,9.6
E00161839,10.1,38,36.4,15.5
E00161840,9.5,40.7,35.3,14.5
E00161841,3.7,44,38.1,14.2
E00161842,11.3,28.2,38.7,21.8
E00161843,7.2,38.4,36.8,17.6
E00161844,9.4,37.6,38.5,14.5
E00161845,5,40.3,41.2,13.4
E00161846,44.6,32.2,15.8,7.3
E00161847,25.6,46.7,23.9,3.9
E00161848,17.4,39.9,33.3,9.4
E00161849,19.7,48.2,25.4,6.7
E00161851,5,36.9,40.6,17.5
E00161852,44.6,39.4,14.5,1.6
E00161853,35.8,49.1,14.5,0.6
E00161856,38.5,44.6,16.9,0
E00161857,31.4,43.8,18.1,6.7
E00161858,12.9,53.1,25.2,8.8
E00161859,22.1,41.2,26.5,10.3
E00161887,18.7,51.6,21.9,7.7
E00161888,10.1,42,39.5,8.4
E00161889,16.2,44.8,30.5,8.4
E00161890,15.2,45.6,30.4,8.8
E00161891,14.1,53.5,23.5,8.8
E00161892,11,44.9,30.9,13.2
E00161893,19.1,44.3,27,9.6
E00161894,25.4,52.9,16.7,5.1
E00161895,10.8,43.3,34.2,11.7
E00161896,23,46.7,26.3,3.9
E00161897,4.3,49.6,35.9,10.3
E00161898,13,45,32.1,9.9
E00161899,11.7,50.8,27.5,10
E00161900,21.2,60.9,11.7,6.1
E00161901,9.2,47.7,33.1,10
E00161902,20.3,52.8,20.3,6.5
E00161903,17.1,48.6,28.1,6.2
E00161904,6.3,50.8,31.7,11.1
E00161905,12,59.2,22.3,6.5
E00161906,22,47.2,23.6,7.1
E00161907,30.4,39.9,23.2,6.5
E00161908,19,51,23.5,6.5
E00161909,12.1,44.4,35.5,8.1
E00161910,24.9,45.6,22.5,7.1
E00161913,15.1,47.5,27.3,10.1
E00161914,11.1,46.4,31.4,11.1
E00161915,10.2,54.7,28.9,6.3
E00161916,23.5,47.8,19.9,8.8
E00161917,19.5,45.6,25.5,9.4
E00161918,27.3,54,15.8,2.9
E00161919,12.2,46.8,29.5,11.5
E00161920,28,38.1,27.1,6.8
E00161921,15,42.1,30.8,12
E00161922,6.6,41.6,40.1,11.7
E00161923,5.2,40,42.2,12.6
E00161924,9.9,51.2,28.4,10.5
E00161925,3.1,29.7,50.8,16.4
E00161926,30.4,50.4,15.2,4
E00161927,24.3,42.6,21.6,11.5
E00161928,2.8,29.1,41.8,26.2
E00161930,6,40.8,37.3,15.9
E00161932,16.4,50.7,24.3,8.6
E00161933,13.9,54.1,27,4.9
E00161934,14.3,44.3,22.9,18.6
E00161935,2.8,23.9,52.1,21.1
E00161936,10,45,35,10
E00161937,0,43.6,43.6,12.8
E00161938,16.7,53.6,25.8,3.8
E00161939,12.7,52.9,25.5,8.8
E00161940,2,36.9,47.7,13.4
E00161941,15.4,50.4,27.4,6.8
E00161942,16,43.2,29.6,11.2
E00161943,26.4,50.3,20.8,2.5
E00161944,13.3,63.8,20.2,2.7
E00161945,29,58.1,12.9,0
E00161946,27,49.2,20.6,3.2
E00161947,31.7,60.3,7.1,0.8
E00161949,40.2,52,7.9,0
E00161950,42.6,46.9,10,0.5
E00161951,45.3,45.3,8.1,1.2
E00161952,2.5,35.5,47.1,14.9
E00161953,8.7,39.1,39.1,13
E00161954,23.4,54.8,15.3,6.5
E00161955,6.1,44.7,37.1,12.1
E00161957,9.7,46.4,34.8,9.2
E00161958,36.3,43.2,19.2,1.4
E00161960,23.3,65,11.7,0
E00161961,14.9,58.6,21.3,5.2
E00161962,1.5,39.8,48.1,10.5
E00161963,5.7,43.1,35.8,15.4
E00161964,31.8,50.8,15.2,2.3
E00161965,12,49.3,31.3,7.3
E00161966,18,39.6,26.1,16.2
E00161967,4.7,23.6,48.8,22.8
E00161968,5,37.8,39.5,17.6
E00161969,4.3,36.8,41,17.9
E00161970,1.1,18.9,52.2,27.8
E00161971,0,23.9,50,26.1
E00161972,10.4,43.1,34,12.5
E00161973,6.1,29.5,48.5,15.9
E00161974,3.7,26.8,35.4,34.1
E00161975,8.1,38.5,37.3,16.1
E00161976,2.4,35.7,32.1,29.8
E00161977,4,34,41.3,20.7
E00161978,4.5,25.2,43.9,26.5
E00161979,5.1,29.9,34.3,30.7
E00161980,8.1,26.4,41.2,24.3
E00161981,9.7,26.9,42.8,20.7
E00161982,1,32,44,23
E00162006,14.9,44.8,35.1,5.2
E00162007,7.9,46.5,33.9,11.8
E00162008,4,29.4,50.8,15.9
E00162009,15.7,54.3,26.8,3.1
E00162010,18.9,48.2,22.6,10.4
E00162011,20.2,60.5,17.1,2.3
E00162012,4.6,51.1,35.1,9.2
E00162013,5.1,45.2,41.4,8.3
E00162014,9.2,46.8,33.3,10.6
E00162015,2.2,40.4,44.1,13.2
E00162016,20.4,40.8,33,5.8
E00162017,6.5,48.4,36.3,8.9
E00162018,15.8,48.1,21.8,14.3
E00162019,8.8,63.2,24,4
E00162020,13.5,54.8,27,4.8
E00162021,16.1,50.8,23.4,9.7
E00162022,12.1,53,28.8,6
E00162023,8,42.8,39.9,9.4
E00162024,18.9,45.9,26.2,9
E00162025,3.8,31.6,50.4,14.3
E00162027,5.7,37.7,45.3,11.3
E00162028,5.4,49.5,37.1,8.1
E00167689,31.8,52.1,15.2,0.9
E00167691,29.2,60.5,8.6,1.6
E00167692,32.6,52.8,12.9,1.7
E00167693,31.9,37.9,20.7,9.5
E00167694,9.6,36.2,34,20.2
E00167695,32.2,51.7,12.7,3.4
E00167696,6.9,35.3,48,9.8
E00167697,31.3,41.2,16.8,10.7
E00167698,12.8,51.3,27.4,8.5
E00167699,32.1,58.7,5.5,3.7
E00167700,8.2,30.9,41.2,19.6
E00167701,6.8,47.6,32,13.6
E00167702,5.7,35.2,38.1,21
E00167703,12.6,46.2,34.3,7
E00167704,14.1,47.5,34.3,4
E00167705,14.1,37,31.5,17.4
E00167706,4.1,34,45.4,16.5
E00167707,22.4,44.2,27.6,5.8
E00167708,10.4,38.2,36.8,14.6
E00167711,7.6,46.7,35.9,9.8
E00167713,23.1,43.4,18.9,14.7
E00167714,31.8,49.3,15.5,3.4
E00167715,28.3,48.3,18.3,5
E00167717,6.6,32.8,35.8,24.8
E00167728,12,52.6,29.2,6.2
E00167730,12.8,56.1,24.4,6.7
E00167731,4.5,51.9,34.6,9
E00167732,2.7,57.3,32,8
E00167733,6.1,48.5,36.4,9.1
E00167734,4.6,59,32.9,3.5
E00167735,5.9,33.2,44.4,16.6
E00167736,7.8,43.5,37.7,11
E00167737,6.4,35.2,41.6,16.8
E00167738,6.7,24.4,38.9,30
E00167739,1.4,27.8,45.8,25
E00167740,6.5,51.6,33.3,8.6
E00167741,13.4,54.4,26.2,6
E00167742,14.8,59.3,19.8,6.2
E00181204,3.7,46.6,44.8,4.9
E00181267,6.3,27.6,38.6,27.6
E00188555,8.3,45.1,38.3,8.3
E00188561,31.5,55.5,12.3,0.7
E00188562,10.7,50.4,32.2,6.6
E00188563,12,42.6,37,8.3
E00188564,7.4,43.8,40.5,8.3
E00188569,15.9,50,25,9.1
E00188570,4.1,45.9,39.3,10.7
E00188574,3.9,24.8,39.5,31.8
E00188575,40.6,48.3,7.7,3.5
E00188576,23,54,21.2,1.8
E00188581,7.9,38.1,38.1,15.9
E00188583,16.7,50,25.3,8
E00188585,5.6,35.7,48.4,10.3
E00188586,18.5,48.7,27.7,5
E00188590,5.2,41,34.3,19.4
E00188593,4.9,34.7,44.4,16
E00188594,63.5,30.6,5.9,0
E00188597,18.6,66.2,11.7,3.4
E00188600,29.2,51.7,15.7,3.4
E00188602,20.7,47.7,26.1,5.4
E00188607,6.5,34.1,47.2,12.2
E00188608,4.8,34.7,50,10.5
E00188609,33.9,50,14.4,1.7
E00188612,3.9,36.2,48,11.8
E00188613,19.8,57.7,18.9,3.6
E00188614,12.8,49.6,34.4,3.2
E00188615,30.8,50.4,14.5,4.3
E00188616,5.7,20.8,36.8,36.8
E00188619,24.5,42.6,25.5,7.4
E00188620,42.5,41.5,15.1,0.9
E00188621,19.5,55.1,22,3.4
E00188625,32.7,54.8,11.5,1
E00188626,22.1,45.4,26.4,6.1
E00188628,29.8,41.9,25.8,2.4
E00188634,4.9,52,36.6,6.5
E00188635,22.1,59.5,14.7,3.7
E00188636,15.1,53.8,27.4,3.8
E00188638,43.7,44.4,11.9,0
E00188641,7.3,30.9,41.5,20.3
E00188642,36.1,47.5,15.6,0.8
E00188643,0,40.4,53.2,6.4
E00188647,8.2,42.6,36.1,13.1
E00188649,50.4,38.4,9.6,1.6
E00188650,28.5,55.6,13.9,2.1
E00188652,7.4,50.4,34.7,7.4
E00188653,6.8,40.9,44.7,7.6
E00188654,59.2,25.4,9.9,5.6
E00188655,14.1,52.5,28.3,5.1
E00188657,30.4,39.1,20,10.4
E00188660,22.6,43.6,22.6,11.3
E00188665,4,56.3,34.1,5.6
E00188666,3.3,46.3,39.7,10.7
E00188669,3.8,50.4,35.3,10.5
E00188670,2.4,38.9,51.6,7.1
E00188672,37.4,43.1,13,6.5
E00188673,27,50.8,21.4,0.8
E00188675,6.6,52.9,37.2,3.3
E00188676,11.9,50,28.4,9.7
E00188679,4.5,27.3,48.7,19.5
E00188681,7.5,48.3,40,4.2
E00188682,5.6,34,40.3,20.1
E00188683,6.5,41.1,43.5,8.9
E00188686,18.9,43.2,25.7,12.2
E00188687,5,39.2,48.3,7.5
E00188688,23.8,54.6,19.2,2.3
E00188689,5.1,35.6,44.9,14.4
E00188691,24.8,47.7,23.9,3.7
E00188694,22.6,58.1,17.4,1.9
E00188696,36.1,45.1,13.1,5.7
E00188697,3.3,30,31.7,35
E00188699,2.5,40.2,47.5,9.8
E00188700,6.2,60.5,31,2.3
E00188701,7.9,29.4,51.6,11.1
E00188702,55.7,35,8.6,0.7
E00188703,16.2,45.5,29.3,9.1
E00188704,34.3,44.8,14.9,6
E00188705,18.3,64.1,14.8,2.8
E00188706,27,46.8,20.7,5.4
E00188708,28.8,56,15.2,0
E00188709,8.1,52.6,34.1,5.2
E00188715,6.8,39.4,40.9,12.9
E00188716,3.1,52,37.8,7.1
E00188717,9.4,41.4,39.8,9.4
E00188719,28,58.4,12.8,0.8
E00188720,10.6,43.9,42.3,3.3
E00188721,4.9,30.1,59.2,5.8
E00188723,16.1,63.9,18.7,1.3
E00188724,5.3,21.3,49.7,23.7
E00188726,67.1,29.6,0,3.3
E00188727,14.8,45.9,29.5,9.8
E00188728,9.2,52.3,34.9,3.7
E00188729,17.7,50,27.7,4.6
E00188732,7.2,52.8,36.8,3.2
E00188733,45.1,34,19.8,1.2
E00188736,3.2,52.8,37.6,6.4
E00188737,5.6,44.4,42.7,7.3
E00188738,17.1,62,19.4,1.6
E00188740,3.9,27.9,49.6,18.6
E00188743,30.2,43.8,21.9,4.2
E00188744,16,35.8,36.8,11.3
E00188745,14.4,54.5,25,6.1
E00188747,13.9,62.3,19.7,4.1
E00188748,51.7,46.3,1.3,0.7
E00188750,30.1,37.5,26.5,5.9
E00188751,64.4,31.4,4.2,0
E00190483,33.1,55.4,8.6,2.9
E00190488,8.3,39.8,34.3,17.6
E00190504,22.1,63.6,12.9,1.4
E00190510,20.2,55.1,18,6.7
E00190511,25.2,57,17.8,0
E00190514,63.6,26,9.1,1.3
E00190516,24.1,57.2,15.9,2.8