areacd,english_proficiency_4a-001,english_proficiency_4a-002,english_proficiency_4a-003
E00000577,81.3,15.7,3
E00000609,69.7,25,5.3
E00000769,76.3,19.3,4.4
E00000770,71.6,22.8,5.5
E00000771,69.7,22.8,7.5
E00000772,70.4,22.6,7
E00000773,84.3,11,4.7
E00000774,76.5,19,4.6
E00000775,76.2,20.5,3.2
E00000776,76.9,18,5.1
E00000777,87.7,11,1.3
E00000778,71.2,21.7,7.1
E00000779,78.3,19.1,2.6
E00000780,86.1,12.3,1.5
E00000781,86.7,9.7,3.6
E00000782,63.9,27.5,8.6
E00000783,64.7,29.4,6
E00000785,80.6,14.5,4.9
E00000786,78.7,17.8,3.5
E00000787,81.8,14.7,3.6
E00000788,75.1,22.8,2.1
E00000789,73.1,23.3,3.6
E00000790,58,30.9,11.1
E00000791,63.8,28.7,7.5
E00000792,69.6,25.6,4.8
E00000793,85.6,11.4,2.9
E00000794,77.4,19,3.6
E00000795,80.7,16.7,2.5
E00000796,77.4,17.1,5.4
E00000797,86.3,10.3,3.3
E00000798,79.2,16.9,3.9
E00000799,81.4,17.1,1.5
E00000800,81.4,17.6,1
E00000801,74.8,22.9,2.3
E00000802,87.1,12,1
E00000803,78.4,18.3,3.3
E00000804,86.4,11.4,2.2
E00000805,78.7,19.2,2.1
E00000806,83.1,15.7,1.2
E00000810,75.7,19,5.2
E00000813,60.9,30.3,8.8
E00000814,82.5,15.2,2.3
E00000815,79.1,13.7,7.2
E00000816,79.5,16,4.5
E00000817,87.2,11.8,0.9
E00000818,66.3,25.3,8.3
E00000871,86.8,10.5,2.8
E00000872,71.2,26.4,2.4
E00000873,85.9,12.5,1.7
E00000874,87.8,9.5,2.7
E00000876,83.6,14.5,1.9
E00000877,90.9,8.6,0.6
E00000878,72.9,24.1,3
E00000881,74.1,20.7,5.1
E00000882,76.7,19.4,3.8
E00000883,89.8,8.9,1.3
E00000884,87,11.1,1.9
E00000885,69.8,23.6,6.6
E00000886,73.3,25.8,0.9
E00000887,71.3,20.2,8.5
E00000889,80.3,15.9,3.8
E00000891,61.6,33.9,4.5
E00000892,87.8,11.4,0.8
E00000893,83,15.3,1.7
E00000895,85.8,12.1,2.1
E00000896,80.2,17.3,2.5
E00000898,88.4,7.8,3.9
E00000899,86,12.8,1.2
E00000901,78,20.8,1.1
E00000902,74,19.7,6.3
E00000903,79.1,14.9,6
E00000905,89.4,9.3,1.3
E00000907,90.9,8.5,0.7
E00000909,90.6,8.6,0.8
E00000910,86.6,13.4,0
E00000911,65.4,29.3,5.4
E00000912,71.5,23.6,4.9
E00000913,84.6,11.5,3.8
E00000915,83.8,15.8,0.3
E00000916,81.1,16.1,2.9
E00000917,69.7,26.7,3.6
E00000918,76.5,17.9,5.6
E00000919,89.4,10,0.5
E00000920,80.4,16.6,3
E00000921,74.8,19.8,5.4
E00001028,88.6,8.1,3.3
E00001030,79.1,18.6,2.3
E00001031,91.1,7.9,0.9
E00001035,70.9,25.4,3.7
E00001038,85.7,11.1,3.1
E00001046,91.8,7.4,0.8
E00001057,85.1,12,2.9
E00001540,57.9,34,8.1
E00001543,79.1,17.6,3.3
E00001544,68.6,27.6,3.8
E00001545,86.2,11.6,2.3
E00001546,79.4,16,4.6
E00001547,74.9,18.6,6.5
E00001548,80.2,16.3,3.5
E00001549,63.3,28.5,8.3
E00001550,71.9,25,3.1
E00001551,78.3,16.9,4.8
E00001552,80,16.4,3.6
E00001553,78.6,14.6,6.8
E00001555,81,15.4,3.7
E00001556,75.1,21.8,3.1
E00001557,75.6,17.1,7.3
E00001559,71.3,20.1,8.7
E00001562,67,26.6,6.4
E00001580,82.7,15.4,1.9
E00001582,71.1,23.4,5.5
E00001583,79.3,17.2,3.5
E00001584,55.4,37.6,7
E00001585,85.8,12.2,2
E00001586,65.8,26.8,7.4
E00001587,66.1,29.2,4.7
E00001588,79.2,16.7,4.2
E00001589,80.7,17,2.3
E00001590,66.2,26.4,7.3
E00004492,90,9,0.9
E00004493,89.6,10.4,0
E00004494,92.7,7.3,0
E00004495,91.5,8,0.5
E00004496,92.2,7.1,0.7
E00004497,89.8,8,2.2
E00004498,86.2,12.6,1.2
E00004499,94.3,5.7,0
E00004500,88.9,11.1,0
E00004501,87.4,9.7,2.9
E00004502,88.8,9.6,1.6
E00004503,87.1,11.2,1.7
E00004504,92.5,7.5,0
E00004505,88.5,9.7,1.8
E00004506,90,8.8,1.2
E00006910,68,25.3,6.6
E00006911,67.3,24.3,8.4
E00006912,66.2,28.5,5.4
E00006913,57.1,32.5,10.4
E00006914,67.8,25.2,7
E00006915,75.1,16.2,8.8
E00006916,68.6,26.5,4.9
E00006917,65.8,27.4,6.8
E00006918,63.5,27.3,9.2
E00006920,62.7,27.4,9.9
E00006921,59.4,31.6,9.1
E00006922,80.5,16,3.5
E00006923,74.4,19.8,5.8
E00006924,55.2,32.4,12.4
E00006925,58,34.8,7.2
E00006926,80.7,16.6,2.7
E00006927,64.3,24.9,10.9
E00006928,67.1,19.8,13.1
E00006929,58,28.9,13.2
E00006930,63.7,31.1,5.3
E00006931,68.6,24.8,6.6
E00006932,68.7,27.6,3.7
E00006933,71.4,21.2,7.4
E00006934,73.7,19.9,6.4
E00006935,73,22.4,4.6
E00006936,64.1,28.5,7.4
E00006937,51.8,37.7,10.4
E00006938,76,17.6,6.3
E00006939,64,29.4,6.6
E00006940,43.8,48.8,7.5
E00006941,60,33,7
E00006942,82.6,14.9,2.5
E00006943,72.4,21.2,6.5
E00006944,66.8,27.9,5.4
E00006945,54.8,34,11.2
E00006946,73.5,22.5,4
E00006947,60.8,33,6.2
E00006948,58.2,32.3,9.5
E00007416,69.5,22.6,7.9
E00007434,68.7,23.4,7.9
E00007436,71.3,20.4,8.3
E00007438,71.2,22.8,6
E00007439,69.3,24.7,6
E00007441,72.8,22.2,5
E00007442,62.4,26,11.6
E00007444,82.1,14,3.9
E00007445,82,14.1,3.9
E00007446,77.8,16,6.2
E00007447,75.7,18.4,5.9
E00007448,79.9,14,6.1
E00007449,77.6,17.3,5.1
E00007450,45.9,35.5,18.5
E00007451,68,24,7.9
E00007584,82.1,14,4
E00007585,64.4,27.2,8.4
E00007586,67.4,24.5,8.1
E00007587,69.9,25.1,5.1
E00007588,72,20,8
E00007589,72.1,24.3,3.6
E00007590,72.5,19.1,8.3
E00007591,88.2,9.2,2.6
E00007594,74.3,19.2,6.5
E00007595,74.7,20.4,4.8
E00007607,74.1,21.7,4.2
E00007613,66.9,26.9,6.2
E00007614,86.6,11,2.3
E00007616,48.9,32.8,18.3
E00007617,83,13.4,3.6
E00007618,74.1,21.1,4.8
E00007619,69.5,24.1,6.4
E00007620,68.7,21.8,9.6
E00007621,63.9,31.1,5
E00007708,72.8,17.9,9.3
E00007712,71.7,20.6,7.7
E00007732,64.8,23.5,11.7
E00007739,74.5,20.5,5.1
E00007743,71.7,20.2,8.1
E00008537,72.6,22.8,4.6
E00008538,88.2,10.3,1.5
E00008539,80.1,19.4,0.5
E00008540,84.1,10.6,5.3
E00008542,68.4,26,5.6
E00008543,81.4,14.4,4.2
E00008544,72.6,21.2,6.3
E00008545,80.8,17.6,1.5
E00008548,73.9,25.2,0.9
E00008549,84.7,12.5,2.8
E00008550,75.1,24.3,0.6
E00008552,82.8,15.2,2
E00008554,76.2,21,2.8
E00008555,67.7,29.6,2.7
E00008557,71.2,16.1,12.8
E00008558,84.6,13.7,1.8
E00008559,90.1,9.6,0.4
E00008560,80.1,16.1,3.7
E00008561,74.8,13.5,11.7
E00008563,78.5,17.7,3.8
E00008570,71.3,23.4,5.3
E00008576,65.6,26.1,8.3
E00008577,74.5,19.7,5.8
E00008578,82.7,15.6,1.8
E00008984,65.6,22.9,11.5
E00008988,78.8,16.3,4.9
E00008992,80.6,15,4.5
E00008996,87.7,10.3,2
E00009016,63.4,27,9.6
E00009025,74.1,15.5,10.4
E00009029,67.3,20.1,12.6
E00009832,91.3,8.7,0
E00009833,91,8.3,0.7
E00009834,86,12.5,1.5
E00009835,91.4,6.8,1.9
E00009836,88.7,10.9,0.4
E00009837,74,21.6,4.3
E00009838,95.5,4.5,0
E00009839,93.9,5.4,0.7
E00009840,88.5,10.7,0.8
E00009841,95,5,0
E00009842,89.3,8.4,2.3
E00009843,90.4,9.6,0
E00009844,90.3,8.1,1.5
E00009845,80.5,14.6,5
E00009846,92.3,6.8,0.8
E00009847,95,3.9,1.1
E00009848,83.7,15.4,1
E00009849,85.6,12.3,2.1
E00009850,90.6,8,1.4
E00009851,94.2,5.3,0.5
E00009852,92.2,6.6,1.3
E00009853,89.2,9.5,1.3
E00009854,95.9,3.5,0.6
E00009855,82.7,16,1.4
E00009856,77.9,17.6,4.5
E00009857,94,5.7,0.3
E00009858,88.6,11.4,0
E00009859,84.9,13.7,1.4
E00009860,87.7,11.7,0.6
E00009861,92.8,5.8,1.3
E00009862,86.8,10.2,3.1
E00009863,92.4,5.8,1.8
E00009864,88.6,9.3,2
E00009865,77.8,19.5,2.7
E00009866,95.1,4.9,0
E00009867,52.8,35.3,11.9
E00009868,68.4,23.8,7.8
E00009869,56.2,32.8,11
E00009870,68.3,23.4,8.3
E00009871,69.1,23.8,7.1
E00009872,81.7,13.9,4.4
E00009873,73.3,17.9,8.8
E00009874,77,18.8,4.3
E00009875,68.1,25.7,6.3
E00009876,57.9,33.7,8.4
E00009877,63,27.7,9.3
E00009878,70.4,22.8,6.7
E00009879,70.7,22.7,6.6
E00009880,62.8,29.1,8.1
E00009881,55.1,33.3,11.5
E00009882,72.1,19.2,8.7
E00009883,87.5,9.5,3
E00009884,66.3,23.9,9.7
E00009885,69.8,20.5,9.7
E00009886,67.7,21.1,11.2
E00009887,68.5,19.3,12.2
E00009888,69.4,22.2,8.5
E00009889,81.9,12.4,5.7
E00009890,71.3,25.9,2.8
E00009892,71.5,18.5,10
E00009893,79.1,17.1,3.8
E00009894,67.6,26.4,6.1
E00009895,55.7,36.7,7.5
E00009896,57.9,33.9,8.2
E00009897,85.7,11.1,3.3
E00009898,58.1,32.5,9.4
E00009899,72.6,21.1,6.4
E00009900,56.7,29.8,13.5
E00009901,69.7,26,4.3
E00009902,51.2,40.7,8.2
E00009903,68.6,22.1,9.3
E00009904,83.9,11.3,4.8
E00009905,66.8,26.2,7
E00009945,72.6,26.7,0.7
E00009946,89.9,10.1,0
E00009947,80.4,16.2,3.4
E00009948,91.1,8.2,0.8
E00009949,90.6,9.1,0.3
E00009950,75.6,21.3,3.1
E00009951,91,5,4.1
E00009952,91,8.7,0.3
E00009953,86,9,5
E00009954,90.3,7.7,1.9
E00009955,89.2,10.3,0.5
E00009956,90.4,8.2,1.4
E00009957,92,7,1
E00009958,89.5,9.8,0.7
E00009959,87,12.1,0.8
E00009960,89.2,9.3,1.5
E00009961,90.4,7.9,1.7
E00009962,93,5.2,1.8
E00009963,84.7,14,1.3
E00009964,92.9,6.3,0.8
E00009965,87.1,10.4,2.4
E00009967,91.8,8.2,0
E00009968,82.2,15.9,1.9
E00009969,82.6,16.4,1
E00009970,88.3,10.1,1.6
E00009971,87.1,11.4,1.5
E00009972,89.7,7.9,2.4
E00009973,81.1,17.4,1.5
E00009974,86.5,11.9,1.6
E00009975,86.3,12.9,0.8
E00009976,87.3,12.7,0
E00009978,78.8,20.1,1.1
E00009979,85.9,13.2,1
E00009980,83.2,16,0.8
E00009982,83.9,14.5,1.6
E00009983,86.2,12.9,0.9
E00009984,81.4,15.2,3.4
E00009985,76.7,21.1,2.2
E00009986,91.3,7.5,1.2
E00009987,89.8,8.8,1.4
E00009988,91.2,7.7,1
E00009990,89.7,9.5,0.8
E00009991,87.5,11.8,0.8
E00009992,86.4,12.1,1.6
E00009993,93.7,4.9,1.4
E00009994,93.5,5.1,1.3
E00009995,83.4,14.8,1.8
E00009996,82.1,16.6,1.3
E00009997,79.9,18.8,1.3
E00009998,83.2,14.2,2.5
E00009999,87.1,11.8,1.1
E00010000,83.3,15.2,1.5
E00010001,79.4,18.3,2.3
E00010002,93.7,5.9,0.4
E00010003,85.2,14.8,0
E00010004,74.4,20.4,5.2
E00010005,88,12,0
E00010006,92,7.3,0.6
E00010007,79.4,18.2,2.4
E00010008,89.7,9.8,0.5
E00010009,81.6,17.1,1.3
E00010010,85.3,12.1,2.6
E00010011,89,9.6,1.3
E00010012,94.7,4.5,0.8
E00010013,94.2,5.2,0.6
E00010014,94.5,5,0.5
E00010015,89,9.4,1.6
E00010016,79.6,17,3.4
E00010017,74.8,23.1,2.1
E00010018,69.8,25.9,4.4
E00010019,89,7.6,3.4
E00010021,84.1,13.1,2.8
E00010022,87.5,10.6,1.9
E00010023,71.7,22,6.3
E00010024,90.7,7.5,1.9
E00010026,82.8,15.3,1.9
E00010027,50.6,33.8,15.6
E00010029,66.4,28.6,5
E00010030,78.3,16.8,4.9
E00010032,70.7,21.1,8.2
E00010033,67,28.1,4.9
E00010035,69.1,24.3,6.6
E00010036,52.4,31.7,16
E00010037,66,25.1,8.8
E00010038,70.4,23.8,5.8
E00010039,53.1,30.7,16.3
E00010041,75.6,17.1,7.2
E00010042,68.4,25.4,6.3
E00010043,80.1,16.3,3.6
E00010044,74,17.6,8.4
E00010045,85.6,10,4.4
E00010046,69.4,25.1,5.5
E00010047,71,23.7,5.4
E00010048,73.8,20.4,5.8
E00010049,61.4,29.7,8.9
E00010050,77.8,16.5,5.7
E00010051,81.1,16.4,2.5
E00010052,81.1,15.5,3.4
E00010053,73.3,21.3,5.4
E00010054,67.9,24.2,8
E00010055,51.9,34.9,13.2
E00010056,69.8,24.3,5.9
E00010057,86.2,12.1,1.8
E00010058,76.1,18.3,5.5
E00010059,79,14.8,6.2
E00010060,50.1,34.1,15.8
E00010061,78.7,17.3,4
E00010062,76.4,19.2,4.5
E00010064,85.4,11.9,2.7
E00010065,86.8,12.3,0.9
E00010066,88.2,11.4,0.4
E00010067,92,8,0
E00010068,90.3,9.3,0.3
E00010069,81.5,16.3,2.2
E00010070,87.4,10.3,2.2
E00010071,83.1,16.2,0.7
E00010072,89.4,9.2,1.4
E00010073,82.8,14.9,2.3
E00010074,91.3,8.3,0.4
E00010075,91.6,8.4,0
E00010076,87.1,12.6,0.3
E00010077,88.4,8.2,3.4
E00010078,91.1,6.8,2.1
E00010079,91.1,8.9,0
E00010080,85.1,14.9,0
E00010081,93.3,5.2,1.6
E00010082,72.6,24.3,3
E00010083,88.8,10.4,0.8
E00010084,91.9,8.1,0
E00010085,85.8,12.3,1.9
E00010086,79.7,18.8,1.4
E00010087,85.6,13.1,1.4
E00010088,84,14.6,1.5
E00010089,94.9,5.1,0
E00010090,94.2,5.8,0
E00010091,86,13.2,0.8
E00010092,80.4,17.6,2
E00010093,86.7,13.3,0
E00010094,78.1,16.7,5.2
E00010095,78.2,15,6.8
E00010096,90.9,8.7,0.4
E00010097,91.5,8,0.5
E00010098,79.1,20.1,0.7
E00010099,88.9,10.4,0.7
E00010100,86,12.2,1.8
E00010101,89.2,10.8,0
E00010102,90.4,7.8,1.8
E00010103,84.9,12.7,2.4
E00010104,86.7,9.9,3.4
E00010105,86.1,10.6,3.2
E00010106,79.6,16.1,4.3
E00010107,89.9,9.7,0.4
E00010108,88.6,8.7,2.7
E00010109,91.1,7.5,1.4
E00010110,86.2,9.9,3.9
E00010111,89.6,9,1.4
E00010112,90.3,9.7,0
E00010114,79.2,14.3,6.5
E00010115,71.8,19.4,8.9
E00010116,92.3,6.9,0.8
E00010117,91.5,7.4,1.1
E00010118,93.4,5.8,0.8
E00010119,74.4,17.5,8.1
E00010120,76.1,15.6,8.2
E00010121,93.6,5.2,1.2
E00010122,93.3,6.3,0.4
E00010123,88,9.9,2.1
E00010124,73.8,18,8.1
E00010125,90.1,7.8,2
E00010126,92,6.5,1.5
E00010127,88.5,9.7,1.8
E00010128,80.9,14.9,4.3
E00010130,87.4,11.5,1.2
E00010131,86.5,12.4,1.1
E00010132,78.8,17.5,3.7
E00010133,84.8,14.4,0.8
E00010134,86.9,10.9,2.3
E00010135,75.8,19.1,5.1
E00010136,79,15.9,5.2
E00010137,92.4,3.4,4.1
E00010138,86.2,12.2,1.6
E00010139,91.3,6.4,2.2
E00010140,95.5,3.6,0.9
E00010141,86,12.5,1.5
E00010142,87.7,11.3,1.1
E00010143,88.2,11.4,0.4
E00010144,93.7,4.4,1.9
E00010145,86.5,13.1,0.5
E00010146,89.3,9.9,0.8
E00010147,93.5,6.1,0.4
E00010148,88.3,7.3,4.5
E00010149,76.2,21.2,2.6
E00010150,85.5,13.2,1.3
E00010152,93.4,5.4,1.2
E00010153,86.5,11.8,1.7
E00010154,84.7,14.1,1.2
E00010155,80.8,13.5,5.7
E00010156,93.9,5,1.1
E00010157,96.4,3.6,0
E00010158,90.1,8.8,1.1
E00010159,90.4,8.4,1.2
E00010160,86.1,12.6,1.3
E00010161,91.1,7.7,1.1
E00010162,90.1,8.2,1.7
E00010163,95.2,4.8,0
E00010164,94.6,4.5,1
E00010165,74.3,18.2,7.6
E00010166,94.2,4.6,1.2
E00010167,86.3,13.3,0.4
E00010168,90.2,9,0.8
E00010169,86.8,9.9,3.2
E00010170,82.7,8.9,8.4
E00010171,92.7,7.3,0
E00010172,86.6,10.3,3
E00010173,86.1,10.9,3
E00010174,81.8,16.9,1.3
E00010176,67.8,23.5,8.7
E00010177,70.9,13.8,15.3
E00010178,59.2,30.1,10.7
E00010179,68.8,22,9.2
E00010180,61.4,29.4,9.2
E00010181,67.1,21,11.9
E00010182,76.1,19.1,4.8
E00010183,59.2,30.3,10.5
E00010184,57.5,33.6,8.9
E00010185,54.9,35.9,9.2
E00010186,65.5,27.6,6.9
E00010187,64.8,26.2,9.1
E00010188,72.3,22.8,5
E00010189,68.3,24.9,6.8
E00010190,63.4,30.4,6.2
E00010191,69.6,22.8,7.6
E00010192,69.5,23.8,6.7
E00010193,75.1,18.3,6.6
E00010194,49.3,37.7,13
E00010195,66.7,26,7.3
E00010196,39,46.8,14.1
E00010197,76.8,15.4,7.7
E00010198,57.2,24.5,18.3
E00010199,73,19.1,7.8
E00010200,53,31.2,15.8
E00010201,70.3,20.2,9.5
E00010202,56.5,32.1,11.3
E00010204,68.4,21.4,10.2
E00010205,71.5,22.1,6.4
E00010206,69.6,18.8,11.5
E00010207,78,14.2,7.8
E00010208,73.8,17.3,9
E00010209,68.7,20.6,10.6
E00010210,79.6,16.7,3.7
E00010211,70.8,22.2,7
E00010212,72.6,20.2,7.2
E00010258,52.4,30.9,16.7
E00010259,72.7,19.4,8
E00010260,71.4,21.3,7.3
E00010261,61,25.6,13.4
E00010263,59.8,33.6,6.6
E00010266,68.5,25.3,6.2
E00010268,76.1,16.4,7.5
E00010269,76.9,17.9,5.2
E00010270,76.3,15.7,8
E00010271,69.1,23.5,7.3
E00010272,60.5,21.2,18.3
E00010277,58.2,27.2,14.6
E00010278,44.5,33.3,22.2
E00010279,74.4,20.9,4.7
E00010280,69.3,22.2,8.6
E00010281,70.5,22.8,6.8
E00010282,68,22.5,9.5
E00010283,71.7,21.9,6.4
E00010284,70.2,26.2,3.6
E00010285,48.9,41.2,9.9
E00010286,68.1,26.8,5
E00010287,68.5,18.4,13.2
E00010289,66.3,20.3,13.4
E00010290,58.3,28.3,13.4
E00010291,71.8,19.5,8.7
E00010292,67.5,24.4,8.1
E00010310,77.7,15.4,6.9
E00010311,68.4,28.1,3.5
E00010318,68.3,22.3,9.4
E00010319,67.2,26.1,6.7
E00010326,66.8,24.5,8.7
E00010327,74.4,20.3,5.3
E00010328,60.1,32.4,7.5
E00010334,86.6,11.6,1.8
E00010335,86.4,11.9,1.7
E00010336,85.4,10,4.5
E00010337,79.3,14.1,6.6
E00010338,90,8.4,1.5
E00010339,96.7,2.6,0.7
E00010340,87.8,11.9,0.4
E00010341,90.8,8.6,0.5
E00010342,92.9,6.5,0.6
E00010343,78,12.9,9.2
E00010344,87.3,10.4,2.3
E00010345,90,8.7,1.3
E00010346,86.2,11.1,2.7
E00010347,91.1,8.5,0.4
E00010348,92.8,5.9,1.4
E00010349,87.4,11.9,0.7
E00010350,84.3,14.4,1.3
E00010351,83.9,14.7,1.4
E00010352,88.4,10.4,1.2
E00010353,88.5,6.8,4.7
E00010354,85.2,11,3.8
E00010355,91.7,7,1.3
E00010356,94.9,5.1,0
E00010357,89.9,7.7,2.4
E00010358,91.5,7.4,1.1
E00010359,90.6,8.2,1.2
E00010360,79.5,15.9,4.5
E00010361,83.8,13.4,2.7
E00010362,86.9,11.9,1.2
E00010363,82.8,12.3,4.9
E00010364,84.8,13.2,2
E00010365,76.6,15.6,7.8
E00010366,73.5,24.2,2.3
E00010367,84.3,9.3,6.4
E00010368,69.8,21.4,8.8
E00010369,85.4,10.9,3.6
E00010370,79.6,17.6,2.8
E00010371,92.8,6.3,0.9
E00010372,83.7,10.6,5.6
E00010456,66.4,24.7,8.9
E00010457,63,27.8,9.3
E00010459,60.6,28.7,10.7
E00010460,56.3,30.3,13.5
E00010461,64.2,28.1,7.7
E00010462,64.5,28.9,6.6
E00010463,49.3,33.9,16.8
E00010464,52.4,30.5,17
E00010466,58.4,27.2,14.4
E00010471,56.5,34.5,9
E00010474,69.5,22,8.5
E00010476,72.7,21.5,5.8
E00010479,65.5,23.4,11.1
E00010480,58.5,30.8,10.6
E00010481,65.9,23.6,10.5
E00010482,61.5,31.3,7.2
E00010484,68.3,25.3,6.5
E00010486,59.6,31.1,9.3
E00010487,72.2,23.4,4.4
E00010488,69.3,23.2,7.5
E00010489,74.7,20.4,4.9
E00010490,70.3,25.4,4.3
E00010491,69.6,21.4,8.9
E00010493,59.9,29.2,10.8
E00010497,62.6,21.9,15.6
E00010498,75.1,18,6.8
E00010504,71.5,19.7,8.8
E00010505,69.3,20.2,10.5
E00010510,70.5,19.1,10.4
E00010511,69.3,20.9,9.9
E00010512,73.9,14.7,11.4
E00010515,64.2,29.3,6.5
E00010516,70.6,20.9,8.4
E00010520,73.1,16.1,10.7
E00010521,68.4,18.7,12.8
E00010524,68.2,17,14.8
E00010526,70.6,19.3,10.1
E00010527,70.4,19.9,9.7
E00010531,73.7,20.8,5.5
E00010532,75,19.4,5.6
E00010533,66.9,24,9.1
E00010534,64.3,22.9,12.7
E00010535,58.7,27.4,13.9
E00010536,56.3,35.2,8.5
E00010537,61.4,32.9,5.6
E00010538,56.5,35.3,8.2
E00010539,60.7,29.1,10.2
E00010540,57.2,29.9,12.9
E00010541,62,26.3,11.8
E00010542,66.8,24.7,8.6
E00010543,64.5,27.6,7.9
E00010544,56.1,34.9,9
E00010545,55.1,32.9,12
E00010546,54.5,35.6,9.9
E00010547,63.2,24.6,12.2
E00010548,61.3,26.9,11.7
E00010549,48.8,39.9,11.3
E00010550,62,24.6,13.4
E00010551,58.6,27.4,14
E00010552,62.9,24.1,12.9
E00010553,59.9,29.4,10.7
E00010554,69.5,17.9,12.7
E00010555,65.9,27.2,6.9
E00010556,51.2,29.4,19.4
E00010557,63.3,27.8,9
E00010558,66.7,22.2,11.2
E00010559,58.8,30.9,10.2
E00010560,74,22.4,3.7
E00010561,80.6,13.9,5.6
E00010562,50.6,35.9,13.5
E00010563,62.2,31.3,6.5
E00010564,54.6,37.9,7.6
E00010565,75.4,21.6,3
E00010566,36.9,48.4,14.7
E00010567,74.9,21.9,3.2
E00010568,51.9,32.7,15.5
E00013600,84,15.7,0.4
E00013601,85.9,11.7,2.4
E00013602,78.8,17,4.2
E00013603,81.3,16.3,2.5
E00013604,80,15.2,4.7
E00013605,79.5,17.7,2.8
E00013606,78.4,16.4,5.2
E00013608,80.6,18.9,0.5
E00013609,77.4,16.3,6.3
E00013610,85.8,12,2.2
E00013611,75.6,17.8,6.5
E00013612,74,18.6,7.4
E00013614,73.4,19.7,6.9
E00013616,66.4,24.2,9.4
E00013694,68.1,24.2,7.7
E00013704,83,15,2
E00013705,82.6,13.1,4.3
E00013706,81,15.3,3.8
E00013707,82.6,13.1,4.4
E00013708,86.3,10.9,2.8
E00013709,91.3,7.3,1.5
E00013710,87.3,9.5,3.2
E00013711,91.3,6.4,2.3
E00013712,89.8,9,1.2
E00013713,89.7,10.1,0.3
E00013714,80.6,14.2,5.2
E00013715,84,14.7,1.4
E00013716,90.2,7.8,2
E00013717,93,5.1,1.9
E00013718,76.5,19.8,3.8
E00013719,87.6,11.5,0.9
E00013720,79.6,15.9,4.6
E00013721,80.6,15.4,4
E00013722,84.3,13,2.7
E00013723,81.1,14.6,4.4
E00013724,76.7,18.8,4.5
E00013725,84.7,12.8,2.6
E00013726,84.1,12.7,3.2
E00013727,72.1,21.3,6.7
E00013728,76.8,18,5.1
E00013729,80.5,16.9,2.6
E00013730,93.5,6.5,0
E00013731,93.9,6.1,0
E00013732,76.3,16.8,6.8
E00013733,78.2,16.6,5.2
E00013734,89.7,9.1,1.3
E00013735,84.9,13.7,1.4
E00013736,86,10.7,3.3
E00013737,71.5,22.3,6.3
E00013738,92.2,6.9,0.9
E00013739,88.1,10.7,1.2
E00013740,75.4,19.6,5
E00013741,72,20.3,7.7
E00013742,81.7,12.9,5.4
E00013743,83.8,14.6,1.7
E00013788,84.2,15.8,0
E00013789,80.6,14.8,4.6
E00013790,87.2,10.5,2.3
E00013806,85.3,13.7,1.1
E00013807,84.6,13.4,2.1
E00013808,84.2,12.8,3
E00013809,78.8,19.2,2.1
E00013810,73.4,19.8,6.8
E00013811,80.1,15.7,4.2
E00013812,76.6,22.3,1.1
E00013814,84.8,13.5,1.8
E00013815,83.6,15.3,1.1
E00013816,70.9,23.7,5.4
E00013817,89.6,10.4,0
E00013818,80.6,16.5,2.9
E00013819,85.8,13.8,0.5
E00013820,83,13.7,3.3
E00013821,81.2,17.4,1.3
E00013822,84.8,10.3,4.8
E00013824,85,14.7,0.3
E00013996,79.7,17.5,2.8
E00013997,80.7,15.2,4.2
E00013999,79.1,19,1.9
E00014000,85.9,12.2,1.9
E00014001,90.5,7.9,1.6
E00014002,86.8,11.7,1.4
E00014003,76.8,19.9,3.3
E00014004,77.6,16.1,6.3
E00014005,81.4,15,3.6
E00014006,76.5,17.3,6.3
E00014007,89.2,10.8,0
E00014008,75.9,20.3,3.7
E00014009,90.5,8,1.4
E00014010,76.7,15.6,7.7
E00014011,77.4,20.1,2.5
E00014012,77.7,18.4,3.9
E00014013,86.4,10.8,2.9
E00014014,88.6,10.1,1.3
E00014015,85.9,11.2,3
E00014016,87.1,11,1.8
E00014017,86.5,11.8,1.7
E00014018,83.4,14.8,1.8
E00014019,90.5,7.3,2.2
E00014020,88.6,10.9,0.5
E00014021,79,17,3.9
E00014022,70.4,26.4,3.2
E00014023,88.4,7.6,4
E00014024,86.9,10.7,2.4
E00014025,77.4,19.6,3.1
E00014026,73.7,23.2,3.1
E00014027,82.4,13.9,3.7
E00014028,87.7,9.9,2.5
E00014029,77.3,16.7,6
E00014030,86.5,9.8,3.7
E00014031,76.8,21.3,1.9
E00014032,76.1,20.8,3
E00014033,82.3,7.8,10
E00014035,77.6,18.4,4
E00014036,85.2,11.5,3.3
E00014037,80.9,16.4,2.7
E00170297,79.7,19.6,0.7
E00170298,83.3,14.6,2.1
E00170300,90.8,7.5,1.8
E00170302,69.1,20.8,10.2
E00170303,87.4,11.6,1
E00170304,75.5,19.8,4.7
E00170306,78.8,12.7,8.5
E00170309,87.7,10.1,2.2
E00170310,83.5,12.1,4.4
E00170311,74.5,22.7,2.9
E00170312,76.1,17.4,6.6
E00170313,77,22.1,0.9
E00170314,72,23.3,4.6
E00170316,79.4,17.3,3.3
E00170320,83,14.8,2.2
E00170321,70.6,26.6,2.8
E00170322,71.3,22.4,6.3
E00174769,59.6,31.4,9.1
E00174889,75.5,18.7,5.8
E00174897,76.1,20.5,3.4
E00174907,63.1,28.9,8
E00174909,72.1,21.3,6.6
E00176228,73.5,17.5,9
E00176290,80.1,14.4,5.5
E00178731,71.4,20.1,8.5
E00178736,66.7,27.8,5.4
E00178762,69.1,26.8,4.1
E00178763,64.1,26.6,9.3
E00178793,77.3,20.9,1.8
E00178802,75.1,21.6,3.2
E00178813,70.6,21.6,7.8
E00178858,63.8,26.3,9.9
E00178901,82,15.2,2.8
E00178902,73.7,21.4,4.9
E00178944,80.1,14.5,5.4
E00178948,43.3,36.1,20.7
E00178950,62.6,29.9,7.5
E00178964,69.6,21.1,9.3
E00178973,74.1,23.1,2.8
E00178975,62.1,27.4,10.5
E00178979,91.7,8.3,0
E00178985,81.8,13.8,4.5
E00178987,89.1,7,3.9
E00178990,47.6,35,17.4
E00178996,74.1,18.7,7.2
E00178999,84.3,10.5,5.2
E00179016,70.3,25.9,3.8
E00179027,62.4,28.5,9.1
E00179029,84.7,14.6,0.7
E00179031,65.4,24.2,10.4
E00179042,57.6,33.1,9.3
E00179063,84.8,13.4,1.8
E00183749,73.7,22.3,4.1
E00183770,70.5,27.8,1.7
E00183771,77.5,22.1,0.4
E00183772,76.7,17.6,5.7
E00183823,78.1,19,3
E00183850,84.6,11.1,4.3
E00183858,74.5,16.5,9
E00183898,76,22.7,1.3
E00183909,72.5,21.9,5.7
E00183941,68.1,30.1,1.8
E00183981,67.1,23.6,9.3
E00183993,72.3,19.5,8.2
E00184002,72.4,17.6,9.9
E00184032,87.8,11.5,0.7
E00184037,85.1,13.2,1.7
E00184059,68.1,30.5,1.4
E00184078,74,21.9,4.2
E00184090,78.7,17.3,4.1
E00184096,64.4,35.6,0
E00184097,66.9,31.8,1.3
E00184133,68.1,23,8.9