geography_code,hh_size_5a-001,hh_size_5a-002,hh_size_5a-003,hh_size_5a-004
E00053353,45.7,37.4,10.7,6.2
E00053357,17.7,46.8,16.3,19.1
E00053359,48.9,32.4,9.4,9.4
E00053360,33.1,33.8,12.9,20.1
E00053361,27.5,51.9,7.6,13
E00053362,25.4,45.8,16.2,12.7
E00053363,39.6,32.6,12.5,15.3
E00053364,36.7,45.9,6.4,11
E00053365,20,42.5,20.8,16.7
E00053366,23.5,41.2,14,21.3
E00053369,25.8,35.5,21.8,16.9
E00053370,16.8,41.6,19.5,22.1
E00053371,15.9,47,24.2,12.9
E00053372,23.7,43.5,17.6,15.3
E00053373,14.8,40.3,16.1,28.9
E00053374,31.3,42.2,17.7,8.8
E00053375,35,40.7,11.4,12.9
E00053376,15.6,49,12.2,23.1
E00053377,38,29.2,19,13.9
E00053378,43.3,20.2,18.3,18.3
E00053379,47.7,26.5,14.4,11.4
E00053380,37.8,43.9,9.5,8.8
E00053381,29.5,32,16.4,22.1
E00053382,43.3,36,10.3,10.3
E00053383,32.3,37.6,13.5,16.5
E00053384,48.9,24.8,14.9,11.3
E00053385,35.2,39.3,13.9,11.5
E00053386,49.1,23.9,12.6,14.5
E00053401,26.6,44.6,10.8,18
E00053403,22.4,48.8,6.4,22.4
E00053404,15.6,37.7,22.8,24
E00053405,19.8,42,13.7,24.4
E00053406,49.1,27.2,14.9,8.8
E00053407,15.5,41.5,17.6,25.4
E00053408,25.5,49.7,11,13.8
E00053410,25.6,40,23.2,11.2
E00053411,70.6,22.8,4.1,2.5
E00053412,37.2,36.4,13.2,13.2
E00053414,34.7,26.3,16.4,22.5
E00053415,36.1,47.2,7.2,9.4
E00053416,23.9,35.1,24.6,16.4
E00053417,40.5,29.4,17.8,12.3
E00053418,24.3,44.9,12.4,18.4
E00053419,64.8,24.6,6.6,4.1
E00053420,28,36.4,16.9,18.6
E00053421,29.2,33.3,17.7,19.8
E00053422,41.7,31.3,11.5,15.6
E00053424,52.6,22.8,11.4,13.2
E00053425,19,33.3,24.2,23.5
E00053426,46,29.9,14.6,9.5
E00053427,41.5,36.6,9.1,12.8
E00053428,35,38.8,13.6,12.6
E00053430,66,27,4.4,2.5
E00053431,29,36.2,15.2,19.6
E00053432,35.2,35.2,14.1,15.6
E00053434,23,28.1,25.9,23
E00053435,41,25.9,12.7,20.5
E00053436,33.3,37.6,13.7,15.4
E00053437,34,40.3,14.5,11.3
E00053438,42.3,26.8,20.1,10.7
E00053439,27.3,52,12,8.7
E00053451,32.8,32.8,20.4,13.9
E00053453,48.4,23,13.5,15.1
E00053454,33.8,40.4,11.9,13.9
E00053455,28.6,36.6,14.3,20.6
E00053456,20.5,50,17,12.5
E00053457,35.3,40.4,11.8,12.5
E00053458,28.2,47.2,11,13.5
E00053459,26,33.6,18.5,21.9
E00053460,40.1,36.3,14.6,8.9
E00053462,34.8,40.7,11.1,13.3
E00053463,24.3,47.7,11.2,16.8
E00053464,27.6,30.6,19.4,22.4
E00053465,12,48.8,16,23.2
E00053466,24.6,44.3,13.1,18
E00053467,31.5,43.3,9.4,15.7
E00053468,38.4,30.4,14.4,16.8
E00053469,30.7,34.6,19,15.7
E00053470,22.2,42.4,18.1,17.4
E00053471,16.5,38.6,18.1,26.8
E00053472,14.5,30.5,26.7,28.2
E00053473,34.2,41.9,9.4,14.5
E00053474,50.9,28.2,11,9.8
E00053475,17.5,50,13.3,19.2
E00053476,33.8,29.8,17.9,18.5
E00053477,27.7,42.9,11.6,17.9
E00053478,46.3,31.1,12.1,10.5
E00053479,25.8,39.8,20.3,14.1
E00053480,40.3,28.5,18.1,13.2
E00053481,45.6,40.8,6.4,7.2
E00053482,25.6,41.6,20,12.8
E00053483,36.6,37.4,12.2,13.8
E00053484,28.3,37.7,20.3,13.8
E00053485,43.8,32.2,12.3,11.6
E00053486,25.9,42.9,14.3,16.9
E00053487,37.6,37.6,10.2,14.6
E00053488,32.3,37.7,11.5,18.5
E00053489,19.4,45.3,17.1,18.2
E00053490,58.5,28.5,6.2,6.9
E00053491,29.6,45.2,12.6,12.6
E00053493,18.1,44.5,18.1,19.3
E00053494,48.7,24.3,16.4,10.5
E00053495,19.1,43.3,16.6,21
E00053496,44.4,30.4,13.3,11.9
E00053497,35.9,31.5,14.3,18.3
E00053498,27.6,34.4,12.5,25.5
E00053499,27,35.2,18,19.7
E00053500,15.9,45,23.8,15.2
E00053501,26.5,43.9,16.7,12.9
E00053502,34.8,34.8,13.3,17
E00053503,25.8,31.8,25,17.4
E00053641,14.6,32.6,18.8,34
E00053642,26.3,30.8,12.8,30.1
E00053643,19.4,31.7,22.3,26.6
E00053644,22.4,36,16.8,24.8
E00053645,21.1,31.7,26.1,21.1
E00053646,15.2,42.9,13.1,28.8
E00053647,32.1,42,11.5,14.5
E00053648,31.6,27.1,17.3,24.1
E00053649,26.4,43.6,17.3,12.7
E00053650,32.1,25,18.6,24.4
E00053651,36.8,38.5,13.7,11.1
E00053652,51.6,32,7.8,8.6
E00053653,21.8,39.5,18.5,20.2
E00053654,32.6,30.2,16.3,20.9
E00053655,48.5,33.8,7.7,10
E00053656,21,39.5,19.2,20.4
E00053657,40.2,30.2,12.3,17.3
E00053658,20.6,32.8,17.6,29
E00053659,43.6,35,11.1,10.3
E00053660,39,34.7,12.7,13.6
E00053661,31.6,28.7,19.1,20.6
E00053663,13.7,15.3,12.9,58.1
E00053664,18.5,26.2,7.7,47.7
E00053665,10.6,22.7,12.1,54.5
E00053666,24.3,15.8,15.8,44.1
E00053667,19.8,20.7,16.2,43.2
E00053668,30.5,18.3,12.2,38.9
E00053670,16.5,29.1,18.9,35.4
E00053671,54.3,23.3,8.6,13.8
E00053672,29.4,28.7,11,30.9
E00053673,15.4,18.4,19.1,47.1
E00053674,23.8,36.9,8.5,30.8
E00053675,24.8,28.5,19.7,27
E00053676,24.3,20.7,15.7,39.3
E00053677,20.1,35.3,17.3,27.3
E00053678,41,20.5,23.7,14.7
E00053679,20.9,31.7,22.3,25.2
E00053680,29.8,34.4,11.5,24.4
E00053681,30.4,25.4,17.4,26.8
E00053682,26,32.1,13.7,28.2
E00053683,26.4,36.1,18.1,19.4
E00053684,63.9,25.9,6.5,3.7
E00053685,35.4,35.4,12.3,16.9
E00053686,49.7,34.5,9,6.9
E00053786,15.9,15.9,14,54.3
E00053787,40.6,32.7,4,22.8
E00053788,18.5,18.5,22.3,40.8
E00053789,20.7,20.2,17.6,41.5
E00053790,60,16,9.6,14.4
E00053791,22.6,18.3,19.1,40
E00053792,17.4,21.5,14.9,46.3
E00053793,32.6,27.8,11.1,28.5
E00053794,22.6,24.1,19.7,33.6
E00053795,34,21.1,14.3,30.6
E00053796,25.7,25.7,22.1,26.5
E00053797,19.8,29.8,14.9,35.5
E00053798,17.7,26.2,20.8,35.4
E00053799,20.1,29.1,12.7,38.1
E00053800,29.6,21.7,18.3,30.4
E00053801,20.2,35.5,19.4,25
E00053802,20.4,28.5,15.3,35.8
E00053803,24.8,30.4,12.4,32.3
E00053804,15.9,22.8,13.1,48.3
E00053805,12.1,12.1,22,53.8
E00053806,8.9,17.8,8.9,64.4
E00053807,39.6,13.5,13.5,33.3
E00053808,23.6,29.1,19.1,28.2
E00053809,11.8,24.3,24.3,39.7
E00053810,11.4,20,16.2,52.4
E00053811,11.2,18.4,11.2,59.2
E00053812,19.8,13.2,16,50.9
E00053813,9.6,13.3,13.3,63.9
E00053814,31,18.6,17.9,32.4
E00053815,49.6,18,15,17.3
E00053816,17.9,25.5,13.2,43.4
E00053817,15.2,24,15.2,45.6
E00053818,14.5,35,23.1,27.4
E00053819,27.5,27.5,16.9,28.2
E00053820,16.9,31.4,9.3,42.4
E00053821,35.6,18.1,22.5,23.8
E00053822,18.1,26.7,15.5,39.7
E00053823,25.4,28.4,12.7,33.6
E00053824,64.4,21.9,5.5,8.2
E00053825,17.9,25.2,22.5,34.4
E00053826,43.8,16.5,10.7,28.9
E00053827,38.1,23,13.5,25.4
E00053828,28,22,13.6,36.4
E00053829,16.3,25.6,18.8,39.4
E00053830,23.6,20.3,16.3,39.8
E00053831,31.8,16.9,13,38.3
E00053832,37.6,14.7,11,36.7
E00053833,18.9,26.2,20.5,34.4
E00053834,21.3,29.4,16.9,32.5
E00053836,22.6,30.1,15,32.3
E00053837,37.6,12.8,12,37.6
E00053838,41.4,10.2,8.3,40.1
E00053839,29.7,37,17.6,15.8
E00053841,12.3,20,19.2,48.5
E00053842,32.9,33.6,9.3,24.3
E00053843,27.1,19.6,13.1,40.2
E00053844,19.2,17.6,12,51.2
E00053845,27.9,15,12.9,44.3
E00053846,25.9,15.6,11.1,47.4
E00053847,15.2,17.6,9.6,57.6
E00053848,38.7,22.6,12.1,26.6
E00053850,18.3,11.7,24.2,45.8
E00053851,15.7,18.7,9.7,56
E00053852,14.5,14.5,19.6,51.4
E00053853,26.7,25.3,9.3,38.7
E00053854,19.2,14.4,12.8,53.6
E00053856,20.3,18.8,11.3,49.6
E00053857,40.7,10.6,14.2,34.5
E00053858,16.4,25.8,14.1,43.8
E00053859,13.8,7.4,11.7,67
E00053861,8.5,8.5,14.9,68.1
E00053862,23.7,10.8,9.4,56.1
E00053863,20,9.6,5.2,65.2
E00053864,54.5,22.8,13,9.8
E00053867,47.8,11.9,6.7,33.6
E00053868,20.5,22.1,13.1,44.3
E00053869,20.6,19.8,13.5,46
E00053870,15.2,16.7,15.9,52.3
E00053871,17.6,22.1,14.7,45.6
E00053873,16.1,23.9,14.2,45.8
E00053874,26.1,27.1,23.2,23.6
E00053875,40.7,26.8,13,19.5
E00053876,17.2,13.1,22.1,47.5
E00053877,33.9,30.1,16.9,19.1
E00053878,44.4,27.4,8.9,19.4
E00053879,28.5,17.5,10.9,43.1
E00054034,34.9,30.8,13.3,21
E00054035,27.3,50,6.8,15.9
E00054036,22.1,43.6,14.5,19.8
E00054037,28.2,33.3,19.2,19.2
E00054068,65.8,33.3,0.8,0
E00054069,34.8,23.1,17.6,24.4
E00054070,24.6,32.8,21.3,21.3
E00054071,29.9,28.5,13.1,28.5
E00054072,38.6,32.4,13.1,15.9
E00054073,46.1,20,15.7,18.3
E00054074,66,19.4,5.8,8.7
E00054075,41.7,32.4,8.3,17.6
E00054076,25,31.8,18.9,24.2
E00054127,21.5,28.9,14.8,34.8
E00054130,15.5,15.5,16.3,52.7
E00054134,12.5,11,11.8,64.7
E00054135,29.8,13,8.4,48.9
E00054136,13.2,14.9,12.4,59.5
E00054139,17.4,16.7,8.3,57.6
E00054141,25.7,13.5,18.2,42.6
E00054143,27.5,16.1,14.1,42.3
E00054144,21.9,27.1,14.8,36.1
E00054146,9.8,21.7,21.7,46.7
E00054147,12.1,18.8,20.1,49
E00054148,10.2,13.9,8,67.9
E00054150,33.8,27.2,17.6,21.3
E00054151,30.2,23,12.7,34.1
E00054152,22.2,15,9.2,53.6
E00054153,27,6.8,16.9,49.3
E00054154,10.3,13.2,8.1,68.4
E00054155,13.5,18.3,19.8,48.4
E00054162,53.3,6,7.1,33.7
E00054164,55.6,19,11.1,14.3
E00054167,43.1,19.4,10.6,26.9
E00054169,29.2,15.4,18.5,36.9
E00054172,34,21.3,13.5,31.2
E00054174,11.9,27.8,16.7,43.7
E00054175,47.5,30,15,7.5
E00054176,23.2,27.5,26.1,23.2
E00054177,29.7,33.8,19.6,16.9
E00054178,27.9,36.7,20.4,15
E00054179,25,37.5,19.2,18.3
E00054181,38.8,28.9,15.1,17.1
E00054182,40.3,32.3,12.9,14.5
E00054183,50.4,32.8,12.8,4
E00054184,58.9,38.7,1.6,0.8
E00054186,35.2,33.6,16.4,14.8
E00054187,34.3,41.6,13.1,10.9
E00054188,46.2,31.5,10.8,11.5
E00054189,25.2,27.5,16,31.3
E00054190,50.3,14.3,17.7,17.7
E00054191,33.6,42.1,13.6,10.7
E00054192,22.5,29,24.6,23.9
E00054193,52,26,10.6,11.4
E00054194,36.2,36.2,17,10.6
E00054196,38.5,35.6,9.6,16.3
E00054197,23.4,49.2,14.1,13.3
E00054198,35.3,38.1,15.1,11.5
E00054199,18.3,42.9,12.7,26.2
E00054200,30.5,32.2,28.8,8.5
E00054202,30.3,35.8,19.3,14.7
E00054203,48.3,26.5,15,10.2
E00054205,38.9,34.9,16.7,9.5
E00054206,65.6,22.5,9.3,2.6
E00054209,8.7,10.4,14.8,66.1
E00054210,10.5,17.5,19.3,52.6
E00054211,14,14,21.1,50.9
E00054214,29.7,15.3,20.7,34.2
E00054216,11.6,19.8,14,54.5
E00054218,13.9,22.6,20.4,43.1
E00054220,20.1,20.8,22.2,36.8
E00054221,13.5,23,23.8,39.7
E00054222,26,29.8,16.3,27.9
E00054224,28.6,27.6,12.4,31.4
E00054226,44.1,24.3,13.8,17.8
E00054227,20.7,45.7,11.2,22.4
E00054228,24.8,35.7,17.2,22.3
E00054229,17.1,46.4,15,21.4
E00054231,32.6,37.9,15.9,13.6
E00054232,40,35,11.4,13.6
E00054233,35.8,31.8,15.9,16.6
E00054234,40.9,28.7,12.8,17.7
E00054235,25.9,45.7,11.2,17.2
E00054236,32.7,41.8,10,15.5
E00054237,32.6,24.2,23.5,19.7
E00054238,21.3,36.8,16.9,25
E00054239,32.2,26.3,15.3,26.3
E00054240,15.3,40.7,15.3,28.8
E00054241,26.9,39.8,13,20.4
E00054242,25,37.1,20.2,17.7
E00054243,27,47.8,15.7,9.6
E00054244,18.9,41.3,15.4,24.5
E00054245,27.4,37,13.3,22.2
E00054246,30.1,34.3,14.7,21
E00054247,36.3,27.8,16,19.8
E00054248,35.1,41,10.4,13.4
E00054249,28.2,35.6,12.8,23.5
E00054250,14.7,36.2,20.7,28.4
E00054251,22,30.7,23.6,23.6
E00054252,23.2,35.2,19.2,22.4
E00054253,25.2,55.9,8.7,10.2
E00054254,36.5,23.7,16.2,23.7
E00054255,50.3,22.4,12.2,15
E00054256,8.3,44,27.5,20.2
E00054257,40.6,35,12.8,11.7
E00054258,26.1,46.2,12.6,15.1
E00054259,67.2,21.1,9.4,2.3
E00054260,17.2,28.7,29.9,24.1
E00054261,54.2,28.8,10.2,6.8
E00054262,30.9,40.7,17.9,10.6
E00054263,38.4,37,13.8,10.9
E00054264,22.3,24.6,24.6,28.6
E00054265,34.9,32.1,13.8,19.3
E00054266,28.3,40.8,18.3,12.5
E00054267,16.1,19.6,26.6,37.7
E00054268,49.7,26.6,12.7,11
E00054269,27.3,30.9,23,18.8
E00054270,25.7,30.3,23.9,20.2
E00054271,18,35.3,19.4,27.3
E00054272,39.7,29.4,16.7,14.3
E00054274,11.9,41.3,20.2,26.6
E00054275,40.2,34.2,12.8,12.8
E00054277,22,31.4,22.9,23.7
E00054278,18.5,33.8,26.5,21.2
E00054279,12.6,55.9,9.9,21.6
E00054282,29.8,23.8,15.2,31.1
E00054283,20.6,33.6,24.4,21.4
E00054284,22.4,31,13.8,32.8
E00054285,41.4,23.6,7.9,27.1
E00054286,33.9,16.1,20.5,29.5
E00054287,40.2,29.5,9.8,20.5
E00054288,26.8,33,15.2,25
E00054343,35.2,33.8,17.6,13.4
E00054344,58.1,24,11.6,6.2
E00054345,73.5,20.5,3.4,2.6
E00054346,42,27.9,16.8,13.3
E00054350,41.1,38,11,9.8
E00054351,65.1,20.7,7.1,7.1
E00054353,29,28.2,24.2,18.5
E00054355,36,30.2,11.5,22.3
E00054356,24.8,36.4,14.7,24
E00054357,46.1,31.4,10.8,11.8
E00054358,40.9,26.8,14.2,18.1
E00054362,40.3,31.3,12.7,15.7
E00054363,32.7,30.7,16.3,20.3
E00054364,24.5,33.3,20.4,21.8
E00054366,35.9,30.3,16.9,16.9
E00054368,37.8,31.9,14.8,15.6
E00054372,59.1,25.8,7.6,7.6
E00054374,35,36.4,12.6,16.1
E00054375,26.6,37.5,19.5,16.4
E00054376,29.7,32.4,18.9,18.9
E00054377,32.8,28.5,21.9,16.8
E00054379,30.8,38.3,17.3,13.5
E00054380,34.7,29.2,13.2,22.9
E00054381,23.5,34.8,17.6,24.1
E00054387,27.4,46.2,20.8,5.7
E00054388,34.7,36.8,11.1,17.4
E00054389,56.2,28.8,9.8,5.2
E00054390,54.4,22.8,4.4,18.4
E00054391,43.4,20.6,11.8,24.3
E00054392,22.8,47.2,14.6,15.4
E00054393,20.6,19.9,14.7,44.9
E00054394,26.8,22.9,13.4,36.9
E00054395,20,36.7,18.3,25
E00054396,21.4,33.8,13.1,31.7
E00054397,20.5,36.8,23.1,19.7
E00054398,19.7,30.3,18.9,31.1
E00054399,52.1,19.4,12.5,16
E00054400,13,18.7,26,42.3
E00054401,50,11.5,9,29.5
E00054402,22.7,18,10.2,49.2
E00054403,26.7,25.9,11.1,36.3
E00054404,25.2,16.8,9.2,48.7
E00054405,25.8,16.7,13.6,43.9
E00054407,23,16.7,8.7,51.6
E00054408,25.4,21.5,15.4,37.7
E00054409,14.2,15.6,17,53.2
E00054410,30.6,16.5,11.8,41.2
E00054411,39,14,9.8,37.2
E00054412,59.6,19.1,9.2,12.1
E00054413,28.6,36.5,14.3,20.6
E00054414,35.8,25,16.7,22.5
E00054415,47.7,37.5,10.2,4.7
E00054416,25.8,35,19.2,20
E00054417,56.9,34.7,6.9,1.4
E00054418,39.3,42.2,12.6,5.9
E00054419,29.8,28.1,9.4,32.7
E00054420,47.9,28.1,16.4,7.5
E00054421,59.2,28.9,9.2,2.8
E00054422,49.7,28.1,9.9,12.3
E00054423,40.8,40.8,10,8.5
E00054424,28.6,30.7,10.7,30
E00054425,45.8,26.3,9.5,18.4
E00054426,33.3,33.3,12.6,20.7
E00054427,48.2,24.1,11.2,16.5
E00054428,30.7,35,10.2,24.1
E00054429,29.4,34.5,15.1,21
E00054430,78.9,16.8,1.1,3.2
E00054431,22.7,35.5,15.5,26.4
E00054432,31.9,37.7,15.9,14.5
E00054433,19.3,44.4,13.3,23
E00054434,30.5,30.5,16,22.9
E00054435,13.7,40.2,13.7,32.5
E00054436,34.7,36.7,16,12.7
E00054437,35.3,33.8,13.7,17.3
E00054438,26.6,26.6,16.9,29.8
E00054439,21.3,49.3,10.7,18.7
E00054440,15,37.2,21.2,26.5
E00054441,40.3,19.4,11.6,28.7
E00054442,11.9,24.6,17.2,46.3
E00054443,40.6,15.8,14.3,29.3
E00054444,11.3,42.3,24.4,22
E00054445,21.5,41.7,19.6,17.2
E00054446,33.6,38.5,14,14
E00054447,25.9,43,14.8,16.3
E00054448,35.6,50.8,6.8,6.8
E00054449,31,38.8,16.3,14
E00054450,15.7,50.9,19.5,13.8
E00054451,40.2,31.1,15.6,13.1
E00054452,14,18.6,12.4,55
E00054453,20.3,18.8,17.4,43.5
E00054454,53,23.1,9,14.9
E00054456,31.1,33.6,16,19.3
E00054457,29,32.8,9.9,28.2
E00054458,27.7,25,15.2,32.1
E00054459,34.7,26.6,12.1,26.6
E00054460,34.6,16.9,8.5,40
E00054461,39.5,30.6,13.4,16.6
E00054462,24.4,26.7,18.5,30.4
E00054463,44.1,22.4,14.3,19.3
E00054464,35.9,16.9,21.8,25.4
E00054465,29,41.9,17.2,11.8
E00054467,45.3,29.1,9.9,15.7
E00054468,15.9,29.6,20.6,33.9
E00054469,28.6,32.5,23,15.9
E00054470,17.6,44.3,13.7,24.4
E00054471,34,34.6,16.3,15
E00054472,44.7,22,13.8,19.5
E00054474,49.1,36,9.3,5.6
E00054475,29.4,34.3,16.8,19.6
E00054476,32.5,25.8,17.2,24.5
E00054477,44.1,24.3,17.8,13.8
E00054478,52.6,28.1,9.6,9.6
E00054479,22,36.4,22,19.7
E00054480,56.7,22.7,11.3,9.2
E00054482,16.6,17.2,9.8,56.4
E00054483,17.3,21.2,12.2,49.4
E00054484,15.9,15,11.5,57.5
E00054485,10.6,15.4,10.6,63.4
E00054486,18.7,22.4,11.2,47.8
E00054488,11.5,13.7,9.2,65.6
E00054489,7.3,13.1,11.7,67.9
E00054490,21,24.6,18.1,36.2
E00054491,18.7,16.7,12.7,52
E00054492,21.1,17.8,11.2,50
E00054493,19.9,26.2,16.3,37.6
E00054494,18.8,20.8,17.4,43.1
E00054495,16.3,19.3,23.7,40.7
E00054496,9,20.7,11.7,58.6
E00054497,10.3,19.3,7.6,62.8
E00054498,44.8,26.7,8.6,19.8
E00054499,7.8,10.2,18,64.1
E00054501,45.5,23.2,10.7,20.5
E00054504,9.8,10.5,9.8,69.9
E00054505,6.9,15.5,17.2,60.3
E00054506,13.2,14,9.1,63.6
E00054507,7.5,13.4,13.4,65.7
E00054508,8.3,17.4,7.4,66.9
E00054509,22.2,10.4,13.3,54.1
E00054510,13.2,11.3,16,59.4
E00054511,22.9,17.5,11.4,48.2
E00054512,9.3,11.6,14,65.1
E00054513,28.9,15,13.3,42.8
E00054514,76.1,8.7,3.3,12
E00054516,10.5,15,11.1,63.4
E00054517,3.5,16.8,11.5,68.1
E00054519,15.8,14.3,16.5,53.4
E00054521,52.6,15,12,20.3
E00054522,9.8,12.9,11.4,65.9
E00054523,18.7,18,16.5,46.8
E00054574,57.2,19.3,5.5,17.9
E00054611,63.6,16.7,9.1,10.5
E00054617,28.6,10.6,9.3,51.6
E00054618,43.6,22,8.8,25.6
E00054620,25.3,19.3,15.3,40
E00054621,60,24,6,10
E00054622,51.2,23.2,3.7,22
E00054624,13,18.3,14.8,53.9
E00054626,19.1,16.5,10.4,53.9
E00054628,69.9,10.2,4.2,15.7
E00054629,16.4,11.2,8.6,63.8
E00054631,11.2,20.1,14.2,54.5
E00054632,16.9,13.4,18.3,51.4
E00054633,16,11.8,16.8,55.5
E00054636,5.6,13,18.5,63
E00054637,20.8,12.3,23.8,43.1
E00054638,26,19.3,22.7,32
E00054640,12.5,14,20.6,52.9
E00054641,34.7,16,21.3,28
E00054642,21.6,12.7,15.7,50
E00054643,29.8,5.8,17.3,47.1
E00054644,43,21.1,7,28.9
E00054645,33.9,16.9,11,38.1
E00054646,38.1,11.6,11,39.4
E00054647,10.2,16.5,13.4,59.8
E00054648,36.4,15.6,9.1,39
E00054649,10.4,16,5.6,68
E00054650,27.6,11.7,4.9,55.8
E00054652,44.6,7.9,5.8,41.7
E00054653,17.6,7.4,16.9,58.1
E00054654,29.9,23.1,14.9,32.1
E00054660,43.9,37.1,11.4,7.6
E00054661,14.5,34.1,15.2,36.2
E00054662,40.8,33.3,14.3,11.6
E00054663,22.2,41,15.4,21.4
E00054664,45.5,23.4,13.6,17.5
E00054665,25.4,41,18,15.6
E00054666,20.3,27.3,17.2,35.2
E00054667,18,18,27.3,36.7
E00054668,22.9,42,15.3,19.8
E00054669,24.6,44.7,14,16.7
E00054670,32.9,35,19.6,12.6
E00054671,17.9,46.3,11.9,23.9
E00054672,32.8,28.9,22.7,15.6
E00054673,47.7,28.1,13.3,10.9
E00054674,18.5,16.7,14.8,50
E00054675,48.5,23.1,9.2,19.2
E00054676,28.7,31.5,9.1,30.8
E00054677,38.7,30.6,11.7,18.9
E00054678,20.9,26.1,14.9,38.1
E00054679,22.1,24.4,16.8,36.6
E00054680,19.7,27.7,13.9,38.7
E00054681,17,27.7,20.5,34.8
E00054682,24.8,27.1,20.2,27.9
E00054684,31.4,32.1,15.3,21.2
E00054685,24,35.2,16.8,24
E00054686,16.3,33.3,24.8,25.5
E00054687,33.6,36.7,14.1,15.6
E00054689,33.8,32.4,19.9,14
E00054690,27.3,46.1,7,19.5
E00054691,30.2,29.2,15.1,25.5
E00054692,35.9,32.4,14.8,16.9
E00054693,40.3,25.8,11.3,22.6
E00054694,59.3,25.7,9,6
E00054695,35,30.9,13,21.1
E00054696,48,23.7,12.1,16.2
E00054697,34.7,24.8,20.7,19.8
E00054698,28.4,35.3,13.7,22.5
E00054699,33.6,32,19.7,14.8
E00054700,29.9,38.9,13.6,17.6
E00054701,25.8,21.8,23.4,29
E00054702,21.1,27.6,18.4,32.9
E00054716,30.1,36.8,14.7,18.4
E00054723,27.2,54.4,7.8,10.7
E00054724,43.5,34.7,9.7,12.1
E00054725,36.2,32.4,15.2,16.2
E00054741,22.4,51.7,18.1,7.8
E00054758,40.6,25,15.6,18.8
E00054759,31.6,29.9,20.3,18.1
E00054760,23.7,27.3,25.8,23.2
E00054761,21.1,22.5,21.8,34.5
E00054782,29.9,21.9,19.7,28.5
E00054783,32.7,27.9,23.1,16.3
E00054784,29,26.9,21.2,22.8
E00054785,16.5,33,16.5,33.9
E00054788,45.4,23.5,11.8,19.3
E00054789,22.7,31.3,20.2,25.8
E00054790,33.8,36.2,15.4,14.6
E00054791,36.9,37.4,11.8,13.8
E00054792,22.3,48.5,16.2,13.1
E00054795,38.9,37.3,8.7,15.1
E00054999,31.3,28.2,18.3,22.1
E00055000,31,37.3,14.3,17.5
E00055002,22,32.1,21.4,24.4
E00055003,35.7,34.1,18.3,11.9
E00055004,34.2,26.1,26.1,13.5
E00055006,35.1,36,14.4,14.4
E00055008,32.1,21.6,14.9,31.3
E00055009,14.7,27.2,30.9,27.2
E00055010,25.9,43.9,15.8,14.4
E00055011,29.3,40.8,12.9,17
E00055012,40.8,35.2,8.5,15.5
E00055013,23.4,47.7,13.1,15.9
E00055014,21.4,36.5,15.9,26.2
E00055015,23.8,47.6,14.3,14.3
E00055016,23.6,44.5,15.5,16.4
E00055017,26.4,32.7,22.7,18.2
E00055018,19.1,38.9,29,13
E00055019,33.8,27,22.5,16.7
E00055020,34.7,33.9,11.9,19.5
E00055021,26.9,52.8,8.3,12
E00055022,23.6,25.5,25.5,25.5
E00055023,36.7,32,9.4,21.9
E00055024,29.8,30.6,18.2,21.5
E00055025,42.5,20,18.8,18.8
E00055026,29.5,35.5,16.4,18.6
E00055027,19.7,37,18.9,24.4
E00055028,31.9,37.8,11.9,18.5
E00055029,62.9,23.4,7.3,6.5
E00055042,25.4,50.8,11.1,12.7
E00055069,11.2,27.6,16.3,44.9
E00055073,17.8,39.3,23.4,19.6
E00055074,12.6,34.5,21.8,31.1
E00055096,27.8,41.7,8.3,22.2
E00055097,32,33.3,18.3,16.3
E00055098,32.8,34.4,16.4,16.4
E00055099,22.9,36.7,21.1,19.3
E00055100,21.3,30.7,18.9,29.1
E00055101,21.6,26.1,25,27.3
E00055102,21.3,25.7,31.6,21.3
E00055103,24.8,33.9,19.8,21.5
E00055121,29.4,41.3,17.5,11.9
E00055122,21.4,45.2,19,14.3
E00055123,22.1,39.6,19.5,18.8
E00055124,29.6,39.5,16.4,14.5
E00055125,36.9,39.6,12.6,10.8
E00055126,36.7,46.1,10.9,6.3
E00055127,15.7,40.3,21.6,22.4
E00055128,31.7,44.7,12.2,11.4
E00055129,24.7,41.1,12.7,21.5
E00055130,39.3,36.6,14.5,9.7
E00055131,29.2,41.6,15,14.2
E00055132,13.2,42.6,16.9,27.2
E00055133,28.3,41.5,13.2,17
E00055165,44.4,30.8,10.3,14.5
E00168672,22.8,45.5,16.3,15.4
E00168675,20.6,31.6,23.5,24.3
E00176094,53.9,38.2,5.6,2.2
E00176095,52.2,33.7,7.6,6.5
E00176096,33.9,33.1,13.4,19.7
E00176098,27.8,25.2,17.4,29.6
E00176099,63.4,33.1,2.8,0.7
E00176100,58.1,34.5,4.7,2.7
E00176101,58,37,4.9,0
E00176102,21.5,16.5,16.5,45.5
E00176103,28.6,15.9,9.5,46
E00176112,67.9,17.3,4.8,10.1
E00176113,27.4,21.4,8.3,42.9
E00176114,16,12,8,64
E00176116,10.6,12.8,10.6,66
E00176117,8.5,11.7,14.9,64.9
E00176118,20.5,29.5,9.1,40.9
E00176119,48.4,14.1,8.6,28.9
E00176120,17,17,13.2,52.8
E00176121,9,15,8,68
E00176122,67.6,27.1,2.4,2.9
E00176123,49.3,18.7,28.7,3.3
E00176125,61.3,14.5,3.2,21
E00176126,38.9,15.6,4.4,41.1
E00176127,28.9,18.1,13.9,39.2
E00176128,22.9,11.9,24.6,40.7
E00176131,57,13.9,8.9,20.3
E00176132,53.6,15.9,8.7,21.7
E00176133,14.3,12.4,21.9,51.4
E00176134,6.6,14.5,10.5,68.4
E00176136,16.1,10.7,21.4,51.8
E00176141,32.6,15.7,12.4,39.3
E00176142,64.6,12.7,5.1,17.7
E00176143,5.7,5.7,11.3,77.4
E00176144,57.8,16.7,8.9,16.7
E00176147,39.5,16,7.4,37
E00176149,18.5,9.7,18.5,53.2
E00176150,25.2,9.3,15,50.5
E00176151,30.1,9.6,12,48.2
E00176156,50,28.8,10.3,11
E00176157,30.7,13.9,7.3,48.2
E00176159,8.5,4.2,7,80.3
E00176160,12.4,14.4,12.4,60.8
E00176167,14.2,31.5,24.4,29.9
E00176168,10.4,13.5,8.3,67.7
E00176172,35.9,16.4,16.4,31.3
E00176175,25.4,31,18.3,25.4
E00176177,38.3,29.3,13.5,18.8
E00176179,17.1,35.6,23.3,24
E00176180,26.5,23.5,15.9,34.1
E00176181,25.6,32.6,12.8,29.1
E00176182,30.4,28.6,19.6,21.4
E00176183,17.1,35,18.7,29.3
E00176185,2.2,6.5,2.2,89.1
E00176186,38.2,33.6,14.5,13.7
E00176195,15.1,13.2,13.2,58.5
E00176197,16.7,20.8,25.8,36.7
E00176198,14.9,25.4,26.9,32.8
E00176206,18.3,12.2,8.7,60.9
E00176207,57.7,7.3,5.8,29.2
E00176208,14,6,14,66
E00176209,9.4,13.2,15.1,62.3
E00176210,20.7,8.6,13.8,56.9
E00176211,6.6,7.5,8.5,77.4
E00176212,19.4,34.7,18.5,27.4
E00176213,75.7,16.7,4.9,2.8
E00177751,32.7,38.6,10.8,17.9
E00177753,14,19.3,18.4,48.2
E00177754,32.1,37.2,16,14.7
E00177755,59.2,26.8,5,8.9
E00177762,39.5,11.5,10.2,38.9
E00177764,21.4,8.3,6,64.3
E00177765,40.2,6.9,9.2,43.7
E00177766,43.5,17.4,9.6,29.6
E00177769,74,15.1,4.1,6.8
E00177770,9.5,31.8,21.2,37.4
E00177771,79.3,12.9,4.3,3.4
E00177773,15.9,24.7,24.7,34.6
E00177774,5.1,31.6,25.6,37.6
E00177775,18.9,15.9,11.4,53.8
E00177776,47.9,8.5,10.3,33.3
E00177778,19.2,32.7,23.1,25
E00177779,24.2,11.6,12.6,51.6
E00177784,10.3,10.3,20.7,58.6
E00177785,18.9,43.3,24.4,13.3
E00177790,26,13.7,14.5,45.8
E00177793,1.7,5.1,13.6,79.7
E00177794,17.4,32.6,20.5,29.5
E00177795,19.1,25.5,34,21.3
E00177796,5.4,17.2,15.1,62.4
E00177797,14.4,17.4,24.2,43.9
E00177800,24.6,20,15.4,40
E00177801,27.6,22.8,20.7,29
E00177803,33.7,14.6,9,42.7
E00177804,66.3,18.8,10.9,4
E00177808,68.8,18.8,7.8,4.7
E00177810,34.3,32.9,15.7,17.1
E00177811,47.3,29.6,18.3,4.7
E00177812,9.3,4.7,2.3,83.7
E00177813,17.9,0,10.3,71.8
E00177814,69.1,25.5,2.1,3.2
E00177816,31.7,22.5,18.3,27.5
E00177818,45.9,27.9,19.7,6.6
E00177820,22.3,21.4,8.7,47.6
E00177823,10.1,23.3,34.1,32.6
E00177824,32.7,38.8,8.2,20.4
E00177833,11.9,9.5,9.5,69
E00177834,29.7,13.8,8.3,48.3
E00177835,29.6,31.9,20.7,17.8
E00177837,13.5,19.4,12.3,54.8
E00177839,52.6,5.3,10.5,31.6
E00177840,6.1,17.2,8.1,68.7
E00177841,27.2,28.7,17.3,26.7
E00177842,9.4,8.7,31.2,50.7
E00177843,57.4,22.6,15.3,4.7
E00177844,8.5,29.2,19.8,42.5
E00177846,13.4,31.3,24.6,30.6
E00177847,24.8,31.4,24.8,19
E00177850,27.1,24.1,12,36.8
E00177851,49,25.9,12.6,12.6
E00177852,4.7,14,11.6,69.8
E00177853,4,23,30,43
E00177855,78.6,12.5,5.4,3.6
E00177856,27.8,35.3,12.8,24.1
E00177857,31.6,13.3,33.7,21.4
E00177861,25.4,49.2,19,6.3
E00177862,10.3,1.9,5.6,82.2
E00177865,37.5,14.3,8.9,39.3
E00177866,47.6,18.9,7.6,25.9
E00177867,67.1,11,9.8,12.2
E00177868,24.5,12.3,16,47.2
E00177869,11.8,11.8,17.1,59.2
E00177870,23.6,21.7,6.6,48.1
E00177871,43,20.3,17.7,19