geography_code,ethnic_group_tb_6a-001,ethnic_group_tb_6a-002,ethnic_group_tb_6a-003,ethnic_group_tb_6a-004,ethnic_group_tb_6a-005
E00009587,6.7,2.2,9,79.4,2.7
E00009588,10.2,10.7,6.3,67.8,4.9
E00009591,8,0.4,4.9,82.2,4.4
E00009592,7.1,10.2,4.9,70.7,7.1
E00009593,4.8,12.3,4.4,69.7,8.8
E00009594,2.9,2,3.5,90.4,1.2
E00009596,5.2,1,4.5,82.5,6.9
E00009597,6.2,5.6,4.3,81.2,2.8
E00012793,10.7,18.6,8.6,57.1,5
E00012794,13.9,13.5,7.4,57.8,7.4
E00012795,9.3,5.2,5.5,74.9,5.2
E00012796,6.3,7.9,6.6,73.6,5.7
E00019092,8.2,0.5,5.1,82.7,3.6
E00019093,5.7,4.6,7.4,76,6.3
E00019094,8.4,2.5,7,80.7,1.4
E00019095,8,2,5,77.6,7.4
E00019096,8.3,0.2,4.4,83.6,3.5
E00019097,6.6,0.6,3.2,88.5,1.1
E00019098,2.4,0.5,5,88.3,3.7
E00019099,2.3,0,3.3,94,0.3
E00019100,3.4,0,2.3,93.7,0.6
E00019101,4.5,0.3,4.2,90.1,0.8
E00019102,1,0,3.1,92.8,3.1
E00019103,6.4,1.7,3.7,87.8,0.3
E00019104,2.9,1.9,6.7,82.1,6.4
E00019105,3.4,1.5,6.8,85.2,3
E00019106,1.6,0.3,7.9,89.6,0.5
E00019107,4.7,0.3,1.7,93.3,0
E00019110,1.2,0.3,3.8,93.5,1.2
E00019112,5.4,0.5,3.4,87,3.7
E00019114,2.4,2.1,4.7,87.4,3.5
E00019118,5,1.9,2.8,88.4,1.9
E00019120,1.4,0,6.2,91,1.4
E00019121,3.3,1.3,5.2,87.6,2.6
E00019122,7.7,0.4,5.1,80.5,6.3
E00019123,12.3,0,4.6,80.1,3.1
E00019124,3.2,0,7.2,83.6,6
E00019127,10.5,0.3,5.5,79.8,3.9
E00019370,6.9,0,2.1,91,0
E00019371,2.8,0,8.7,88.5,0
E00019372,3.1,0,6.2,88.8,1.9
E00019373,4.7,0,6.1,89.2,0
E00019374,4,0,3,89.3,3.7
E00019375,4.5,0.3,5,90,0.3
E00019377,4.4,0,5.2,90.3,0
E00019378,5.3,1.8,5,86.5,1.4
E00019379,6.1,0.4,2.6,90.9,0
E00019380,3.1,0.3,3.1,91,2.4
E00019382,6.1,3,6.1,79.9,4.9
E00019383,11,2.9,7.3,72.7,6.1
E00019386,4.1,0.3,4.5,90.8,0.3
E00019387,2.5,1.5,9.1,84,2.9
E00019389,4.9,0,5.2,87.1,2.8
E00019390,2.8,2.8,6.1,88.3,0
E00019391,18.5,7.2,7.2,62.2,4.8
E00019392,2.7,0,1.2,94.9,1.2
E00019393,5.4,1.9,5.8,84.5,2.3
E00019394,9,1.8,3.6,83.7,1.8
E00019395,0.6,0,1.6,95.2,2.6
E00019396,5.6,2.6,6,77.6,8.2
E00019397,11.7,2.9,3.3,74.6,7.5
E00019398,5.7,1.8,3.9,85.7,2.9
E00019399,5.5,6.9,5.5,75.5,6.6
E00019400,3.1,0,0.7,96.2,0
E00019401,5.8,2.9,2.6,88.7,0
E00019402,2.4,1.5,2.4,91.8,1.8
E00019403,1.7,0,3.1,94.8,0.4
E00019404,10.9,3.4,4.3,73.6,7.8
E00019405,8.5,2,4.8,81.4,3.4
E00019406,3.2,1.3,5.4,87.1,3.2
E00019407,9,2.9,7.4,76.1,4.5
E00022629,10,7.1,10,67.5,5.4
E00022630,5.7,6.3,4.6,80.6,2.9
E00022636,15,1.9,7.3,69.2,6.5
E00022639,13.4,15.2,5.7,59,6.7
E00022667,8.8,1.3,4.9,82.9,2.1
E00022668,5.9,6.6,5.9,81.5,0
E00022672,6.2,4.5,1.3,84.1,3.9
E00022675,8.4,7.4,6.4,72.8,5
E00023002,18.5,9.1,5.9,61.8,4.7
E00023003,7.6,1.5,5,81.3,4.6
E00023032,12.4,14.4,6.1,62.4,4.8
E00023033,16.4,19.5,5.7,47.5,10.9
E00023034,8.8,10.3,6,66.7,8.3
E00023035,13,13,6.7,58.1,9.2
E00023036,22.1,14,6.3,48.4,9.3
E00023037,14,22.7,6.4,50.1,6.7
E00023038,15.2,18.1,6.5,52.6,7.4
E00023191,8.7,3.5,5.2,81.2,1.4
E00023192,6.6,1.9,5.8,82.9,2.7
E00023209,10.7,15.1,7.6,58.8,7.9
E00023210,10.6,11,8.5,62.7,7.2
E00023211,2.4,0.7,5.9,89.9,1
E00023212,3.8,1.2,3.1,89.6,2.3
E00023213,6.5,0,2.7,89.5,1.3
E00023214,5.3,1.2,6.5,85.3,1.6
E00023216,6,2.4,6.5,83.6,1.5
E00023217,4.7,0.7,4,88.7,1.8
E00023218,5.3,1.6,6.9,84.1,2
E00023219,3.4,4.7,5.7,86.1,0
E00023220,3.7,0,3.7,90.6,2
E00023221,4.3,0.7,4.3,89.4,1.3
E00023222,3,0.3,5.4,90.3,1
E00023224,5.1,10.3,7.5,75,2.1
E00023227,4.6,0,4.6,87.9,2.8
E00023228,2.4,0.3,5.1,90.8,1.4
E00023231,7.4,2.5,6.2,81.8,2.1
E00023232,2.9,0.5,3.7,89.1,3.7
E00023233,2.7,1.9,5.4,89.9,0
E00023368,3.2,1.4,4.3,89.9,1.1
E00023369,7.1,7.1,8.9,67.2,9.8
E00023370,3.2,0.3,1.3,94.3,0.9
E00023371,7.8,1.6,6.2,83.1,1.3
E00023372,3.7,2.7,9.7,80.3,3.7
E00023373,5.6,6.2,6.2,78.7,3.3
E00023374,3.4,3.4,11.6,70,11.6
E00023375,6.5,7.8,6.1,76.1,3.6
E00023376,16.7,14.2,3.7,53.9,11.5
E00023377,16,3.7,10.9,64.2,5.1
E00023378,7.7,1.6,8.2,80,2.5
E00023379,4.6,7.8,5.7,75.5,6.4
E00023380,6.4,12,11.2,64.9,5.6
E00023381,8.3,6.4,6.1,68.4,10.8
E00023382,15.7,17,7.9,47.5,11.9
E00023383,12.4,22.1,8,53.1,4.3
E00023384,10.4,1.1,4.1,81.1,3.3
E00023386,12.7,0,6.4,72.1,8.8
E00023387,24.9,21.7,6.5,39.1,7.8
E00023389,17.5,23.9,11.4,41.9,5.3
E00023390,18.6,4.8,7.1,63.6,5.9
E00023395,4.8,4.2,10.1,75,6
E00023396,12.3,2.7,8.2,74.1,2.7
E00023397,15.4,4.1,3.1,71.3,6.1
E00023398,9.1,4.2,4.5,75.4,6.8
E00023399,7.6,8.7,7.2,65.3,11.2
E00023400,5.8,6.2,9.8,72,6.2
E00023401,8.7,3.9,6.5,77,3.9
E00023402,7.9,6.1,5.4,75.9,4.7
E00023403,4.9,2.8,2.5,88.1,1.8
E00023404,10.7,2.8,3.8,78.9,3.8
E00023405,8.5,5.1,10.9,72.4,3.1
E00023406,2.5,8.1,7.6,73.9,7.8
E00023407,10.4,5.5,6.2,65.7,12.2
E00023408,12.9,14.5,5,64.7,3
E00023409,4.5,1,3.6,87,3.9
E00023410,4,0,5.1,90.9,0
E00023411,8,10.5,10.7,66.7,4.1
E00170903,14.1,10.7,9.2,62.2,4
E00170907,4.5,3.6,3.1,82.5,6.3