geography_code,workplace_travel_4a-001,workplace_travel_4a-002,workplace_travel_4a-003,workplace_travel_4a-004
E00000577,34.9,11.3,34.9,18.9
E00000609,23.2,20.7,33.6,22.4
E00000769,17.8,14,56.7,11.5
E00000770,24.1,19.3,40.1,16.5
E00000771,17.7,14.1,52.2,16.1
E00000772,35.5,14.5,26.6,23.4
E00000773,47.3,10.7,26,16
E00000774,36.2,11.2,29.6,23
E00000775,20.2,10.6,52.5,16.7
E00000776,30,16.8,40,13.2
E00000777,27.6,9.2,48.7,14.5
E00000778,28.1,18,31.7,22.2
E00000779,22.3,16,45.2,16.5
E00000780,34.8,12.3,44.5,8.4
E00000781,40.2,14.2,32.5,13
E00000782,31.9,12.4,29.7,25.9
E00000783,32.3,9.8,30.1,27.8
E00000785,27.5,9.3,50.3,13
E00000786,23.9,22,40.7,13.4
E00000787,28.5,12.8,42.4,16.3
E00000788,39.2,10.8,32.3,17.7
E00000789,41,9.5,22.9,26.7
E00000790,41.2,17.5,22.7,18.6
E00000791,27.7,16,31.9,24.4
E00000792,35,12.1,30.6,22.3
E00000793,31.9,8,43.6,16.6
E00000794,38,12.7,30.1,19.3
E00000795,31.4,13.1,40.3,15.2
E00000796,44,17.6,18.9,19.5
E00000797,28.4,6.8,51.9,13
E00000798,35.5,10.2,41,13.3
E00000799,25.5,11.5,49.7,13.3
E00000800,27.4,9.1,43,20.4
E00000801,32.7,12.7,43,11.5
E00000802,36.4,12.1,38.6,12.9
E00000803,25.7,8.1,50.7,15.5
E00000804,21.6,11.2,58.6,8.6
E00000805,30.2,7.6,36.9,25.3
E00000806,23.4,16.3,45.1,15.2
E00000810,25.9,14.3,38.1,21.8
E00000813,27.2,18.3,30.7,23.8
E00000814,18.4,13.6,51,17
E00000815,31,11.3,42.3,15.5
E00000816,21.4,17.9,50.9,9.8
E00000817,25.7,9.8,48.1,16.4
E00000818,30.8,17.5,35.7,16.1
E00000871,18.6,7.6,65.7,8.1
E00000872,42.2,15.7,30.1,12
E00000873,19,8,65.5,7.5
E00000874,29.6,3.7,61.7,4.9
E00000876,22.3,12.2,63.3,2.2
E00000877,21.8,4.8,70.7,2.7
E00000878,26.5,7.3,50.6,15.5
E00000881,35.8,11.5,31.5,21.2
E00000882,36.9,11.7,28.5,22.9
E00000883,20.5,8.2,62,9.4
E00000884,25.7,11.4,56.2,6.7
E00000885,38.3,14.3,25.6,21.8
E00000886,33.5,4,51.1,11.4
E00000887,33.1,16.5,32.3,18
E00000889,36.8,15.8,34.2,13.2
E00000891,31.8,13.5,45.3,9.4
E00000892,27.3,8.2,54.6,9.8
E00000893,23.3,5.8,62.2,8.7
E00000895,26.4,6.7,57.5,9.3
E00000896,38.6,9.1,29.5,22.7
E00000898,19,7.5,67.3,6.1
E00000899,27.7,8.1,53.2,11
E00000901,23.8,8.8,58.8,8.8
E00000902,35.8,8.8,35.8,19.6
E00000903,23.4,7,54.7,14.8
E00000905,21.7,5,63.4,9.9
E00000907,26.6,3.2,62.3,7.8
E00000909,25.6,6.4,64,3.9
E00000910,19.2,8.8,64.8,7.1
E00000911,33.5,8.3,47.2,11
E00000912,31.1,11.5,40.5,16.9
E00000913,35.5,7.5,43.9,13.1
E00000915,21.5,5.8,62.2,10.5
E00000916,23.8,8.1,59.4,8.8
E00000917,29.2,6.7,46.1,18
E00000918,22.7,9.2,52.1,16
E00000919,23.6,5.5,64.3,6.5
E00000920,28.4,5.8,58.2,7.7
E00000921,31.4,13,33.7,21.9
E00001028,24.7,6.6,62.6,6
E00001030,23.8,7.3,61.6,7.3
E00001031,16,3.6,72.8,7.7
E00001035,30.6,2.2,49.5,17.7
E00001038,21.2,3.4,67.8,7.5
E00001046,24,5.6,66.5,3.9
E00001057,29.1,5,60.3,5.6
E00001540,30.8,17.3,29.6,22.3
E00001543,26.8,12.1,42.7,18.5
E00001544,24,21.4,42.2,12.3
E00001545,30.8,10.6,42.9,15.7
E00001546,37.6,10.6,37.6,14.3
E00001547,21.7,15.2,42.9,20.2
E00001548,47,10.6,25,17.4
E00001549,32.6,15.4,27.4,24.6
E00001550,23.8,20.6,39.7,15.9
E00001551,25.5,14.2,41.7,18.6
E00001552,41.9,16.2,28.4,13.5
E00001553,34.2,12.6,32.1,21.1
E00001555,38.1,16.8,27.7,17.3
E00001556,25.9,8.6,53.2,12.2
E00001557,24.3,14.2,40.8,20.7
E00001559,42.6,12.4,25.4,19.5
E00001562,33.6,9.9,31.3,25.2
E00001580,26.7,19.3,46.7,7.4
E00001582,28.7,17.4,32.9,21
E00001583,31.1,17,34.8,17
E00001584,17.5,19.4,43.1,20
E00001585,24.4,17.3,45.5,12.8
E00001586,25.7,10.8,38.5,25
E00001587,34.7,17,29.3,19
E00001588,23,13.5,49.3,14.2
E00001589,23.9,17.2,41.7,17.2
E00001590,23.8,17.6,44.8,13.8
E00004492,15.4,3.1,74.1,7.4
E00004493,22.2,4.9,60.5,12.3
E00004494,24.4,1.8,64.5,9.2
E00004495,15.4,3.8,77.9,2.9
E00004496,21.7,5.8,69.6,2.9
E00004497,34.5,4.3,46.6,14.7
E00004498,38.2,3.5,43.1,15.3
E00004499,15.8,2.3,76.8,5.1
E00004500,25.7,2.7,63.5,8.1
E00004501,33.3,10.4,52.1,4.2
E00004502,32.1,2.5,56.8,8.6
E00004503,27,7.2,50.5,15.3
E00004504,19.6,0.7,76.1,3.6
E00004505,34.9,7.5,51.4,6.2
E00004506,34.5,6.8,49.3,9.5
E00006910,24.4,14.8,42.1,18.7
E00006911,37,11.1,27.2,24.7
E00006912,28.8,17.1,27.1,27.1
E00006913,31.3,16.9,24.1,27.7
E00006914,17.5,17.5,43.4,21.7
E00006915,32.3,18.1,33.1,16.5
E00006916,20.9,10.5,40.1,28.5
E00006917,25,16,35.5,23.5
E00006918,34.4,13.3,29.2,23.1
E00006920,32.2,19.3,26.9,21.6
E00006921,37.1,15.3,29.4,18.2
E00006922,25,15.4,51.1,8.5
E00006923,21.6,18.3,42.8,17.3
E00006924,27.7,16.8,22.6,32.9
E00006925,32,17.7,27.9,22.4
E00006926,22.7,9.9,56.9,10.5
E00006927,28.2,17.6,28.2,25.9
E00006928,38.8,19.7,21.1,20.4
E00006929,31.6,17.7,18.2,32.5
E00006930,20.2,19.8,39.7,20.2
E00006931,46.5,11.1,17.4,25
E00006932,22,14.1,48.2,15.7
E00006933,26.3,14.9,39.4,19.4
E00006934,23.2,15.7,44.9,16.2
E00006935,26.2,17.3,37.1,19.3
E00006936,26.7,8.6,40.1,24.6
E00006937,27.9,15,27,30
E00006938,22,17,45,16.1
E00006939,37.6,16.8,28.7,16.8
E00006940,39,25.6,15.3,20.1
E00006941,25.9,22.2,32.4,19.4
E00006942,27.6,13.6,45.2,13.6
E00006943,23.1,15.6,41.3,20
E00006944,32.8,18,27.9,21.3
E00006945,31.6,14.4,26.7,27.3
E00006946,18.3,18.3,48.4,15
E00006947,31.3,15.7,26.5,26.5
E00006948,31.8,14.5,30.1,23.7
E00007416,28.8,10.2,36.2,24.9
E00007434,36.7,21,23.8,18.6
E00007436,18.3,11.1,45,25.6
E00007438,36.1,15,31.7,17.2
E00007439,24.1,15.9,40.6,19.4
E00007441,37.8,16.7,33.3,12.2
E00007442,26.1,15.6,31.3,27
E00007444,21.7,15.9,49.7,12.7
E00007445,44.9,12.3,31.2,11.6
E00007446,32.6,10.7,38.8,18
E00007447,27.1,15.6,39.2,18.1
E00007448,29.7,19.6,36.1,14.6
E00007449,28.3,15.8,40.8,15
E00007450,31.7,21.1,24.6,22.6
E00007451,25.9,23.3,23.8,26.9
E00007584,24.8,13.1,47.7,14.4
E00007585,32.2,19.2,23.3,25.3
E00007586,34,17.8,27.9,20.3
E00007587,32.9,20.9,34.9,11.3
E00007588,31.9,22.2,30.4,15.5
E00007589,28.2,14.7,36.8,20.2
E00007590,29,21.4,37.4,12.2
E00007591,24.4,8.7,50.6,16.3
E00007594,36.2,20.7,26.7,16.4
E00007595,30.9,16,39.9,13.3
E00007607,24,15,42.7,18.3
E00007613,21,23.1,37.4,18.5
E00007614,27.9,8.9,55.3,7.8
E00007616,37.5,17.4,19.8,25.4
E00007617,28.2,13.6,47.5,10.7
E00007618,25,18.2,39.2,17.6
E00007619,33.3,18.3,26.1,22.2
E00007620,32.2,17.1,30.3,20.4
E00007621,35.9,14.5,20,29.7
E00007708,41.1,18.4,19.6,20.9
E00007712,40.6,14,25.6,19.8
E00007732,35.6,16,25,23.4
E00007739,35.7,16.3,27.1,20.8
E00007743,40,11.3,25.6,23.1
E00008537,44.2,5.8,35.6,14.4
E00008538,25,4,60.2,10.8
E00008539,23,4.6,61.8,10.5
E00008540,33.3,11.1,47.8,7.8
E00008542,32.2,5.5,56,6.2
E00008543,34.2,2.9,44.4,18.5
E00008544,45.3,10.9,27.7,16.1
E00008545,21.4,1.6,68.8,8.3
E00008548,27.3,3.3,63.3,6
E00008549,31.6,3.9,58.3,6.1
E00008550,20.1,6,64.9,9
E00008552,27.4,4.3,58.1,10.2
E00008554,25.5,5.6,58.7,10.2
E00008555,25,5.9,58.1,11
E00008557,38.1,10.2,37.3,14.4
E00008558,46.5,8.8,27.2,17.5
E00008559,28.5,3.8,62,5.7
E00008560,25.6,4.4,63.6,6.4
E00008561,40.8,5.1,34.7,19.4
E00008563,20.4,10.5,58.6,10.5
E00008570,23,3.8,56.5,16.7
E00008576,39.7,10.3,29.5,20.5
E00008577,25.8,5.7,66,2.5
E00008578,30.5,8.5,52,8.9
E00008984,29.1,3.4,34.6,32.9
E00008988,27,2.8,61.7,8.5
E00008992,33.1,2.9,50.4,13.7
E00008996,26.6,5,66.9,1.4
E00009016,42.1,6.9,29.6,21.4
E00009025,58.3,12.6,13.6,15.5
E00009029,29.7,8.5,32.7,29.1
E00009832,20.1,4.4,64.2,11.3
E00009833,20.8,5.4,68.5,5.4
E00009834,26.9,5,57.5,10.6
E00009835,21.6,4.7,64.2,9.5
E00009836,28.8,8.8,48.8,13.6
E00009837,26.7,9.9,49.5,13.9
E00009838,21.9,5.9,67.4,4.8
E00009839,15.7,9.6,68.1,6.6
E00009840,18.7,6.6,69.7,5.1
E00009841,18.2,5.3,70,6.5
E00009842,29,13.6,46.9,10.5
E00009843,20.7,5.2,62.6,11.5
E00009844,14.7,9.5,67.4,8.4
E00009845,22.2,6.3,60.8,10.8
E00009846,16.6,4,72.6,6.9
E00009847,24.1,8,63.8,4
E00009848,29,7.7,53.3,10.1
E00009849,17,8.2,66.1,8.8
E00009850,22.4,8.6,62.1,6.9
E00009851,24.4,5.5,64.7,5.5
E00009852,21.2,4.2,66.7,7.9
E00009853,21.1,7.3,61.8,9.8
E00009854,19.3,7.5,67.7,5.6
E00009855,24.4,4.7,62.4,8.5
E00009856,24.6,7.3,58.1,10.1
E00009857,13.4,9.9,69.2,7.6
E00009858,25.2,6.9,61.1,6.9
E00009859,26.9,7.8,59.9,5.4
E00009860,24.7,6.6,59.6,9
E00009861,12.7,6.8,74.6,5.9
E00009862,19.5,5.8,66.2,8.4
E00009863,21,7.7,60.1,11.2
E00009864,26.1,8.5,50.3,15
E00009865,26.1,15.5,44.1,14.3
E00009866,17,6.3,71,5.7
E00009867,34.7,16.7,33.3,15.3
E00009868,28.3,13.8,33.3,24.6
E00009869,31.3,19.8,26.4,22.5
E00009870,28.7,15.7,40.9,14.8
E00009871,42.3,11,28,18.7
E00009872,42.2,11.1,33.3,13.3
E00009873,25.3,12,41,21.7
E00009874,34.8,14.4,34.1,16.7
E00009875,25.8,14,35.4,24.7
E00009876,24,14.6,37.8,23.6
E00009877,27,18.2,35.1,19.7
E00009878,38,19.8,30.6,11.6
E00009879,27.7,9.5,47.3,15.5
E00009880,18.9,20.1,44,17
E00009881,27.3,24.1,25.1,23.5
E00009882,33.3,16.7,35.5,14.5
E00009883,30.4,9.5,45.3,14.9
E00009884,42.5,16.8,26.3,14.5
E00009885,34.6,17.8,19.6,28
E00009886,42.9,12.2,25.5,19.4
E00009887,39.8,22.2,14.8,23.1
E00009888,33.1,14,28.1,24.8
E00009889,20.1,5.7,64.2,10.1
E00009890,25.9,8.6,40.3,25.2
E00009892,21.4,8.1,48,22.5
E00009893,30.8,12.1,42,15.2
E00009894,21.5,8.5,53.1,16.9
E00009895,27,20.8,32.6,19.7
E00009896,28,18,31.8,22.3
E00009897,24.1,14.1,50.6,11.2
E00009898,34.9,14.3,31.4,19.4
E00009899,23.5,19.4,35.9,21.2
E00009900,27.7,17.3,31.5,23.5
E00009901,23.4,13.8,43.1,19.7
E00009902,28.6,12.3,36.8,22.3
E00009903,30.5,14.9,36.9,17.7
E00009904,29.2,14,45.5,11.2
E00009905,35,17.7,29.1,18.2
E00009945,38.8,7,47.2,7
E00009946,23.8,3.2,65.1,7.9
E00009947,37.7,8,46.3,8
E00009948,24,4,69.3,2.7
E00009949,19.8,5.6,69.8,4.9
E00009950,21.9,5.5,61.6,11
E00009951,14.9,5.3,70.2,9.6
E00009952,19.8,2.3,69.5,8.5
E00009953,23.8,5.4,60.5,10.2
E00009954,17.9,3.8,74.1,4.2
E00009955,17.6,2.3,74,6.1
E00009956,26.6,7,58.3,8
E00009957,23.2,3.7,61.6,11.6
E00009958,25,3.2,66,5.8
E00009959,19.6,6.1,68.2,6.1
E00009960,24.7,4.7,62,8.7
E00009961,22.7,6.1,62.1,9.1
E00009962,23.5,4.9,62.8,8.7
E00009963,28.3,3.4,62.8,5.5
E00009964,20.4,2.1,73.9,3.5
E00009965,19.7,3.4,70.7,6.1
E00009967,21.8,2.4,69.7,6.1
E00009968,23.7,4.2,63.6,8.5
E00009969,19.4,7,66.7,7
E00009970,21.5,2.9,67.3,8.3
E00009971,26.4,7.4,61.2,5
E00009972,23,4.5,64,8.4
E00009973,19,5.8,67.9,7.3
E00009974,18.7,4.7,69.3,7.3
E00009975,29.4,3.3,64.1,3.3
E00009976,21.8,5.3,62.4,10.6
E00009978,25.3,5.3,58.8,10.6
E00009979,25,4.7,65.6,4.7
E00009980,29.9,4.2,61.1,4.8
E00009982,33.6,2.9,57.7,5.8
E00009983,19.5,4.7,67.8,8.1
E00009984,29,3,59.8,8.3
E00009985,31,2.5,56,10.5
E00009986,11.2,7.3,77,4.5
E00009987,31.7,3.1,54.7,10.6
E00009988,22.3,11.2,55.3,11.2
E00009990,19.1,2.7,71.8,6.4
E00009991,18.1,11,64.6,6.3
E00009992,21.3,3.7,62.8,12.2
E00009993,22.6,7.1,67.3,3
E00009994,23.7,5.8,66,4.5
E00009995,23.6,9.9,55.5,11
E00009996,28.8,6.9,51.3,13.1
E00009997,23.1,7.7,57.7,11.5
E00009998,22.8,9.9,55.9,11.4
E00009999,24.1,5.4,63.4,7.1
E00010000,23.1,6.2,65.4,5.4
E00010001,34.9,3.9,55.3,5.9
E00010002,14.8,0.9,72.2,12
E00010003,24.3,6.9,61.8,6.9
E00010004,24.4,10.6,55.6,9.4
E00010005,23.6,5.2,64.4,6.9
E00010006,18.1,4.2,74.7,3
E00010007,22.5,6.9,63.8,6.9
E00010008,22.5,3.6,68.9,5
E00010009,17.7,9.2,63.1,10
E00010010,21.2,12.1,59.8,6.8
E00010011,21.5,2.2,71.9,4.4
E00010012,17.8,6.1,73,3.1
E00010013,23.3,6.2,65.1,5.4
E00010014,18.8,5.2,70.8,5.2
E00010015,31.7,9,51.7,7.6
E00010016,19.3,11.2,59,10.6
E00010017,29,3.6,57,10.4
E00010018,31.8,5.9,51.4,10.9
E00010019,19.2,14.4,52.7,13.7
E00010021,31.4,16.5,39.7,12.4
E00010022,34.3,8.9,42,14.8
E00010023,29.5,8.9,45.2,16.4
E00010024,21.4,5.7,67.9,5
E00010026,23.2,9.7,55.3,11.8
E00010027,41.7,13.9,27.8,16.7
E00010029,28.9,6.6,43.4,21.1
E00010030,28.1,4.6,56.1,11.2
E00010032,23.4,12.3,53.8,10.5
E00010033,22.3,8.9,52,16.7
E00010035,29.2,9.5,45.6,15.7
E00010036,40.5,12.1,26.8,20.5
E00010037,28.6,8.1,45.7,17.6
E00010038,41.2,6.2,38.9,13.7
E00010039,46.4,9.3,23.2,21.2
E00010041,30.4,7.6,52.4,9.6
E00010042,29,6.1,52.3,12.6
E00010043,35.3,6.4,49,9.3
E00010044,26.2,12.3,52.8,8.7
E00010045,29.1,9.5,47.1,14.3
E00010046,40,8.5,33.3,18.2
E00010047,29.2,9.7,46.7,14.4
E00010048,24.7,9.5,52.6,13.2
E00010049,27.2,13,47.1,12.7
E00010050,24.3,4.7,56.1,14.9
E00010051,28.6,7.5,56.5,7.5
E00010052,29.9,6,56,8.2
E00010053,31,4.7,52,12.3
E00010054,33.1,5.6,51,10.4
E00010055,40.6,6.8,39.1,13.5
E00010056,21.4,5.8,55.9,16.9
E00010057,23.2,5.7,60.8,10.3
E00010058,34.3,5.4,50,10.2
E00010059,29.7,4.9,51.6,13.7
E00010060,38.1,7.8,36.2,17.9
E00010061,31.8,3.9,54.2,10.1
E00010062,26.2,2.7,60.1,10.9
E00010064,20.9,3.3,72.5,3.3
E00010065,17.4,4.3,73.3,5
E00010066,19.9,2.9,73.7,3.5
E00010067,23.1,6.5,63.9,6.5
E00010068,21.3,2.8,68.8,7.1
E00010069,25.2,4.5,60.4,9.9
E00010070,35.2,4.1,54.9,5.7
E00010071,24.9,4.3,65.9,4.9
E00010072,31.9,5,52.9,10.1
E00010073,26.8,4.5,62.5,6.3
E00010074,22.2,0.6,69,8.2
E00010075,20.1,2,71.1,6.7
E00010076,18.7,4.7,71.3,5.3
E00010077,33.8,7.7,48.6,9.9
E00010078,20.2,4.6,72.5,2.8
E00010079,22.5,3.8,70.6,3.1
E00010080,26.7,2.7,64.4,6.2
E00010081,9.1,3.9,81.8,5.2
E00010082,24.5,6.8,58.9,9.9
E00010083,25.3,7.8,61.7,5.2
E00010084,21.8,1.4,65.3,11.6
E00010085,23.9,4.6,65.5,6.1
E00010086,17,3.6,69.1,10.3
E00010087,17.5,3.6,72.3,6.6
E00010088,18.9,3.6,68.6,8.9
E00010089,24.3,2.7,67.6,5.4
E00010090,19.1,3.2,70.2,7.4
E00010091,16.9,5,74.4,3.8
E00010092,26.8,2.8,62,8.4
E00010093,22.3,2.3,71.5,3.8
E00010094,31.5,4.6,46.9,16.9
E00010095,23.2,2.7,60.8,13.3
E00010096,19.9,5.6,69.6,5
E00010097,18.3,5.8,65.8,10
E00010098,32.1,5.4,51.8,10.7
E00010099,30.5,4.3,59.1,6.1
E00010100,31,4.1,54.5,10.3
E00010101,17.7,4.7,75.5,2.1
E00010102,29.4,7.8,55.9,6.9
E00010103,27.8,5.9,54.4,11.8
E00010104,28.2,4.5,53.5,13.9
E00010105,31.8,7.6,51.7,8.9
E00010106,35,7.5,43.5,14.1
E00010107,32.3,3.7,59,5
E00010108,23.4,4,62.1,10.5
E00010109,24.8,5.6,61.5,8.1
E00010110,27.9,5.5,56.4,10.3
E00010111,24.9,6.8,60.5,7.9
E00010112,27.2,9.3,54.3,9.3
E00010114,43.2,9.5,31.6,15.8
E00010115,42.7,13.5,30.2,13.5
E00010116,19.5,8.1,63.4,8.9
E00010117,34.7,2,56,7.3
E00010118,15.5,7.1,69.7,7.7
E00010119,44,10.4,27.2,18.4
E00010120,33.6,9.7,37.2,19.5
E00010121,27.2,5.1,58.8,8.8
E00010122,24.8,5.2,60.1,9.8
E00010123,26.2,5.5,57.3,11
E00010124,40.1,8.4,40.1,11.4
E00010125,21.3,3.8,68.8,6.3
E00010126,19.9,3.2,67.9,9
E00010127,25.7,5.4,59.5,9.5
E00010128,26.9,3.6,60.2,9.2
E00010130,26.2,8.9,57.7,7.1
E00010131,24.6,5.5,58.3,11.6
E00010132,29.8,7.7,50,12.5
E00010133,21.8,7.9,63,7.3
E00010134,36,1.6,52,10.4
E00010135,28.3,6.7,55,10
E00010136,21.5,6.2,63.8,8.5
E00010137,42.2,9.6,37.8,10.4
E00010138,19.1,5.6,66,9.3
E00010139,24.6,4.6,58.3,12.6
E00010140,28.6,3.2,63,5.2
E00010141,27.9,7.3,55.2,9.7
E00010142,26.7,8.6,56.1,8.6
E00010143,24.4,8.8,55.6,11.3
E00010144,24.4,7.7,57.1,10.9
E00010145,28.9,6.7,55.6,8.9
E00010146,31.3,4.3,53.9,10.4
E00010147,23.5,5.1,63.2,8.1
E00010148,23.6,7.3,67.3,1.8
E00010149,32,6.4,51.2,10.5
E00010150,18.5,5.9,66.8,8.8
E00010152,21,4.5,67.6,6.8
E00010153,31.7,5.8,51.7,10.8
E00010154,20.4,5.1,67.5,7
E00010155,32.6,9.3,44.8,13.4
E00010156,22.2,4.4,65.9,7.4
E00010157,16.7,1.4,73.9,8
E00010158,21.7,0.5,67.6,10.1
E00010159,19.1,2.2,68,10.7
E00010160,20.8,2.8,68.9,7.5
E00010161,17.9,2.8,70.3,9
E00010162,21.9,8.8,59,10.4
E00010163,18.2,4.1,71.2,6.5
E00010164,25.9,3.5,67.8,2.8
E00010165,24.4,2.4,60.1,13.1
E00010166,18.4,5.9,72.1,3.7
E00010167,20.9,3.8,66.5,8.8
E00010168,23.9,6.3,64.8,4.9
E00010169,29.8,3.1,58.6,8.4
E00010170,17.9,5.1,67.9,9
E00010171,16,3.2,76.6,4.3
E00010172,23.2,4.9,65.9,5.9
E00010173,32.5,8.9,52,6.5
E00010174,29.5,6.7,56,7.8
E00010176,43.3,12.7,20.1,23.9
E00010177,37,9.2,31.1,22.7
E00010178,47.1,8.9,24.8,19.1
E00010179,45.9,18,19.8,16.2
E00010180,37.1,9,31.1,22.8
E00010181,47,12,22.2,18.8
E00010182,34.6,16,27.6,21.8
E00010183,37.6,11.8,24.7,25.8
E00010184,36.3,7.4,39.1,17.2
E00010185,37.4,12.1,30.1,20.4
E00010186,39.2,8.5,16.2,36.2
E00010187,32.1,14.7,31.3,21.9
E00010188,25.1,9.9,48.7,16.2
E00010189,37.6,10.8,38.2,13.4
E00010190,37.3,13,27.5,22.3
E00010191,34.5,10.3,43.6,11.5
E00010192,33.3,9.7,41.7,15.3
E00010193,30.2,7.8,44.7,17.3
E00010194,43,11.5,25.8,19.7
E00010195,43.6,10.5,33.1,12.8
E00010196,23.6,34.4,17.2,24.8
E00010197,30.7,10.5,34,24.8
E00010198,29.7,13.8,34.8,21.7
E00010199,29.4,13.7,37.9,19
E00010200,39.1,12.3,20.9,27.7
E00010201,35.7,14.6,32.2,17.5
E00010202,40.7,11.5,28.6,19.2
E00010204,38.2,16,25.2,20.6
E00010205,36.3,17.6,32.6,13.5
E00010206,35.4,12.4,28.3,23.9
E00010207,41.2,11.8,26.1,20.9
E00010208,36.2,10.6,31.9,21.3
E00010209,35.9,11.1,32,20.9
E00010210,23.8,11.9,46.3,18.1
E00010211,32.1,10.9,40,17
E00010212,35.9,13.6,31.3,19.2
E00010258,33.1,8.5,32.4,26.1
E00010259,33.2,7.7,43.2,15.9
E00010260,37.7,8,39.6,14.6
E00010261,25.7,7.9,41.6,24.8
E00010263,24.7,13,32,30.3
E00010266,33.3,7.7,42.5,16.4
E00010268,33.8,5.7,46.7,13.8
E00010269,31.2,7,45.2,16.6
E00010270,36.3,8.4,42.3,13
E00010271,31.2,8.6,46.2,14
E00010272,39.9,6,38.3,15.8
E00010277,40.7,7.1,45.7,6.4
E00010278,39.2,17.6,26.4,16.8
E00010279,35.5,7.7,44,12.9
E00010280,39.4,4.4,46.8,9.4
E00010281,38.4,6.2,43.1,12.3
E00010282,32.7,8.1,42.2,17.1
E00010283,26.2,5.9,52,15.8
E00010284,31.4,7.9,46.1,14.7
E00010285,43.9,9.3,30.8,16
E00010286,35.2,6.1,45.9,12.8
E00010287,39.6,8.6,38,13.7
E00010289,59.4,5.2,18.7,16.8
E00010290,32.8,14.4,33.8,19
E00010291,28.3,9,44.8,17.9
E00010292,31.5,5.5,38.4,24.7
E00010310,27.8,5.9,48.4,17.9
E00010311,35.3,8.4,42.3,14
E00010318,38.6,12.3,36.8,12.3
E00010319,45.8,7.3,35.2,11.7
E00010326,33.6,12.4,41.6,12.4
E00010327,32.7,7.3,51.2,8.8
E00010328,37.4,4.9,42,15.6
E00010334,26.5,4.7,62.4,6.5
E00010335,22.4,4.2,68.5,4.9
E00010336,32.7,6.8,55.6,4.9
E00010337,30.2,4.7,54.1,11
E00010338,19.7,3.1,71.7,5.4
E00010339,23.2,6.1,64,6.7
E00010340,26,2.1,63,8.9
E00010341,23.5,3.6,62.4,10.4
E00010342,23,2.7,66.8,7.5
E00010343,52.4,8.1,27.4,12.1
E00010344,25.9,3.1,64.8,6.2
E00010345,23.7,6.2,64.5,5.7
E00010346,28.5,8.7,58,4.8
E00010347,21.7,0.6,69.1,8.6
E00010348,27.3,4,61.3,7.3
E00010349,28.9,6,57.7,7.5
E00010350,30.5,3.5,56,10
E00010351,25.4,5.6,60.9,8.1
E00010352,21.8,4.8,64.8,8.5
E00010353,33.6,7.8,50.9,7.8
E00010354,25,3.9,57.8,13.3
E00010355,28.8,1.4,62.6,7.2
E00010356,17,3.4,75.5,4.1
E00010357,22.8,3,66.8,7.4
E00010358,30.5,4.6,58.6,6.3
E00010359,29.2,3.2,55.8,11.7
E00010360,35.9,9,45.5,9.7
E00010361,29.9,7.6,52.1,10.4
E00010362,19.4,5,64.4,11.1
E00010363,27.7,5.8,58.4,8.1
E00010364,23.7,6.1,64.1,6.1
E00010365,54,7.1,27,11.9
E00010366,24.4,1.3,65.4,9
E00010367,33.5,4.9,45.7,15.9
E00010368,34.3,6.3,42.9,16.6
E00010369,33.8,5.4,50.7,10.1
E00010370,31.3,10,46.7,12
E00010371,22.9,2.9,66.2,8.1
E00010372,23.4,8.4,57.1,11
E00010456,29.6,15.3,38.8,16.3
E00010457,31.3,12.5,42,14.2
E00010459,42.2,15.2,24.5,18.1
E00010460,34,9.6,36.8,19.6
E00010461,29,14.5,41.6,15
E00010462,35.4,10.6,39.4,14.6
E00010463,40.1,10.4,26.7,22.8
E00010464,40.2,13.1,26.6,20.1
E00010466,42,20.3,16.1,21.7
E00010471,25.3,17.2,39.8,17.7
E00010474,32.2,14.4,33.9,19.5
E00010476,32.3,8.3,44.3,15.1
E00010479,33.5,9.7,32.4,24.4
E00010480,33.8,11.4,33.8,21
E00010481,32,13.1,29.4,25.5
E00010482,28.8,8.5,42.8,19.9
E00010484,33.8,11.1,40.6,14.5
E00010486,36.3,11.6,32.7,19.5
E00010487,30.6,9.4,43.1,16.9
E00010488,26.7,8.3,46.7,18.3
E00010489,32.1,8,41.5,18.3
E00010490,26,12.1,50.3,11.6
E00010491,41.3,10.5,32.8,15.4
E00010493,27.3,12.7,34,26
E00010497,42.3,23.1,23.1,11.5
E00010498,39.1,15.1,29.7,16.1
E00010504,37.4,16.6,23.3,22.7
E00010505,43.6,15,25.7,15.7
E00010510,43.8,12.5,24.2,19.5
E00010511,29.3,16.9,38,15.8
E00010512,38.2,25.3,14.7,21.8
E00010515,25.1,20.9,23.4,30.5
E00010516,29.4,14,29.4,27.3
E00010520,42.7,17.8,19.1,20.4
E00010521,46.6,17.2,13.8,22.4
E00010524,33.1,11.9,31.4,23.7
E00010526,39.1,15.7,23.9,21.3
E00010527,30.6,15,25,29.4
E00010531,30.7,14.6,39.2,15.6
E00010532,26,14.1,37.3,22.6
E00010533,35.5,15.6,31.8,17.1
E00010534,32.2,17.8,27.8,22.2
E00010535,28.1,13.8,34.1,24
E00010536,23.4,21.6,30.4,24.6
E00010537,18.5,19.5,36.5,25.5
E00010538,23.3,16.4,24.7,35.6
E00010539,25.2,21.7,29.2,23.9
E00010540,25.9,19.5,32.7,21.8
E00010541,27.7,13.6,31.9,26.7
E00010542,24.6,22.9,42.5,10.1
E00010543,27.8,19.1,37.1,16
E00010544,26.1,18.9,25.7,29.3
E00010545,31,15.1,31.8,22.2
E00010546,31.9,15.9,29.7,22.5
E00010547,32.9,13,31.2,22.9
E00010548,31.8,17.7,30.2,20.3
E00010549,28.4,15.4,26.9,29.3
E00010550,38.6,15.3,21,25
E00010551,34.7,15,23.8,26.4
E00010552,38.3,15.6,20.4,25.7
E00010553,27.2,19.5,32.8,20.6
E00010554,41.8,11.8,18.2,28.2
E00010555,28.5,15,37.3,19.2
E00010556,33.6,18.4,23.3,24.7
E00010557,33,13,38.3,15.7
E00010558,33.6,10.8,33.2,22.4
E00010559,34.4,21.3,26.2,18
E00010560,30,12.1,40.7,17.1
E00010561,27.8,13.9,47.2,11.1
E00010562,28.2,14.9,22.1,34.8
E00010563,38.6,15.8,20.7,25
E00010564,37.2,19.1,26,17.7
E00010565,18.8,13.9,52.7,14.5
E00010566,38,16.1,22.9,22.9
E00010567,24.5,6.5,53.5,15.5
E00010568,33.2,17.6,31.2,18
E00013600,23.3,9.8,58.5,8.3
E00013601,35.2,5.6,51.2,8
E00013602,39.4,1.5,50,9.1
E00013603,34.4,7.1,50.6,7.8
E00013604,38.1,12.8,38.3,10.8
E00013605,33.6,5.5,50.8,10.2
E00013606,63.2,4.2,26.9,5.7
E00013608,27.6,5.2,63.8,3.4
E00013609,42.1,7.1,37.9,12.9
E00013610,29.9,3,61.7,5.5
E00013611,47.1,8.8,27.9,16.2
E00013612,47.1,13.2,28.1,11.6
E00013614,53.1,8.8,20.4,17.7
E00013616,43.2,12.6,27.4,16.8
E00013694,34.6,9.2,47,9.2
E00013704,33.6,3.7,49.5,13.1
E00013705,34,6.9,45.2,13.8
E00013706,45.2,2.3,36.2,16.4
E00013707,39.4,11.2,39.4,10.1
E00013708,38.4,5.7,41.5,14.5
E00013709,34,4.7,52.7,8.7
E00013710,25.6,8.3,60.3,5.8
E00013711,18.1,1.3,75.2,5.5
E00013712,25.9,3.4,62.6,8.2
E00013713,20.9,3.4,68,7.8
E00013714,48.2,9.6,28.9,13.2
E00013715,25.9,2.9,66.1,5.2
E00013716,24.8,4.7,57.7,12.8
E00013717,20.6,5.1,64,10.3
E00013718,37.3,6.3,42.9,13.5
E00013719,24.3,4.1,63.5,8.1
E00013720,36,6.3,46.3,11.4
E00013721,37.4,2.9,49.4,10.3
E00013722,32.7,6.7,44.7,16
E00013723,31.6,10.5,49.5,8.4
E00013724,36,3.2,48.6,12.1
E00013725,29.6,2.5,60.4,7.5
E00013726,35.9,7.8,47.7,8.6
E00013727,51.1,9.2,32.8,6.9
E00013728,35.6,5.2,48.9,10.3
E00013729,30.6,6.1,55.6,7.7
E00013730,19,2.9,72.3,5.8
E00013731,31.2,6.5,55.8,6.5
E00013732,36.7,17.7,34.2,11.4
E00013733,36.8,4.8,45.6,12.8
E00013734,39.7,12.1,35.3,12.9
E00013735,26.3,9.6,56.9,7.2
E00013736,33.3,3.3,44.2,19.2
E00013737,49.5,8.7,32,9.7
E00013738,32.8,5.9,52.9,8.4
E00013739,39.1,7,45.3,8.6
E00013740,32.3,8.6,47.3,11.8
E00013741,53.6,4.8,28.8,12.8
E00013742,46.5,1.2,36,16.3
E00013743,44.4,2.8,43.8,9
E00013788,25.1,4.2,64.7,6
E00013789,42,5.3,38.9,13.7
E00013790,27.1,5.5,62.7,4.7
E00013806,30,4,54.7,11.3
E00013807,26.3,4.9,60.7,8
E00013808,38.9,2.1,43.2,15.8
E00013809,26.3,5.2,60.6,8
E00013810,45.5,5.7,36.6,12.2
E00013811,38.5,2.2,42.9,16.5
E00013812,26.7,4.1,59,10.3
E00013814,62.7,13.3,19.6,4.4
E00013815,31.3,5.7,58.5,4.5
E00013816,52.2,4.3,32.6,10.9
E00013817,39.7,2,49.7,8.6
E00013818,29.8,2.5,57.1,10.5
E00013819,45.7,8.5,40.4,5.3
E00013820,47.3,1.4,43.2,8.1
E00013821,32.8,9.2,51.1,6.9
E00013822,49.1,1.9,39.6,9.4
E00013824,25.4,7.7,56.4,10.5
E00013996,29.1,6.4,53.5,11
E00013997,31.6,8.1,48.6,11.7
E00013999,24.5,1.9,67.5,6.1
E00014000,31.7,4.4,58.3,5.6
E00014001,38.8,7.8,43.1,10.3
E00014002,26.1,2.4,62.1,9.5
E00014003,47.5,5.7,38.3,8.5
E00014004,32.1,10.7,36.9,20.2
E00014005,35.5,7.1,44,13.5
E00014006,40.8,5.8,36.9,16.5
E00014007,22.8,3.8,64.1,9.2
E00014008,26.5,3,63.6,6.8
E00014009,27,4.6,59.7,8.7
E00014010,50.4,9.6,23.2,16.8
E00014011,27.7,5.8,54.4,12.1
E00014012,28.7,5.7,55.2,10.3
E00014013,38.2,3.5,48.6,9.7
E00014014,29.1,6.7,54.2,10.1
E00014015,28.2,5,61.3,5.5
E00014016,30.9,4.5,53.4,11.2
E00014017,24.6,7.8,58.1,9.6
E00014018,27.4,4.7,62.1,5.8
E00014019,27.9,5.6,59.9,6.6
E00014020,22.1,3.7,64,10.3
E00014021,36.1,5.2,45.8,12.9
E00014022,33.1,4,55.4,7.4
E00014023,21.7,2.2,64.5,11.6
E00014024,23.2,1.5,67.7,7.6
E00014025,33.5,5.7,52.4,8.5
E00014026,46.1,5.1,42.1,6.7
E00014027,39.5,1.3,40.8,18.4
E00014028,33.3,2.4,57.7,6.5
E00014029,35.1,4.6,50.6,9.8
E00014030,49.3,2.7,29.3,18.7
E00014031,28.9,5.9,55.3,9.9
E00014032,32.1,2.6,53.2,12.2
E00014033,32.9,24.7,38.2,4.1
E00014035,34.4,2.6,55.6,7.3
E00014036,28.8,1.7,61.9,7.6
E00014037,38.2,4.9,43.9,13
E00170297,28.8,5.4,58,7.8
E00170298,24.8,6.2,62.7,6.2
E00170300,16.8,3.6,70.1,9.5
E00170302,32.2,17.4,32.2,18.2
E00170303,22.2,11.3,51.9,14.6
E00170304,29.2,14,45,11.7
E00170306,38.1,14.4,33.9,13.6
E00170309,28.7,9.6,49.7,12
E00170310,23.4,8.6,46.9,21.1
E00170311,26.4,17.4,36.6,19.6
E00170312,25.7,4.9,57.4,12
E00170313,18.6,3.5,67.8,10.1
E00170314,22.3,6.1,62.9,8.7
E00170316,22.2,7.7,62,8.1
E00170320,25.3,3.6,62.7,8.4
E00170321,28.8,6.3,55,9.9
E00170322,36.1,14.2,32.9,16.8
E00174769,35.4,8.2,45.1,11.3
E00174889,15.7,17.1,54.3,12.9
E00174897,19,14,53.7,13.2
E00174907,34.9,20,34.5,10.6
E00174909,29.9,15.7,38.8,15.7
E00176228,50.3,12.6,21.4,15.7
E00176290,28.6,4.5,56.7,10.3
E00178731,32.4,15.5,31.1,20.9
E00178736,41.5,8.7,27.9,21.9
E00178762,45.2,6.3,22.2,26.2
E00178763,23.4,23.4,31.8,21.4
E00178793,28.7,19.1,43.3,9
E00178802,32.7,14.3,48,5.1
E00178813,41.6,20,21.6,16.8
E00178858,34,24.5,22.6,18.9
E00178901,28.1,12.9,46.1,12.9
E00178902,32.4,6.2,49.8,11.6
E00178944,37,2.5,48.1,12.3
E00178948,48.2,16.5,16.5,18.8
E00178950,34.2,23,29.2,13.6
E00178964,39.5,14,27.1,19.4
E00178973,21.1,6.8,64.1,8
E00178975,36.6,12.2,43.3,7.9
E00178979,25,1.7,65,8.3
E00178985,24.7,2.6,60.8,11.9
E00178987,22.4,5.3,67.1,5.3
E00178990,31.4,12.3,41,15.3
E00178996,25.1,7,53.2,14.8
E00178999,50,7.8,24.2,18
E00179016,18,12,60.9,9
E00179027,47.2,19.4,14.8,18.7
E00179029,23.3,7.3,60.7,8.7
E00179031,44.3,17.1,20.7,17.9
E00179042,32.9,14.5,40.8,11.8
E00179063,21.6,5.8,71.2,1.4
E00183749,34.3,6.2,46.1,13.5
E00183770,16.5,1.9,75.3,6.4
E00183771,21.7,5.4,62.5,10.3
E00183772,35.6,5,48.5,10.9
E00183823,22.5,9.3,62.1,6.2
E00183850,33.8,5.9,47.1,13.2
E00183858,58.3,6.3,19.8,15.6
E00183898,13.1,4.5,80.3,2
E00183909,28.2,8.6,54,9.2
E00183941,18.4,4.4,74.3,2.9
E00183981,12.6,4.2,80.8,2.4
E00183993,43.9,0.9,34.6,20.6
E00184002,31.4,9.9,44.8,14
E00184032,25,4,62.1,8.9
E00184037,29,10.1,55.1,5.8
E00184059,13.5,4.9,78.5,3.1
E00184078,32.6,5.1,50.7,11.6
E00184090,34.3,4.8,46.7,14.3
E00184096,15.7,1.7,77.4,5.2
E00184097,15.4,2.8,76,5.7
E00184133,41.8,7.5,37,13.7