geography_code,economic_activity_status_4a-001,economic_activity_status_4a-002,economic_activity_status_4a-003
E00048206,62.3,1.3,36.3
E00048207,59.3,1.1,39.5
E00048208,34.6,1.2,64.2
E00048233,67.8,1.5,30.7
E00048235,49.8,2.1,48.1
E00048236,57.5,2.3,40.2
E00048237,64.8,3.8,31.4
E00048238,55.4,2.6,42
E00048239,53.6,3.3,43.1
E00048240,61.5,5.3,33.2
E00048241,58.6,1.3,40.1
E00048242,53,3.3,43.7
E00048243,53.6,4.3,42
E00048244,39.2,1.1,59.7
E00048245,45.6,0,54.4
E00048246,67.3,1,31.7
E00048247,57,5.6,37.4
E00048318,59.7,3,37.3
E00048319,58.7,2.2,39.1
E00048321,55.6,1.3,43.1
E00048322,51.6,5.6,42.8
E00048324,54.8,4,41.2
E00048326,62.1,5.9,32
E00048327,59.7,3.4,36.9
E00048330,37.5,6.1,56.4
E00048331,61.9,2.5,35.7
E00048332,65.5,2,32.5
E00048334,56.2,2.6,41.2
E00048335,60.1,2.2,37.8
E00048337,56.8,3.3,39.9
E00048338,57.4,3,39.6
E00048339,66.2,2.7,31.1
E00048340,51.3,3,45.6
E00048341,53.6,0,46.4
E00048343,61.2,2,36.8
E00048344,66.4,4.1,29.5
E00048345,61.6,3.6,34.9
E00048346,67.6,2.2,30.2
E00048347,41,2.5,56.5
E00048348,65.3,5.6,29
E00048349,61.3,3.6,35.1
E00048350,44.2,3,52.8
E00048352,62.4,5.1,32.5
E00048353,50.2,4.1,45.6
E00048354,57.5,5.8,36.7
E00048356,53.7,3.7,42.7
E00048359,48.4,8.3,43.3
E00048360,53.4,3.6,43
E00048361,33.6,7.5,58.9
E00048366,44.2,3.4,52.4
E00048367,59.3,4.9,35.7
E00048369,53.8,1.2,45
E00048370,65.8,3.8,30.5
E00048371,51.9,2.1,46
E00048372,63.5,3.3,33.2
E00048373,58.5,2.2,39.3
E00048374,51.4,1.2,47.4
E00048375,48.1,1.1,50.8
E00048376,49.6,0,50.4
E00048377,52.3,1.3,46.4
E00048378,53.2,0.6,46.1
E00048379,50.2,3.3,46.4
E00048380,61.9,3.1,35.1
E00048381,61.6,2.6,35.8
E00048382,62,3.8,34.2
E00048383,52.9,1.2,45.9
E00048384,51.5,2.6,46
E00048385,54,4.4,41.6
E00048386,64.1,3.7,32.2
E00048387,65.8,2.2,32
E00048388,65.4,2,32.6
E00048389,50.2,0,49.8
E00048390,62.3,1.1,36.6
E00048391,43.3,7.3,49.4
E00048392,57.6,2.9,39.5
E00048393,55,2,43
E00048394,65.2,0.4,34.4
E00048395,53.6,2.6,43.8
E00048396,55.7,4.3,40
E00048398,42.8,11.4,45.9
E00048399,57.1,7.1,35.8
E00048400,62.1,4.4,33.5
E00048401,57.6,5.2,37.2
E00048402,55.5,5,39.5
E00048403,58.3,3.8,38
E00048404,66.4,3.4,30.2
E00048405,46.8,3.8,49.4
E00048406,38.3,1.9,59.7
E00048407,54.7,2.7,42.7
E00048408,44,1.9,54.2
E00048409,67.4,4.3,28.3
E00048410,49.1,3.4,47.4
E00048411,46.2,3.1,50.7
E00048412,56.7,1.8,41.5
E00048413,56.5,3.9,39.6
E00048414,42.3,1.9,55.9
E00048415,56.8,1.6,41.6
E00048416,46.9,1.9,51.1
E00048417,60.2,0.5,39.4
E00048418,56.4,5,38.6
E00048419,58.8,2.5,38.7
E00048420,48.3,7.2,44.5
E00048421,46.2,10.3,43.6
E00048428,44.1,4.8,51.1
E00048445,52.9,6.4,40.7
E00048448,60.2,8.1,31.7
E00048449,42.1,3.9,54
E00048452,32.1,7.3,60.6
E00048454,49.8,16.9,33.2
E00048459,57.1,3.2,39.7
E00048461,43.4,12.3,44.3
E00048462,48.1,7.4,44.4
E00048464,57.1,8.4,34.5
E00048466,46.4,12.7,40.8
E00048467,39.1,9.7,51.2
E00048468,47.8,8.4,43.9
E00048469,49.5,6.7,43.8
E00048470,43.1,6.6,50.2
E00048694,49.3,5.8,44.8
E00048698,57.7,4.2,38.1
E00048699,48.8,1.7,49.5
E00048700,53.8,3.3,42.9
E00048701,54.2,5.9,39.8
E00048702,53.2,7.6,39.2
E00048703,66.2,4,29.8
E00048704,56.2,8,35.7
E00048705,29.9,40.5,29.6
E00048706,15.1,0.7,84.2
E00048707,57.9,5,37.2
E00048708,43.8,5.9,50.3
E00048709,48.8,5.5,45.8
E00048721,64.5,3,32.5
E00048727,63.1,4.9,32
E00048728,59.6,2,38.4
E00048729,57,4,39
E00048730,59.4,3.4,37.2
E00048731,64.5,4.5,30.9
E00048732,50,1.6,48.4
E00048734,61,2.2,36.8
E00048735,56.9,3.2,39.9
E00048736,63.6,3.9,32.5
E00048738,53.5,1.6,44.9
E00048739,54,3.8,42.3
E00048740,58.7,3.8,37.5
E00048741,56.2,4.1,39.7
E00048742,57.2,6,36.7
E00048743,55.6,3.7,40.7
E00048744,48.4,9.3,42.3
E00048745,49.4,5.3,45.2
E00048746,49.6,9.5,40.9
E00048747,56,4.4,39.5
E00048748,59.4,6,34.7
E00048749,54,2.8,43.2
E00048750,54.9,6.2,38.9
E00048751,46.4,11.8,41.7
E00048754,49.6,2.8,47.6
E00048755,45.8,5.2,48.9
E00048758,38.7,10,51.3
E00048760,50.6,8.5,40.9
E00048762,43.6,8.3,48.1
E00048765,44.8,7.1,48.1
E00048766,50.6,7.1,42.3
E00048769,41.7,13.6,44.7
E00048770,32.8,12,55.2
E00048772,37.8,9.4,52.8
E00048776,43.6,7.8,48.6
E00048783,41.8,14.8,43.4
E00048784,41.8,9.1,49.1
E00048788,46.4,6,47.6
E00048796,37.7,8,54.3
E00048800,54.1,2,43.9
E00048801,48.8,8.9,42.2
E00048802,62.3,2.7,35
E00048803,57.2,1.1,41.7
E00048804,52.6,4.8,42.6
E00048805,68.4,6,25.6
E00048806,66.3,2.8,31
E00048807,60.7,5,34.3
E00048808,63.9,2.9,33.2
E00048809,67.5,4.5,28
E00048810,69.7,3.4,26.9
E00048811,58.5,3.3,38.2
E00048812,62.5,4,33.5
E00048813,69.7,1.4,28.8
E00048814,62.8,6,31.2
E00048815,67.5,1,31.6
E00048816,56.9,4.2,38.9
E00048818,63.2,0.8,36
E00048819,63.3,5,31.7
E00048820,67.7,2.5,29.9
E00048821,68.4,3.4,28.1
E00048822,46.2,2.2,51.6
E00048823,63.1,3.5,33.3
E00048824,64.9,4.3,30.7
E00048825,63.2,2.3,34.6
E00048826,66.7,1.8,31.6
E00048827,59,5.3,35.7
E00048828,47.7,11.3,41
E00048829,60.9,4.9,34.2
E00048830,55.7,4.9,39.4
E00048831,38.3,4.9,56.8
E00048832,60.4,5.3,34.2
E00048833,40.6,6.6,52.8
E00048834,64.9,3.9,31.1
E00048835,46.6,8.4,45
E00048836,58.2,2.8,39
E00048837,50,8.1,41.9
E00048838,35.6,6.3,58.1
E00048839,33.3,11.2,55.4
E00048840,68.6,1.6,29.8
E00048841,47.1,1.3,51.7
E00048842,70.8,3.2,26
E00048843,66,1.7,32.4
E00048844,66.7,2.5,30.8
E00048845,64.7,2.1,33.2
E00048846,55.5,5.1,39.4
E00048847,64.1,0.6,35.4
E00048848,64.4,3.6,32
E00048849,59.9,4.5,35.6
E00048850,63.6,4.4,32
E00048851,67.7,4,28.3
E00048852,63.5,2.7,33.8
E00048853,62.9,4,33
E00048854,62.5,1.6,36
E00048855,63.4,4.2,32.4
E00048856,62.8,3.6,33.6
E00048914,26.8,5.6,67.6
E00048915,36.6,0.5,62.9
E00048916,45.5,1,53.5
E00048917,57.2,2.7,40.2
E00048918,60.7,4.4,34.9
E00048919,68.6,1.4,30
E00048920,57.6,1.1,41.3
E00048923,49.5,5.5,45.1
E00048924,44.4,1.2,54.4
E00048925,65.4,1.8,32.9
E00048926,36.3,2.5,61.2
E00048927,62.4,4.6,33.1
E00048928,63,3.5,33.5
E00048929,66.9,3.2,29.9
E00048930,58.9,3.4,37.7
E00048931,50.2,3.1,46.7
E00048933,65.1,2.6,32.3
E00048934,58.3,2.5,39.2
E00048935,60.5,2.7,36.9
E00048937,53.1,2.9,44
E00048941,41.6,2.9,55.6
E00048942,53.9,0.7,45.4
E00048943,58.2,2.2,39.6
E00048944,37,3,60
E00048945,60.3,3.3,36.4
E00048946,47.2,0.4,52.4
E00048947,50.3,2.4,47.2
E00048948,56,2.8,41.3
E00048949,32.9,2.4,64.8
E00048950,63.9,3,33.1
E00048951,55.2,2.7,42.1
E00048952,63,2.7,34.4
E00048953,44.9,1.5,53.6
E00048954,57.4,3.3,39.3
E00048956,25,5.1,69.9
E00048958,64.8,1.8,33.3
E00048959,63.5,3.4,33
E00048960,61.8,3.3,34.9
E00048963,45,7.2,47.8
E00048964,57.7,2.8,39.4
E00048965,67.8,1.6,30.6
E00048966,64.1,4,31.8
E00048967,64.9,4.8,30.3
E00048968,52.3,3.2,44.5
E00048969,61.3,3.6,35.2
E00048970,56.8,2.9,40.3
E00048971,59.4,5.1,35.6
E00048972,65,2.1,32.9
E00048973,62.3,2.4,35.3
E00048974,64.2,5.8,30
E00048975,68.6,5.2,26.2
E00048976,45.4,9.2,45.4
E00048977,42.9,6.9,50.2
E00048978,62.6,0,37.4
E00048982,68.3,2.6,29.1
E00048985,59.2,8.6,32.2
E00048987,43.3,5.5,51.2
E00048988,30.3,5.1,64.6
E00048989,29.5,8.1,62.4
E00048991,42.2,7.5,50.3
E00048992,37.4,3.6,59
E00048993,51.1,3.4,45.5
E00048994,35.3,4.4,60.3
E00048995,46.6,6.5,46.9
E00048997,28.4,6,65.6
E00048999,32.6,3.7,63.7
E00049001,20.8,8,71.3
E00049002,20,5.6,74.4
E00049003,52.3,5,42.7
E00049004,68.9,5.6,25.6
E00049005,63.5,3.7,32.8
E00049006,43.9,5.3,50.9
E00049007,47.7,2.3,50
E00049008,32.1,2.3,65.7
E00049009,56.8,2,41.2
E00049010,60.9,4.8,34.3
E00049011,56.8,1.6,41.6
E00049012,65.4,2.2,32.5
E00049013,49.3,6.8,43.9
E00049014,49.2,4.9,45.9
E00049015,61,2.2,36.7
E00049016,56,3.3,40.7
E00049017,63.4,1.5,35.1
E00049018,60.1,2.3,37.6
E00049019,64.9,1.8,33.2
E00049020,57.4,4.6,38
E00049021,65.9,3.3,30.8
E00049022,43.8,4.2,51.9
E00049023,63.9,5.5,30.6
E00049024,62.9,2.3,34.8
E00049025,49.5,3.8,46.7
E00049026,54.3,4.3,41.4
E00049027,58.1,6.5,35.3
E00049028,65.4,2.8,31.8
E00049029,69.9,2.8,27.3
E00049030,67.5,2.4,30.2
E00049031,67.6,2.5,29.9
E00049032,64.7,5.4,29.8
E00049033,61,3.9,35.1
E00049034,59.5,8.1,32.4
E00049035,71.6,5.9,22.5
E00049036,45.8,2.5,51.7
E00049037,59.4,4.8,35.9
E00049038,49,7,44
E00049039,61.2,3.7,35.1
E00049040,58.4,5,36.6
E00049041,72.1,3.8,24
E00049042,63.6,1.6,34.8
E00049043,57.6,2.9,39.5
E00049044,63.2,1.7,35.1
E00049046,69,4.8,26.2
E00049047,65.5,4.6,29.9
E00049048,49.8,1.6,48.6
E00049049,63,1.8,35.2
E00049050,57.1,2.8,40.1
E00049051,61.4,2.7,35.9
E00049052,51.5,6.3,42.2
E00049053,60.7,4.1,35.2
E00049054,58.4,5,36.7
E00049055,55.7,5,39.3
E00049056,57,4.8,38.2
E00049057,53,3.5,43.6
E00049058,49,1.5,49.4
E00049059,53.5,3.9,42.5
E00049060,60.8,1.7,37.5
E00049061,62.3,3.6,34
E00049065,61.2,2.5,36.3
E00049066,49.3,2.1,48.6
E00049067,53.5,0.5,46
E00049068,52.6,2.3,45.1
E00049069,49.5,3.6,46.9
E00049070,59.8,0,40.2
E00049071,59.9,5.8,34.3
E00049076,50.3,5.9,43.9
E00049078,57.6,5.1,37.3
E00049080,58.4,0.5,41.2
E00049086,49.7,3.4,46.9
E00049088,58.6,2.4,39
E00049089,51.2,2.8,46
E00049090,48.9,0.5,50.7
E00049092,43.9,1.3,54.8
E00049096,60.1,2.4,37.5
E00049098,64,2.7,33.3
E00049099,51.2,1.6,47.2
E00049103,51.8,2,46.2
E00049105,46.9,0,53.1
E00049108,50,2.2,47.8
E00049111,49.3,2.6,48
E00049112,65.2,2.4,32.4
E00049113,53.2,2.6,44.2
E00049114,55,5.8,39.3
E00049115,42.7,2.7,54.5
E00049116,40.3,4,55.7
E00049117,54.4,2.9,42.7
E00049118,49.4,2.5,48.1
E00049121,48,10.4,41.6
E00049123,40.5,6.5,53
E00165745,52.5,3.3,44.2
E00165746,63.6,3.1,33.3
E00172150,13.9,5.6,80.6
E00172162,61.3,1.8,36.9
E00172163,62.5,5.2,32.3
E00172164,23.3,6.6,70
E00172165,61.1,4.8,34.1
E00172166,63.3,0.7,36
E00172168,50.4,2.7,46.9
E00172169,63.3,1.9,34.8
E00172170,34,6.8,59.3
E00172171,48.9,9.3,41.8
E00172172,18.3,15.3,66.5
E00172174,36.6,4.6,58.8
E00172176,64,9.7,26.3
E00172177,62,4.9,33.1
E00172178,66.5,4.6,28.8
E00172179,72.8,4,23.2
E00172182,26.9,18.3,54.8
E00172183,37.3,18.1,44.6
E00172184,20,9.8,70.2
E00172185,46.4,7.7,45.8
E00172191,59.8,4,36.2
E00172192,65.7,8.9,25.4
E00172193,27.1,15.6,57.3
E00172194,44,8.7,47.3
E00172195,67.4,1.1,31.5
E00172196,63,4.3,32.6
E00172200,39.5,11.2,49.3
E00172201,36.9,12.1,51
E00172202,19.6,17,63.4
E00172203,29.2,9.6,61.2
E00172204,37.3,11.8,50.9
E00172205,54.4,3.2,42.4
E00172213,25.1,11,63.9
E00185035,19.9,15.7,64.5
E00185036,14.1,6.5,79.4
E00185040,34,4.8,61.2
E00185048,44,7.2,48.8
E00185050,44.9,7.5,47.7
E00185059,47.3,5.7,47
E00185061,44.8,3.2,52
E00185069,43.1,6.2,50.7
E00185070,30.1,8.1,61.8
E00185075,21.7,13.5,64.8
E00185081,28.7,18.1,53.2
E00185087,39.5,4.4,56.1
E00185089,53.8,6.6,39.6
E00185090,17.3,17.7,65
E00185091,40.2,6,53.8
E00185097,26.2,7.4,66.4
E00185098,30,9.9,60.1
E00185102,78.9,5.4,15.6
E00185103,81.5,2.7,15.8
E00185106,41.2,5.3,53.5
E00185114,58.6,5.3,36.2
E00185115,38.5,7.1,54.4
E00185118,61.9,2.5,35.6
E00185120,14.2,2.8,83
E00185122,65,3.4,31.6
E00185123,16.3,15.1,68.7
E00185125,41.8,9.3,48.9
E00185132,82.2,2.6,15.1
E00185133,83.5,5.1,11.4
E00186846,17.6,6.4,76.1