geography_code,hh_family_composition_4a-001,hh_family_composition_4a-002,hh_family_composition_4a-003
E00096409,5.1,27.7,67.2
E00096410,2.3,22.1,75.6
E00096411,1.5,37.7,60.8
E00096413,0.8,32.5,66.7
E00096414,1.4,41.5,57
E00096415,3.2,22.4,74.4
E00096416,0.8,24.6,74.6
E00096417,0.9,27.2,71.9
E00096418,1.3,35.6,63.1
E00096419,2.6,24.3,73
E00096420,2.8,55.2,42
E00096421,4.1,29.5,66.4
E00096422,0.8,41,58.2
E00096423,5,28.1,66.9
E00096424,0,37.2,62.8
E00096425,3.3,23,73.8
E00096426,2.5,41.3,56.2
E00096427,0,33.1,66.9
E00096428,0,40.7,59.3
E00096429,0.7,35.9,63.4
E00096430,2.2,31.4,66.4
E00096431,3.9,40.3,55.8
E00096432,2.2,22.6,75.2
E00096433,2.9,33.6,63.5
E00096434,3.4,32.2,64.4
E00096435,5.9,29.6,64.4
E00096436,6.9,29.3,63.8
E00096437,3.8,28.2,67.9
E00096438,4.3,20.3,75.4
E00096439,3,21.8,75.2
E00096440,2.8,33.9,63.3
E00096441,2.5,26.8,70.7
E00096442,3.9,25,71.1
E00096443,5.7,13.1,81.1
E00096444,4.8,22.4,72.7
E00096446,3.4,27,69.7
E00096447,1.4,28.8,69.9
E00096448,3.1,34.4,62.6
E00096449,0.8,28.9,70.2
E00096450,4.5,31.3,64.2
E00096451,2.8,40.6,56.6
E00096452,3.9,21.3,74.8
E00096453,0.6,33,66.5
E00096454,0,66,34
E00096455,2.7,51.6,45.7
E00096456,5.4,26.9,67.7
E00096457,1.8,33.9,64.3
E00096458,0,38.1,61.9
E00096459,0.7,35.2,64.1
E00096460,3.6,23.2,73.2
E00096461,0.7,63.9,35.4
E00096462,4.4,38.5,57
E00096463,0.7,62.2,37
E00096464,0,46.9,53.1
E00096465,3.1,51.3,45.6
E00096466,1.2,29.4,69.3
E00096467,1.7,41.7,56.5
E00096468,0.7,39.4,59.9
E00096469,2.5,43.8,53.7
E00096470,2.4,26.9,70.7
E00096472,5.1,30.9,64
E00096474,5.5,21.9,72.7
E00096475,7,30.4,62.6
E00096477,3.6,21.4,75
E00096478,3.6,29.9,66.5
E00096479,3.7,21.1,75.2
E00096480,4,18.1,77.9
E00096481,3,40.2,56.8
E00096482,7.5,22.6,69.9
E00096484,0.8,24.6,74.6
E00096485,1.9,25.9,72.2
E00096486,4,25.3,70.7
E00096488,5.3,25,69.7
E00096490,1.7,33.1,65.3
E00096491,2.3,28,69.7
E00096492,1.1,26.1,72.7
E00096493,1.8,23.2,75
E00096494,3.2,44.4,52.4
E00096495,3.9,24,72.1
E00096497,3.8,24.4,71.8
E00096498,4.5,17.9,77.6
E00096499,4,29.6,66.4
E00096500,5.6,29.6,64.8
E00096501,3.3,28.1,68.6
E00096502,0,26.3,73.7
E00096503,0.5,32.7,66.8
E00096504,3.8,33.8,62.3
E00096505,2.4,23,74.6
E00096506,0,19.7,80.3
E00096507,0.8,36.2,63
E00096508,0.8,30.6,68.5
E00096509,6.2,38.5,55.4
E00096510,2.3,32.3,65.4
E00096511,2.3,39.2,58.5
E00096512,1.6,40.6,57.8
E00096513,3.3,39.8,56.9
E00096514,2.9,24.1,73
E00096515,4.4,33.5,62.1
E00096516,1.4,40.3,58.3
E00096517,4.7,24.2,71.1
E00096518,4.8,26.2,69
E00096519,6.1,30.5,63.4
E00096520,2.3,31.1,66.7
E00096521,3.5,26.1,70.4
E00096522,2.5,41.8,55.7
E00096523,3.9,39.1,57
E00096524,2.5,33.9,63.6
E00096525,3.6,28.5,67.9
E00096541,2,34.7,63.3
E00096542,4.2,42.4,53.4
E00096543,4.9,26.2,68.9
E00096544,2.8,30.8,66.4
E00096545,3.4,25.4,71.2
E00096546,1.7,23.9,74.4
E00096547,5.2,46.3,48.5
E00096548,4.8,52.9,42.3
E00096549,7.2,23.4,69.4
E00096550,1.7,30.5,67.8
E00096551,2,49,49
E00096552,4.9,35.8,59.3
E00096553,1,35.7,63.3
E00096554,5.9,23,71.1
E00096555,5.9,24.8,69.3
E00096556,3.7,49.5,46.7
E00096557,2.5,26.2,71.3
E00096558,2.4,62.2,35.4
E00096559,2.9,27.9,69.2
E00096560,0,48.5,51.5
E00096561,0,27.8,72.2
E00096562,6.7,40,53.3
E00096563,12.5,47.3,40.2
E00096564,9.8,27.4,62.8
E00096565,3.5,39.1,57.4
E00096566,4,31.2,64.8
E00096567,0.7,23.4,75.9
E00096568,0.9,35.1,64
E00096569,4.5,25.4,70.1
E00096603,3.3,54.2,42.5
E00096604,5.4,41.1,53.6
E00096605,8.9,29.8,61.3
E00096606,4.9,48.8,46.3
E00096607,1.3,54.8,43.9
E00096608,0,24.8,75.2
E00096609,3.9,40.9,55.1
E00096610,6.1,18.4,75.4
E00096611,5.5,22.7,71.8
E00096612,0.8,72.9,26.3
E00096613,8.1,49.4,42.5
E00096652,0,30.1,69.9
E00096669,3.9,26.6,69.5
E00096670,3.2,33.1,63.7
E00096671,3.5,27.1,69.4
E00096672,4.3,29.3,66.4
E00096673,1.8,43.4,54.9
E00096674,2.3,33.3,64.3
E00096675,0,31.1,68.9
E00096676,1.9,24.5,73.5
E00096677,3,30.1,66.9
E00096678,3.9,29.1,66.9
E00096679,0.9,55.4,43.8
E00096680,5.6,15.9,78.5
E00096681,3.4,27.1,69.5
E00096682,6.1,25.3,68.7
E00096683,4.5,18.2,77.3
E00096684,6.7,32.8,60.4
E00096685,5,29,66
E00096691,4.4,20,75.6
E00096692,0.9,25.2,73.9
E00096693,1.9,21,77.2
E00096694,2.9,43.7,53.4
E00096695,2,17.6,80.4
E00096696,2.9,29.3,67.9
E00096697,4,32.2,63.8
E00096698,8.4,20.3,71.3
E00096699,3.9,19,77.1
E00096700,3.6,32.7,63.7
E00096701,6.6,14.8,78.7
E00096702,4.8,25.2,70.1
E00096703,2.2,31.5,66.3
E00096704,1.7,33.6,64.7
E00096705,2.2,23.5,74.3
E00096706,5.3,19.1,75.6
E00096707,5.7,26.6,67.7
E00096708,2.1,31.8,66.2
E00096709,4.3,23.7,71.9
E00096710,4.2,34.5,61.2
E00096711,0.7,33.6,65.7
E00096712,0,18.5,81.5
E00096713,1.5,62.6,35.9
E00096714,2.4,58.5,39
E00096715,2.2,30.1,67.6
E00096716,1.5,32.8,65.6
E00096717,4.7,30.2,65.1
E00096718,4,32,64
E00096719,2.3,55.7,42
E00096720,6.6,30.7,62.8
E00096721,1.9,41,57.1
E00096722,1.7,43.2,55.1
E00096723,4.8,35.5,59.7
E00096724,2.8,30.9,66.4
E00096725,1.7,41.7,56.6
E00096726,3.1,27.6,69.3
E00096727,1.6,35.7,62.7
E00096728,4.1,21.5,74.4
E00096975,0.8,60.8,38.5
E00096976,2.4,27.6,69.9
E00096977,3.3,29.5,67.2
E00096978,0.8,18.5,80.8
E00096979,1.6,17.1,81.3
E00096980,5.3,46.7,48
E00096981,2.3,35.3,62.4
E00096982,5,24.3,70.7
E00096983,4.1,36.1,59.8
E00096984,3.8,48.5,47.7
E00096985,3.9,27.1,69
E00096986,3.8,25.6,70.7
E00096987,3.9,46.9,49.2
E00096988,6,41.8,52.2
E00096990,0.7,35.1,64.2
E00096991,2.4,29,68.5
E00096992,0.7,28.4,70.9
E00096993,3.1,25,71.9
E00096994,0.8,31.1,68.1
E00096995,3.5,28.7,67.8
E00096996,2.6,28.7,68.7
E00096997,3.7,25.2,71.1
E00096998,1.4,27.5,71.1
E00097000,1.3,36.1,62.7
E00097001,0,41.8,58.2
E00097002,5,24.2,70.8
E00097003,5.6,45.2,49.2
E00097004,4.5,20.4,75.2
E00097005,2.8,23.9,73.4
E00097006,1,40.8,58.3
E00097007,1.5,30.1,68.4
E00097008,2.4,23.5,74.1
E00097009,2.4,38.5,59.2
E00097010,2.9,23,74.1
E00097011,5.9,43.7,50.4
E00097012,2.3,24.2,73.5
E00097013,4,17.4,78.5
E00097014,3.3,40.7,56.1
E00097015,3.7,46.3,50
E00097016,3.7,30.3,66.1
E00097017,4.8,35.5,59.7
E00097018,0,35.6,64.4
E00097019,0.9,39.3,59.8
E00097020,0,36.2,63.8
E00097021,4.9,30.4,64.7
E00097022,3,23,74.1
E00097023,4.6,36.9,58.5
E00097024,2.7,30.9,66.4
E00097025,2.1,40.8,57
E00097026,5.1,35.5,59.4
E00097027,9.7,29.7,60.7
E00097028,6.3,33.9,59.8
E00097029,2.5,46.6,50.8
E00097030,3.4,32.7,63.9
E00097031,2.5,31.4,66
E00097032,4.4,12.6,83
E00097033,0.6,28.4,71
E00097034,3.4,33.9,62.7
E00097050,3.9,26.1,70
E00097051,4.1,14.7,81.2
E00097052,3,23.7,73.3
E00097053,5.2,28.9,65.9
E00097054,8,26,66
E00097055,7,44.4,48.6
E00097056,16,51.9,32.1
E00097057,4.6,43.1,52.3
E00097058,2.7,48.6,48.6
E00097059,3.1,76.8,20.2
E00097060,10.2,46.8,43
E00097061,9.6,36.5,53.8
E00097062,3.6,47.9,48.6
E00097063,5.6,68.3,26.2
E00097064,12.6,46.7,40.7
E00097065,4.4,56.8,38.8
E00097066,1.4,41.5,57
E00097067,2.2,63.7,34.1
E00097068,3,39.6,57.5
E00097069,2.9,40.6,56.5
E00097070,4.6,48.9,46.6
E00097071,6.4,59.6,34
E00097072,2.6,65.8,31.6
E00097073,5,42.1,52.9
E00097074,3.3,80.5,16.3
E00097075,4.6,64.9,30.5
E00097076,2.3,47.7,50
E00097077,5.8,29.9,64.2
E00097078,2.4,34.3,63.3
E00097079,1.6,44.2,54.3
E00097080,4.4,23.4,72.3
E00097081,1.6,27,71.4
E00097082,1.7,52.2,46.1
E00097083,0.9,23.2,75.9
E00097084,4.9,49.6,45.5
E00097085,3.7,46.3,50
E00097086,4.8,36.5,58.7
E00097087,0,26.5,73.5
E00097088,3.3,24.8,71.9
E00097089,2.4,25,72.6
E00097090,3.7,33.9,62.4
E00097091,0,29.5,70.5
E00097092,1,27,72
E00097093,9.8,40.2,50
E00097094,0.7,54.8,44.5
E00097095,0,42.6,57.4
E00097096,2.9,39.7,57.4
E00097098,3.3,37.4,59.3
E00097099,4.8,24.6,70.6
E00097100,0.8,29.8,69.5
E00097101,2.1,43.3,54.6
E00097102,0,38.2,61.8
E00097103,2.3,31.5,66.2
E00097104,4.1,21.4,74.5
E00097105,3.3,34.2,62.5
E00097106,0.7,20,79.3
E00097107,3.3,23.8,73
E00097110,5,27.3,67.6
E00097111,4.4,28.1,67.4
E00097112,6.3,25.2,68.5
E00097114,0.7,32.8,66.4
E00097115,3.7,53.5,42.9
E00097116,4.8,53.2,41.9
E00097117,2.5,44.6,52.9
E00097118,3.4,55.4,41.2
E00097119,5.8,60,34.2
E00097120,5.1,53.8,41
E00097121,2.5,35.8,61.6
E00097122,4.7,59.1,36.2
E00097123,4.1,35.1,60.8
E00097124,2,54.3,43.7
E00097125,3.3,26.8,69.9
E00097126,7.2,30.7,62.1
E00097127,4.2,25.8,70
E00097128,5,32.5,62.5
E00097129,0,31.3,68.7
E00097130,3.8,57.5,38.8
E00097131,6.6,25.8,67.5
E00097132,1.7,33.9,64.3
E00097133,3.1,64.8,32.1
E00097134,1.5,48.1,50.4
E00097135,4.4,44.7,50.9
E00097136,5,52.1,42.9
E00097141,0.8,37.7,61.5
E00097143,4.2,30.5,65.3
E00097144,5.5,42,52.5
E00097145,2.6,38.1,59.3
E00097146,1.7,42.7,55.6
E00097147,1.5,70.8,27.7
E00097148,6.2,24.1,69.7
E00097150,4,36.5,59.5
E00097151,3.1,28.5,68.4
E00097152,4.7,33.9,61.4
E00097153,2.2,38.1,59.7
E00097154,0,53.7,46.3
E00097155,6.3,35.9,57.8
E00097156,0.8,30.4,68.8
E00097157,3.8,20.8,75.4
E00097158,3.4,26.3,70.3
E00097159,2.5,27.3,70.2
E00097160,5.6,30.4,64
E00097161,2.2,36,61.8
E00097162,4.9,40.2,54.9
E00097163,5,32.6,62.4
E00097164,4.7,34.2,61.1
E00097170,2.4,31.5,66.1
E00097171,4.2,36.4,59.3
E00097189,3.7,18.9,77.4
E00097190,3.8,21.5,74.7
E00097191,5,33.5,61.5
E00097198,3.6,37.1,59.3
E00097199,2.7,44.3,53
E00097200,0,73.3,26.7
E00097201,2.3,51.9,45.8
E00097202,2.5,47.2,50.3
E00097203,3.2,25,71.8
E00097204,0.8,62.8,36.4
E00097205,4.4,25.2,70.4
E00097206,1.5,30.3,68.2
E00097207,2.3,23.3,74.4
E00097208,0.9,53.3,45.8
E00097209,6.8,27.4,65.8
E00097210,0.9,44.2,54.9
E00097211,0.8,36.6,62.6
E00097212,0.7,48.5,50.7
E00097213,0.8,41.7,57.5
E00097214,0.8,33.1,66.2
E00097215,2.9,36.9,60.2
E00097216,3.1,35.9,60.9
E00097217,0.9,57.9,41.2
E00097218,0.8,40.7,58.5
E00097219,1.9,48.1,50
E00097220,2.5,51.2,46.3
E00097221,3.2,50.4,46.4
E00097222,13.9,42.6,43.5
E00097223,4.9,59,36.1
E00097224,5.4,41.4,53.2
E00097225,12.8,40,47.2
E00097226,6,45.1,48.9
E00097227,11.6,43.9,44.5
E00097228,7.3,44.6,48
E00097229,5,27.7,67.3
E00097230,7.1,45.5,47.5
E00097231,2.7,58.6,38.7
E00097232,5.2,30.9,63.9
E00097233,5.1,30.5,64.4
E00097234,7.8,26.2,66
E00097235,11.5,28.5,60
E00097236,13.4,34.5,52.1
E00097237,4.9,71.8,23.3
E00097238,2.6,43.6,53.8
E00097239,2.6,35.7,61.7
E00097240,10.2,52.6,37.2
E00097241,4.9,54.1,41
E00097242,5.7,62.3,32.1
E00097243,14.8,34.1,51.1
E00097247,4.1,26.2,69.7
E00097248,0,24.8,75.2
E00097249,7.7,27.5,64.8
E00097250,6.1,22.6,71.3
E00097251,4.3,34,61.7
E00097252,1.8,22.9,75.3
E00097253,1.6,34.1,64.3
E00097255,5,32.4,62.6
E00097256,4.4,21.9,73.7
E00097257,2.3,26.5,71.2
E00097258,0.8,73.7,25.4
E00097259,0,26.2,73.8
E00097260,5.3,23.5,71.2
E00097261,0,18,82
E00097262,2.4,30.9,66.7
E00097263,3.3,25,71.7
E00097264,10,29.3,60.7
E00097265,4,54,42
E00097266,4.1,41.3,54.5
E00097267,10.6,30.1,59.3
E00097268,4.1,30.3,65.6
E00097269,2.5,30.3,67.2
E00097270,0.7,33.6,65.7
E00097271,0.8,21.9,77.3
E00097272,1.3,51.6,47.2
E00097273,1.7,43,55.4
E00097274,2.9,25,72.1
E00097276,3.9,41.7,54.3
E00097277,0.8,30.2,69
E00097278,5.8,40,54.2
E00097279,7.6,27.3,65.2
E00097280,2.9,28.5,68.6
E00097281,5.8,38.7,55.5
E00097282,6.9,31.3,61.8
E00097283,3.2,36.3,60.5
E00097284,2.5,56.7,40.8
E00097285,0.8,44.6,54.5
E00097286,0.8,37.9,61.3
E00097287,1.6,38.1,60.3
E00097288,4.5,30.9,64.5
E00097289,4,40.8,55.2
E00097290,3.9,48.4,47.7
E00097291,6.3,28.8,64.9
E00097292,1.7,25.2,73.1
E00097293,5.4,27.9,66.7
E00097294,6.3,40.2,53.5
E00097295,0.9,27.8,71.4
E00097296,1.9,29,69.1
E00097297,3.8,33.3,62.8
E00097299,2.1,22.7,75.2
E00097301,0.8,43.4,55.8
E00097302,1.7,23.5,74.8
E00097303,3.1,44.6,52.3
E00097304,3,29.8,67.3
E00097305,2.9,27.9,69.1
E00097306,4.3,19.8,75.9
E00097307,1.8,29.9,68.3
E00097308,0.8,36.3,62.9
E00097309,3,17.8,79.3
E00097310,3.5,14.1,82.4
E00097311,0,26.7,73.3
E00097312,2.9,24,73.1
E00097313,0,38.9,61.1
E00097314,5.1,18.2,76.6
E00097315,0.7,40.4,58.8
E00097316,3.7,25.4,70.9
E00097317,2.6,27.4,70.1
E00097318,5.3,53.1,41.6
E00097319,4.2,27.7,68.1
E00097320,0.9,41.6,57.5
E00097321,0,55.4,44.6
E00097322,0.8,46.5,52.7
E00097324,0,31.6,68.4
E00097325,1.6,15.2,83.2
E00097326,2.5,16.1,81.4
E00097327,1.7,19,79.3
E00097391,5.6,13.1,81.3
E00097429,3.7,24.8,71.6
E00097589,2.1,33,64.9
E00097603,10.6,25.5,63.8
E00097604,7,26.1,66.9
E00097610,3.5,29.7,66.9
E00097611,1.9,38,60.1
E00097612,6.3,24.6,69
E00097613,2.8,29.2,67.9
E00097614,5.9,23.5,70.6
E00097620,6.8,26.5,66.7
E00097623,8.1,23,68.9
E00097624,2.4,32.9,64.7
E00097625,4.8,23.2,72
E00097732,4.1,20.7,75.2
E00097733,7.3,21.8,70.9
E00097734,4.7,22.1,73.2
E00097735,2.6,19,78.4
E00097736,1.7,16.6,81.7
E00097737,5.5,21.1,73.4
E00097738,3,34.8,62.1
E00171977,2.8,39.3,57.9
E00171978,2,50.5,47.5
E00171979,5.8,26.9,67.3
E00171980,0,23.3,76.7
E00171981,1.3,37.7,61
E00171982,1,20,79
E00171983,3,18.7,78.4
E00171984,1.6,26.6,71.9
E00171985,4.9,15.7,79.4
E00171986,4.1,18.9,77
E00171988,2.7,28,69.3
E00171989,3,35.1,61.9
E00171990,1.2,22.2,76.5
E00179282,4.7,26.6,68.7
E00179283,7.7,30.8,61.5
E00179286,3.2,26.5,70.3
E00179289,9.4,30.2,60.4
E00179290,2.5,36.1,61.4
E00179291,4.9,26.6,68.5
E00179293,4,18.5,77.5
E00179300,7.6,11,81.4
E00179301,4.1,18.5,77.4
E00179302,10.8,28,61.3
E00179303,0.5,19.6,79.9
E00179305,0,32.4,67.6
E00179306,4.5,31.8,63.6
E00179307,0,20.2,79.8
E00179308,1.6,35.7,62.7
E00179311,1.9,5.6,92.6
E00179314,3.9,15.7,80.4
E00179319,4.1,20.5,75.4
E00179320,6.7,24.5,68.7
E00179321,2.9,21,76.1
E00179322,0,25.7,74.3
E00179324,3.9,24,72.1
E00179325,1,30.9,68
E00179327,3,16.8,80.2
E00179330,0,49.6,50.4
E00179333,0.8,16.3,82.9
E00179334,4,21.2,74.8
E00179335,3,23,74.1
E00179337,0.7,31.3,67.9
E00179339,2.3,24.1,73.6
E00179341,4.1,17.5,78.4
E00179345,0.7,25,74.3
E00179346,2.8,22.9,74.3
E00179347,6.3,27.3,66.4
E00179348,2.2,14.6,83.2