geography_code,passports_all_4a-001,passports_all_4a-002,passports_all_4a-003
E00073183,82.6,5,12.4
E00073184,75.1,7.4,17.5
E00073185,63.1,15.8,21.1
E00073186,74.7,8.3,17
E00073187,59,24.5,16.4
E00073188,72.6,6.1,21.3
E00073189,76.4,6.6,17
E00073190,52.6,14.1,33.3
E00073191,71.8,5.6,22.6
E00073192,66.9,16,17.1
E00073193,81.4,8.3,10.3
E00073194,62,10.3,27.7
E00073195,75.2,6.7,18.1
E00073196,62,13.7,24.4
E00073197,80,10.3,9.7
E00073198,69.4,6.8,23.8
E00073199,75.8,9.6,14.7
E00073200,66.9,7.6,25.5
E00073201,72.3,8.8,18.8
E00073202,68.5,18.2,13.4
E00073203,72.8,14.4,12.8
E00073204,78.4,7.8,13.9
E00073205,76.2,12.8,11
E00073206,76.1,10.3,13.6
E00073207,77.5,10.4,12.1
E00073208,72.7,6.4,20.9
E00073209,73.6,7.9,18.5
E00073210,89.3,5.1,5.6
E00073211,65.7,21.8,12.6
E00073212,49.4,33.1,17.6
E00073213,50.6,34.7,14.7
E00073214,71,14.5,14.5
E00073215,51.1,17.3,31.6
E00073216,45.7,21.6,32.7
E00073217,70.3,19.7,10
E00073218,59.6,26,14.3
E00073219,41.6,23.3,35.1
E00073220,67.4,18.4,14.2
E00073221,77.3,8.8,13.9
E00073222,65.4,11.2,23.4
E00073223,67.5,15.6,16.9
E00073929,80.6,9.3,10
E00073930,72.4,9.4,18.2
E00073931,72.2,10.4,17.4
E00073932,77.8,4.7,17.5
E00073933,71.4,6.5,22
E00073934,80.1,6.6,13.3
E00073935,75.1,7.6,17.3
E00073936,65.7,4,30.3
E00073937,63.4,12.5,24.1
E00073938,64.7,8.1,27.2
E00073939,65.9,15.7,18.4
E00073940,58,15.6,26.4
E00073941,56.6,17.4,26
E00073942,55.4,14.9,29.7
E00073943,61.7,17.1,21.2
E00073944,49.3,17.7,33
E00073945,55.6,17.1,27.4
E00073946,68.3,12.8,18.9
E00073947,70.4,12.4,17.3
E00073948,61.2,18,20.7
E00073949,54.1,18.4,27.5
E00073950,48.4,14.9,36.7
E00073951,61.9,12.9,25.2
E00073952,77,9.4,13.5
E00073953,57.8,11.2,31
E00073954,56.2,10.9,33
E00073955,92,3.9,4.2
E00073956,88.5,3.8,7.7
E00073957,78.7,7.9,13.4
E00073958,81.7,5.6,12.7
E00073959,83.6,7.3,9.1
E00073960,89.3,7.4,3.3
E00073961,74.3,4.6,21.1
E00073962,78.6,9.6,11.8
E00073963,79.3,6,14.7
E00073964,73.9,5.6,20.5
E00074302,80,7.5,12.5
E00074303,88.3,5.8,5.8
E00074304,88,5.6,6.4
E00074306,82,12.4,5.6
E00074308,87.6,6.5,5.8
E00074309,90.6,6.3,3.1
E00074311,83.8,13.1,3
E00074312,74.2,16.7,9
E00074317,92.3,2.4,5.3
E00074319,92.7,5.8,1.5
E00074320,82.7,11.6,5.7
E00074321,84.2,10.3,5.5
E00074326,86.5,6.8,6.8
E00074440,90.5,4,5.5
E00074441,93,2.6,4.4
E00074442,80.7,6.3,13
E00074443,90.9,2.4,6.7
E00074444,82.6,3.1,14.3
E00074445,89.2,4.5,6.3
E00074446,83.6,5.2,11.2
E00074448,91.4,1.8,6.7
E00074449,88,6,6
E00074450,90,0.7,9.3
E00074451,91.9,3.7,4.4
E00074452,89.5,3.1,7.3
E00074453,86.3,2.7,11
E00074454,89.5,3.5,7
E00074455,88.3,3.9,7.8
E00074456,92.6,1,6.4
E00074457,91.8,2.1,6.2
E00074588,91.8,6,2.2
E00074589,94.4,5,0.7
E00074590,87.6,3.4,9
E00074591,89.2,2.5,8.2
E00074592,87.4,4.8,7.8
E00074593,88,3.1,8.9
E00074594,91.9,3.5,4.6
E00074595,90.9,4.1,5
E00074598,87.4,3.4,9.1
E00074600,95.8,1.9,2.3
E00074601,81.9,3.6,14.6
E00074602,87.6,3.2,9.1
E00074603,90.6,3,6.4
E00074604,90.8,2.8,6.4
E00074606,94.7,1.4,3.9
E00074638,85.4,3.4,11.1
E00074639,88,1.9,10.1
E00074640,89.7,5,5.4
E00074641,79.6,1.3,19
E00074642,91.8,3.2,5
E00074643,93.4,1.7,4.9
E00074644,89.3,4,6.7
E00074645,91.5,1.9,6.6
E00074646,90.4,1.7,7.8
E00074647,92.2,3.4,4.4
E00074648,86.7,0.7,12.6
E00074649,87.8,3.5,8.7
E00074650,83.9,6.4,9.7
E00074651,93,1.2,5.8
E00074652,91.6,2.5,6
E00074653,94.7,2.5,2.8
E00074654,89.2,2.6,8.2
E00074655,76.5,8.1,15.4
E00074656,88.3,3.4,8.3
E00074657,90.5,3,6.4
E00074658,93.1,3,3.9
E00074659,87.8,0.6,11.6
E00074660,88.7,0.4,11
E00074661,88.4,4.8,6.8
E00074662,87.4,2.4,10.2
E00074663,89.1,2.6,8.3
E00074664,96,0,4
E00074665,83.5,11.3,5.2
E00074666,85.1,2.4,12.5
E00074667,86.9,2.1,11
E00074668,86,7.9,6.1
E00074669,69.1,1.3,29.6
E00074670,89.5,1.2,9.3
E00074671,81,4.8,14.2
E00074672,75.7,3.1,21.2
E00074673,80.9,1,18.2
E00074674,82.9,2,15.1
E00074675,78.8,9.3,11.9
E00074676,71.4,0.5,28.1
E00074677,82.4,3.9,13.7
E00074678,86.9,2.4,10.7
E00074679,87.8,1.5,10.7
E00074680,80,4.3,15.7
E00074681,79.7,3.9,16.4
E00074682,88.8,2.1,9.1
E00074683,74.2,9.1,16.7
E00074684,84.7,3.8,11.5
E00074685,76.2,1.1,22.6
E00074686,74.9,4.5,20.6
E00074687,68.8,3.2,28
E00074688,82.9,2.6,14.5
E00074689,83,3,14
E00074690,90.2,0.7,9.1
E00074691,84.5,2.4,13.1
E00074692,84.7,2.5,12.7
E00074693,91.1,2.8,6
E00074694,82.8,6.5,10.7
E00074695,75,3.7,21.3
E00074696,79.9,4.9,15.1
E00074697,75.5,4.2,20.3
E00074698,86.1,8.1,5.8
E00074699,79.5,5,15.4
E00074700,79.2,2.4,18.4
E00074701,61.2,2.8,36
E00074702,77,3.3,19.7
E00074703,74.5,4.7,20.8
E00074704,87,3.7,9.3
E00074705,88.7,4,7.3
E00074706,80.4,9.4,10.3
E00074707,81.7,1.3,17
E00074708,92.3,1.8,6
E00074709,83,2.7,14.4
E00074711,81.5,10.7,7.8
E00074712,85.7,1.6,12.7
E00074713,87.6,4.1,8.3
E00074714,90.2,3.1,6.8
E00074715,85.3,5.8,8.9
E00074716,86.1,3.5,10.4
E00074717,85.5,3.6,10.9
E00074718,92.9,3.2,4
E00074719,92.5,3.2,4.4
E00074720,93.4,2.3,4.3
E00074721,89.4,6.5,4.1
E00074722,88.9,1.1,10
E00074723,78.3,4.6,17.1
E00074724,85.5,4.8,9.7
E00074725,88.6,2.4,9.1
E00074726,86.1,8.4,5.4
E00074728,87.5,1.9,10.6
E00074729,87.4,2.8,9.8
E00074730,95.2,0.7,4
E00074731,89.6,1.2,9.3
E00074732,92.4,1.6,6
E00074733,87.7,1.9,10.4
E00074734,89.9,1.6,8.6
E00074735,88.9,1.3,9.7
E00074736,89.5,1.8,8.7
E00074737,81.3,10.9,7.8
E00074738,90,5.7,4.3
E00074739,90.4,2.9,6.7
E00074740,80.5,7.4,12.1
E00074741,90.3,4,5.7
E00074742,86.5,5,8.5
E00074743,81,1,18
E00074744,86.2,2.3,11.5
E00074745,76.8,4.3,18.9
E00074746,76.5,6.6,16.9
E00074747,71.5,7.8,20.7
E00074748,89.2,0.9,9.9
E00074749,83.9,4.9,11.2
E00074750,91.3,4.1,4.6
E00074751,77,3.8,19.2
E00074752,85.1,5.8,9.1
E00074753,90,1.6,8.4
E00074754,92.1,2.2,5.7
E00074755,71.1,8.5,20.4
E00074756,86.5,4.2,9.3
E00074757,76.6,5.5,17.9
E00074758,73.5,6.1,20.4
E00074759,83.2,3.1,13.7
E00074760,93,1.2,5.7
E00074761,94.8,0,5.2
E00074762,87.7,1,11.3
E00074763,91.8,3,5.2
E00075018,90,1.6,8.4
E00075027,76.7,5.8,17.5
E00075028,89.2,2.4,8.4
E00075029,86.1,4.5,9.5
E00075030,93.5,2.9,3.6
E00075031,92.7,2.3,5
E00075032,89,4,7
E00075033,85.8,8.1,6.1
E00075034,92.1,3.5,4.4
E00075035,84.8,3.6,11.6
E00075036,91,4.2,4.8
E00075037,90.6,2.6,6.8
E00075038,89.8,4,6.2
E00075039,79.7,7.7,12.6
E00075041,89.9,3.6,6.5
E00075042,91.2,4.8,4
E00075043,95.9,1.7,2.5
E00075044,94.4,3.8,1.7
E00075045,91.5,3.6,4.8
E00075046,89.9,2.3,7.8
E00075047,87.5,1.5,10.9
E00075048,89.4,3,7.6
E00166279,86.9,8,5.2
E00166280,82.7,10.5,6.8
E00166281,85,5.5,9.5
E00166282,70.6,2.1,27.3
E00166284,87.1,6.6,6.3
E00166285,86.6,6.4,7
E00166286,87.3,9,3.7
E00166289,84.6,7,8.4
E00166290,85.7,4.5,9.8
E00166291,89,5.5,5.5
E00166292,87.1,4.2,8.7
E00166293,82.9,11,6.1
E00166294,89.8,4.9,5.3
E00166296,84.7,4.7,10.6
E00166297,92.8,3.2,4.1
E00166299,91.1,6.2,2.7
E00166300,91.3,3.7,5
E00166301,88.1,0.8,11
E00166302,92.9,2.6,4.5
E00166303,82.6,9.9,7.5
E00166304,81.7,6.9,11.4
E00166305,87.9,7.8,4.3
E00166306,85.7,8.3,6
E00166307,85,7.5,7.5
E00189457,88.3,6.7,5
E00189461,83.2,9.9,6.8
E00189481,74.9,11.4,13.7
E00189491,92.8,3,4.2
E00189504,80.2,4.6,15.2
E00189519,81.9,8.7,9.4
E00189537,79.2,19.7,1.1
E00189555,87.8,8.9,3.4
E00189583,83.4,11.9,4.6