geography_code,number_of_cars_5a-000,number_of_cars_5a-001,number_of_cars_5a-002,number_of_cars_5a-003
E00072563,48.3,39.2,9.2,3.3
E00072564,40.2,48.2,10.7,0.9
E00072565,48.3,37.1,11.2,3.4
E00072566,55.3,33.6,7.9,3.3
E00072567,45.7,41.9,12.4,0
E00072568,51.9,39.2,7,1.9
E00072569,65,31.1,3.9,0
E00072570,42.1,47.7,10.3,0
E00072571,40.7,40.7,13.2,5.5
E00072572,75.9,16.1,5.7,2.3
E00072573,58.2,32.1,8.5,1.2
E00072574,64.7,27.8,6,1.5
E00072575,63.8,28,7,1.2
E00072576,73,14.6,4.5,7.9
E00072577,58.3,33.3,7.5,0.8
E00072578,69.6,23,6.8,0.7
E00072579,45.5,48.2,5.5,0.9
E00072580,52.2,36.3,10.6,0.9
E00072581,35.7,45.7,17.1,1.6
E00072582,44.6,43.5,10.9,1.1
E00072583,31.7,52.8,13.8,1.6
E00072584,39.3,48.2,11.6,0.9
E00072585,44.4,42.6,8.3,4.6
E00072586,40.4,41.2,17.5,0.9
E00072587,44.7,45.6,7.9,1.8
E00072588,12.3,42.6,32,13.1
E00072589,13.4,51.3,26.9,8.4
E00072590,10.3,44.4,35.9,9.4
E00072591,5.6,42.6,35.2,16.7
E00072592,17.4,49.5,26.6,6.4
E00072593,22.7,43.3,26,8
E00072607,6.1,33.3,41.7,18.9
E00072608,21.6,50.9,26.7,0.9
E00072611,12.3,33.8,40,13.8
E00072614,11.1,42.4,35.4,11.1
E00072615,4.3,48.9,40.2,6.5
E00072616,6.9,36.2,33.1,23.8
E00072617,4.9,43.2,43.2,8.6
E00072618,4.1,58.1,29.1,8.8
E00072619,5.5,32,48.1,14.4
E00072620,1.7,36.2,37.9,24.1
E00072621,2.5,39,39.8,18.6
E00072622,1.6,26,44.7,27.6
E00072623,10.1,41.4,28.3,20.2
E00072624,5.9,36.3,37.8,20
E00072625,10.9,32.8,32.1,24.1
E00072626,8.2,29.5,39.3,23
E00072627,3.1,36.1,43.3,17.5
E00072628,10.7,28.9,39.7,20.7
E00072629,7.3,34.7,37.9,20.2
E00072630,3.9,49.4,29.9,16.9
E00072631,7.6,29.5,41,21.9
E00072632,27.1,45.9,20.3,6.8
E00072633,12.7,51.2,29.8,6.3
E00072634,17.8,55,20.2,7
E00072635,22,42.3,28.5,7.3
E00072636,30.1,50,17.8,2.1
E00072637,37.3,41.8,15.7,5.2
E00072638,20.5,49.2,18.9,11.4
E00072640,10.2,40.2,37,12.6
E00072666,18.8,38.5,29.9,12.8
E00072667,34.9,28.7,24.8,11.6
E00072668,9.4,36.5,40,14.1
E00072669,39.8,33.9,20.3,5.9
E00072671,26.5,42.2,27.7,3.6
E00072672,16.4,41.8,34.5,7.3
E00072673,38.5,37,20,4.4
E00072674,23.1,52.1,17.1,7.7
E00072675,53.5,39.5,7,0
E00072676,12.1,52.4,24.2,11.3
E00072677,19,50.9,19.8,10.3
E00072678,30.1,44.9,18.4,6.6
E00072680,21.6,52.2,19.4,6.7
E00072681,17.9,51.2,21.6,9.3
E00072682,9.6,30.4,45.6,14.4
E00072683,42.5,35,18.3,4.2
E00072684,21,49.6,21,8.4
E00072687,18.3,47.6,25.6,8.5
E00072688,5.5,27.5,39.4,27.5
E00072755,51.5,40.6,5.9,2
E00072756,53.2,37.6,7.1,2.1
E00072757,70.9,27.4,0.9,0.9
E00072758,52.9,39.2,7.8,0
E00072759,61.7,31.8,5.6,0.9
E00072760,7.6,44.8,38.1,9.5
E00072761,36.2,41.4,16.4,6
E00072762,46.9,41.5,10,1.5
E00072763,29.7,46.1,21.1,3.1
E00072764,35.8,48.6,11,4.6
E00072765,10.7,56.2,28.1,5
E00072766,14.4,46.6,26.3,12.7
E00072767,13.5,60.9,20.3,5.3
E00072768,44.1,43.6,10.6,1.7
E00072769,32.2,53.3,13.8,0.7
E00072770,34.3,49.1,11.1,5.6
E00072771,24.8,44.6,24.8,5.9
E00072772,44.6,41.9,10.8,2.7
E00072773,60.3,31.6,6.6,1.5
E00072774,61.5,30.8,7.7,0
E00072775,58.2,30.9,10,0.9
E00072776,12.9,46.6,31.9,8.6
E00072777,14.3,57.9,21.1,6.8
E00072778,14.6,52,27.6,5.7
E00072787,38.1,52.3,7.7,1.9
E00072788,14.2,55.3,25.5,5
E00072790,12.9,52.6,25.9,8.6
E00072791,15.8,54.2,26.7,3.3
E00072792,26.9,46.2,21.8,5
E00072793,21.8,49.1,25.5,3.6
E00072795,12.1,51.4,26.2,10.3
E00072797,8.7,34,41.7,15.5
E00072798,6.5,46.3,36.1,11.1
E00072799,11.2,52.8,30.4,5.6
E00072800,14.1,48.5,30.3,7.1
E00072801,9.4,47.8,37.1,5.7
E00072802,19.1,54.5,20.9,5.5
E00072803,16.7,50.9,26.3,6.1
E00072804,28,53.8,14,4.3
E00072805,26.5,46.4,20.5,6.6
E00072806,37.3,49,10.8,2.9
E00072807,29.8,46.8,19.1,4.3
E00072808,30.1,51.8,12,6
E00072809,25.2,52,18.7,4.1
E00072810,55.7,32.1,10.7,1.5
E00072811,45.5,42.7,10,1.8
E00072812,49.6,39.7,9.9,0.8
E00072813,9.3,48.1,35.7,7
E00072814,5.9,52.9,36.1,5
E00072815,16.7,41.7,33.3,8.3
E00072816,17.3,45.7,29.1,7.9
E00072817,24.6,38.5,28.7,8.2
E00072818,17.5,54,21.2,7.3
E00072819,10.2,54.2,30.5,5.1
E00072820,6.8,50.8,35.6,6.8
E00072821,12,44.4,35.9,7.7
E00072822,10,44.2,40.8,5
E00072823,38.9,40.7,13.9,6.5
E00072824,7,43.8,37.5,11.7
E00072825,11.9,38.9,38.9,10.3
E00072826,16.7,40.8,35,7.5
E00072827,13.3,57.8,23,5.9
E00072828,12.3,56.5,29,2.2
E00072829,7.4,57,28.1,7.4
E00072871,31.3,46.9,13.6,8.2
E00072872,14.5,63.4,19.8,2.3
E00072873,19.5,47.2,26,7.3
E00072874,51.4,39.4,8.3,0.9
E00072875,10.5,42.1,36.8,10.5
E00072876,38.6,41.7,14.4,5.3
E00072877,8,37.5,39.3,15.2
E00072878,29.5,33.3,28.6,8.6
E00072879,11.4,40.9,37.6,10.1
E00072880,7.5,37.5,44.2,10.8
E00072881,14.6,41.5,30.9,13
E00072882,37.4,32.7,21.8,8.2
E00072883,26.2,48.4,22.1,3.3
E00072884,25.9,48.3,20.7,5.2
E00072885,12.6,50.4,28.1,8.9
E00072886,15,52.8,23.6,8.7
E00072887,32.8,48.1,16,3.1
E00072888,18.4,52.1,23.3,6.1
E00072889,35.2,44.3,15.6,4.9
E00072890,13.4,50,27.5,9.2
E00072891,28.7,40.2,24.6,6.6
E00072892,24.4,38.6,32.3,4.7
E00072894,16.1,42.9,30.4,10.7
E00072895,39.2,36,20.8,4
E00072896,17.2,35.1,36.6,11.2
E00072897,19.3,48.7,26.7,5.3
E00072898,24.2,41.2,26.8,7.8
E00072899,13,47.1,30.4,9.4
E00072900,21,41.3,27.5,10.1
E00072901,22.8,47.1,22.1,8.1
E00072902,26.5,44.2,22.1,7.1
E00072903,15.8,46.7,29.2,8.3
E00072904,14.5,48.4,25,12.1
E00072905,11.4,48.5,29.5,10.6
E00072906,23.1,44.6,26.2,6.2
E00072907,20.2,47.7,22.9,9.2
E00072908,11.5,37.7,41,9.8
E00072909,23.8,42.6,25.4,8.2
E00072910,38,33.3,14.7,14
E00072911,35.9,35.9,19.8,8.4
E00072912,22.7,47.7,22.7,7
E00072913,24.5,51.7,16.3,7.5
E00072914,33.1,48.8,14.9,3.3
E00072915,27.3,41.4,21.9,9.4
E00072916,18.3,50.8,23.3,7.5
E00072917,30.6,46.8,19.4,3.2
E00072918,43.2,44,10.4,2.4
E00072919,40.7,44.7,14.6,0
E00072920,30.5,44.3,22.1,3.1
E00072921,50.4,39.5,9.3,0.8
E00072922,18.9,44.9,26,10.2
E00072923,32.3,46.5,15.7,5.5
E00072924,29.9,48.2,19,2.9
E00072942,16.4,40.5,32.8,10.3
E00072943,6.7,34.5,35.6,23.2
E00072944,17.8,45.2,21.9,15.1
E00072945,11.4,35.2,41.9,11.4
E00072946,12,40.2,37.6,10.3
E00072947,29.6,54.1,8.1,8.1
E00072948,9.9,29.6,43.8,16.7
E00072949,4.2,48.3,34.7,12.7
E00072950,6.3,27.8,48.4,17.5
E00072951,12.6,39.5,29.3,18.6
E00072952,11,51.5,27,10.4
E00072953,8.7,39.1,39.1,13
E00072954,31.7,40.4,15.4,12.5
E00072955,1.6,35.9,40.6,21.9
E00072956,3.9,30.5,41.4,24.2
E00072957,13.4,46.5,31.7,8.5
E00072958,11.7,37.2,32.1,19
E00072959,20,57.4,16.5,6.1
E00072960,10.4,43.2,35.2,11.2
E00072961,10.7,49.6,30.5,9.2
E00072962,4.2,36.1,39.5,20.2
E00072971,20.9,42.6,24.8,11.6
E00072972,25.6,43.3,22.2,8.9
E00072973,7.5,36.1,36.1,20.3
E00072974,8.8,40.6,35.6,15
E00072975,6,32,43.3,18.7
E00072976,4,46,36.5,13.5
E00072977,10.5,44.8,32.2,12.6
E00072978,6.7,45.3,34.7,13.3
E00072980,34.5,44.4,14.8,6.3
E00072981,33.1,40.5,18.9,7.4
E00072982,5.8,38.4,37.9,17.9
E00072983,12.3,44.6,32.3,10.8
E00072984,10.9,40.3,33.3,15.5
E00072985,4.1,41.3,41.9,12.8
E00072986,4.5,38.3,38.3,18.8
E00072987,19.1,41.8,24.1,14.9
E00072989,6.2,34.9,45.7,13.2
E00072990,7.1,31.9,43.3,17.7
E00072991,12.9,39.5,33.9,13.7
E00073001,15.6,50,22.7,11.7
E00073002,34.9,29.4,27,8.7
E00073003,29.8,43.3,19.2,7.7
E00073004,15.3,48.3,28,8.5
E00073005,19.4,51.1,21.6,7.9
E00073006,20.7,41.4,23.4,14.4
E00073007,17.3,50.9,27.3,4.5
E00073008,21.3,43.5,29.6,5.6
E00073009,21.2,48.7,26.5,3.5
E00073010,25.8,49.2,17.7,7.3
E00073011,14.8,48.4,28.9,7.8
E00073012,17.6,44.5,31.9,5.9
E00073013,12.8,50.4,24.8,12
E00073014,11.4,43.2,33.3,12.1
E00073015,27.7,46,21.2,5.1
E00073016,12.8,57.1,24.1,6
E00073017,42.1,35.5,18.2,4.1
E00073018,34,39.7,15.6,10.6
E00073019,35.5,32.7,27.3,4.5
E00073030,19,54.3,19.8,6.9
E00073031,39.7,38.2,16,6.1
E00073032,45.4,40.5,9.8,4.3
E00073033,42,37,15.1,5.9
E00073034,48.1,30.1,16.5,5.3
E00073035,41.6,43.4,13.3,1.8
E00073036,29.5,40.3,21.7,8.5
E00073037,32.1,37.5,23.2,7.1
E00073038,23.8,49.2,20,6.9
E00073039,45.2,37.4,13.9,3.5
E00073040,35.8,40.8,17.5,5.8
E00073041,32.2,44.9,16.9,5.9
E00073042,15.8,51.8,24.6,7.9
E00073043,32.9,43.5,19.3,4.3
E00073044,63.8,27.6,8.6,0
E00073045,37.5,43.3,14.2,5
E00073046,38.2,35.8,15.4,10.6
E00073047,30.1,43.9,19.5,6.5
E00073048,55.1,33.3,9.4,2.2
E00073049,16.2,43.8,31.4,8.6
E00073050,16.3,56.2,20.9,6.5
E00073051,44.3,47.8,6.1,1.7
E00073052,51.6,36.9,6.6,4.9
E00073053,33.6,49,14.7,2.8
E00073054,19,59.5,18.2,3.3
E00073055,20.7,46.6,24.1,8.6
E00073056,41.1,47,10.9,1
E00073057,18.3,58.3,18.3,5.2
E00073058,43.7,45.7,10.6,0
E00073059,22.1,51.9,21.2,4.8
E00073060,22.7,49.2,22.7,5.5
E00073061,57.5,35.1,6,1.5
E00073062,17.4,53.3,25,4.3
E00073063,46.8,40.4,11.7,1.1
E00073064,47,37.3,11.9,3.7
E00073065,22,54.6,20.6,2.8
E00073066,35.2,49.2,13.9,1.6
E00073067,9.4,59.4,26.6,4.7
E00073068,13.5,58.2,22.7,5.7
E00073069,27.4,45.3,22.6,4.7
E00073070,16.8,62.2,16,5
E00073072,7.8,42.2,33.6,16.4
E00073074,21.1,43,27.3,8.6
E00073078,7.4,36.4,43.8,12.4
E00073084,4.6,36.6,40.5,18.3
E00073087,9.2,35.5,40.4,14.9
E00073088,30.8,48.7,15.4,5.1
E00073090,25,46,24.2,4.8
E00073091,36.8,43.9,9.6,9.6
E00073092,50.9,33.6,11.8,3.6
E00073093,33.9,42.2,17.4,6.4
E00073094,24.4,42.3,26.8,6.5
E00073095,32.6,40,20.7,6.7
E00073096,32.8,47.4,14.6,5.1
E00073097,24.1,48.3,17.2,10.3
E00073098,22,54.2,18.6,5.1
E00073099,26.5,46.9,23.9,2.7
E00073100,26.4,32.2,32.2,9.1
E00073101,30.4,40.5,20.9,8.1
E00073102,23.7,46.6,23.7,6.1
E00073103,18.8,56.3,18.8,6.3
E00073104,15.3,46.5,29.9,8.3
E00073106,20.2,54.8,12.5,12.5
E00073107,24.4,42.3,30.9,2.4
E00073109,28,56,12,4
E00073110,29.2,49.6,13.9,7.3
E00073111,35.7,37.5,22.3,4.5
E00073112,25.6,47.4,23.3,3.8
E00073113,19.7,47,26.5,6.8
E00073114,17.9,35.9,33.3,12.8
E00073115,10.4,49.3,32.1,8.2
E00073116,39.8,43.8,12.5,3.9
E00073117,16.5,55.4,19.8,8.3
E00073118,32.3,43.1,16.8,7.8
E00073125,10.2,39.8,37.8,12.2
E00073126,35.8,45.5,14.2,4.5
E00073127,35.7,34.3,17.9,12.1
E00073128,44.8,44.3,9.9,1
E00073129,35.5,44.5,17.3,2.7
E00073130,33.3,40.5,21.4,4.8
E00073131,47.9,43.2,6.8,2.1
E00073132,22.2,44.4,23,10.3
E00073133,36,48.6,10.8,4.5
E00073134,23,50,22.1,4.9
E00073135,11.4,54.5,30.1,4.1
E00073136,25.2,49.6,22.2,3
E00073137,32.2,38.3,22.6,7
E00073138,27.9,51.9,16.3,3.9
E00073139,35,48,16.3,0.8
E00073140,26.6,45,24.8,3.7
E00073141,17.7,56.2,20,6.2
E00073142,14.3,34.6,38.3,12.8
E00147800,3,35.4,37.4,24.2
E00147801,6.8,33.3,40.1,19.7
E00147805,5.6,36.9,38.8,18.8
E00147806,5.2,36.4,37.7,20.8
E00147807,11.9,40,34.8,13.3
E00147808,5.7,43.3,34.8,16.3
E00147809,5.5,31.3,28.1,35.2
E00147810,5.3,45.8,42.7,6.1
E00147811,5.1,42.6,36,16.2
E00147812,5.1,39.3,35.5,20.1
E00147813,5.7,30.7,40.9,22.7
E00147820,6.9,34,41,18.1
E00147821,3.6,30.4,33.9,32.1
E00147822,15,37.8,30.7,16.5
E00147823,4.8,37.9,33.1,24.2
E00147824,12.6,37.8,29.7,19.8
E00147825,23.1,39.3,29.9,7.7
E00147826,13.2,36.3,40,10.5
E00147827,4.5,36.6,42.5,16.4
E00147836,12,52.8,28.9,6.3
E00147837,0.7,31.8,47,20.5
E00147838,22.7,49.5,22.7,5.2
E00147839,15.1,43.8,21.1,20
E00147840,6.8,33.1,46.6,13.6
E00147841,5.8,33.3,35,25.8
E00147842,2.3,40.6,37.5,19.5
E00147843,5.4,34.1,48.1,12.4
E00147844,12,32,42.4,13.6
E00147845,13.1,38.5,35.2,13.1
E00147846,6,35,41,17.9
E00147847,11.7,31.3,37.5,19.5
E00147848,34.2,38.7,21.6,5.4
E00147849,16.2,48,27.7,8.1
E00147850,12.3,32.2,39,16.4
E00147851,26.5,47.8,21.2,4.4
E00147852,10.6,45.5,31.8,12.1
E00147853,14.1,40.3,38.3,7.4
E00147854,9.8,51.2,30.9,8.1
E00147855,17.3,49.6,21.3,11.8
E00147856,12.1,45.7,30.2,12.1
E00147857,13.4,44.5,35.3,6.7
E00147858,8.8,39.5,38.6,13.2
E00147859,10.7,39.3,39.3,10.7
E00147860,13,42.6,30.4,13.9
E00147861,19.3,45.4,29.4,5.9
E00147862,12.6,45.4,33.6,8.4
E00147863,5.1,51.7,33.1,10.2
E00147864,8.1,43.5,37.1,11.3
E00147865,4.3,44.4,33.3,17.9
E00147866,10.9,39.7,40.8,8.7
E00147867,16.4,41.8,30,11.8
E00147868,21.9,40,27.6,10.5
E00147869,32.7,48.7,15,3.5
E00147870,15.2,47.3,31.7,5.8
E00147872,13.2,44.3,37.1,5.4
E00147873,35.9,43.8,15.2,5.1
E00147874,40.9,39.2,16.5,3.4
E00147875,13.2,50,26.8,10
E00147876,14.3,49.6,32.3,3.8
E00147877,22.4,51.9,23.1,2.6
E00147878,13.3,36.7,34.2,15.8
E00147879,21.8,45.1,24.8,8.3
E00147880,19.1,39,36.2,5.7
E00147881,15.7,54.3,23.6,6.4
E00147882,13.2,55.8,25.6,5.4
E00147883,10.9,43,35.9,10.2
E00147884,15.1,38.7,35.3,10.9
E00147885,11.8,40.9,32.7,14.5
E00147886,4.2,45.8,40,10
E00147888,25.2,37.8,27.9,9
E00147889,26.6,43.2,25.2,5
E00147890,31.6,39.8,20.3,8.3
E00147891,9.7,43.3,35.8,11.2
E00147892,25.4,40.8,22.3,11.5
E00147893,18.9,49.2,26.2,5.7
E00147894,10.6,45.5,27.6,16.3
E00147895,21.5,43,27.3,8.3
E00147896,8,43.5,33.3,15.2
E00147897,27.6,58.3,9.8,4.3
E00147898,21.5,53.4,20.2,4.9
E00147899,23.4,44,24.1,8.5
E00147900,7,45.5,27.3,20.3
E00147901,24.6,44.9,22,8.5
E00147902,35.8,47.1,13.9,3.2
E00147903,12.9,37.9,39.4,9.8
E00147904,22.5,50.4,24,3.1
E00147905,37,41.7,19.7,1.6
E00147906,21.5,37.6,31.5,9.4
E00147907,12.1,45.5,32.6,9.8
E00147908,11.9,50.3,29.4,8.4
E00147909,12.6,39.5,33.7,14.2
E00147910,7.7,46.5,35.9,9.9
E00147912,26.9,46.2,18.6,8.3
E00147913,20.5,49.2,21.2,9.1
E00147915,23.3,41.8,29.5,5.5
E00147916,38.4,42.4,14.4,4.8
E00147917,11.2,47.1,31.8,10
E00147955,10.1,39.1,23.2,27.5
E00147956,7.3,29.3,40.7,22.8
E00147957,15.4,35.7,35.7,13.3
E00147958,5.8,19.2,41.7,33.3
E00147959,9,32,41,18
E00147960,3.6,33.3,33.3,29.7
E00147961,2.9,32,36.6,28.5
E00147962,3.4,35,40.2,21.4
E00147981,3.2,35.4,39.9,21.5
E00147982,8.6,33.6,43,14.8
E00147983,3.6,30.8,39.6,26
E00147984,0,30.4,42.9,26.8
E00147985,6.5,34.1,47.2,12.2
E00147986,4,40.6,41.7,13.7
E00147987,3.7,33.1,41.2,22.1
E00147989,10.4,40.8,27.2,21.6
E00147990,11.7,50.8,28.3,9.2
E00147991,8.3,36.4,39.7,15.7
E00148048,2.7,28.3,42.5,26.5
E00148049,11.7,35.9,38.3,14.1
E00163439,4.1,14.3,55.1,26.5
E00163440,16,44.5,29.4,10.1
E00163441,7.2,38.9,40,13.9
E00163442,6.7,37.6,41.6,14
E00163443,7.6,33.6,30.5,28.2
E00163444,6.7,40,35.6,17.8
E00163446,11.7,27.2,35.9,25.2
E00163447,21,50.4,25.2,3.4
E00163448,10.6,50.4,28.4,10.6
E00163449,8.4,42,29.8,19.8
E00163450,5.3,44.7,35.3,14.7
E00163451,17.2,41.4,30.5,10.9
E00163452,11.8,48,29.1,11
E00163453,18.9,48.6,23.6,8.8
E00163454,11.8,47.9,29.9,10.4
E00163455,7,46,40.6,6.4
E00163456,16.1,53,24.4,6.5
E00163457,32.8,40.2,23,4.1
E00163458,6.3,40.6,36.7,16.4
E00163459,16.4,39.8,35.9,7.8
E00163460,9.2,41.1,39,10.6
E00163461,2.2,30.8,42.9,24.2
E00163462,8.2,49.2,36.1,6.6
E00163464,19.8,56,20.7,3.4
E00163465,10.2,52.6,26.3,10.9
E00163466,55.3,36,7,1.8
E00163467,19.5,56,22.6,1.9
E00163468,14.8,47.8,30.4,7
E00163469,11.8,55.5,26.1,6.7
E00163470,19.5,41.4,28.1,10.9
E00163471,21.3,47.1,21.3,10.3
E00163472,18.1,40.2,30.7,11
E00163473,26.3,43.7,23.4,6.6
E00163474,29.6,48.1,17.8,4.4
E00163475,16.7,38.6,36.8,7.9
E00163476,29.9,40.9,21.2,8
E00163477,18.2,47.7,26.5,7.6
E00163478,10.1,41.8,42.4,5.7
E00163480,6,28.9,38.9,26.2
E00163481,8.2,33.6,41.8,16.4
E00163482,7.3,31.1,44.4,17.2
E00163483,7.6,27.4,43.9,21
E00163484,9.4,38.4,38.4,13.8
E00163485,7.6,33.6,46.2,12.6
E00163487,7.8,45.7,28.4,18.1
E00163488,7.7,38.5,37.1,16.8
E00163490,18.3,34.5,33.1,14.1
E00163491,5.2,27.1,47.1,20.6
E00163492,7.5,43.3,35,14.2
E00163493,8.7,40.2,33.9,17.3
E00163494,17.2,33.6,36.7,12.5
E00163495,4.8,33.3,34.5,27.4
E00163496,12,37.3,31.7,19
E00163497,5.2,42.2,37.8,14.8
E00163498,7.4,38.5,42.2,11.9
E00163499,5,31.1,45.4,18.5
E00163500,4.8,38.1,37.3,19.8
E00163501,16.3,37.8,30.4,15.6
E00163505,8.6,29.5,38.1,23.8
E00163506,5.7,27.1,40.1,27.1
E00163507,4.5,37.5,40.2,17.9
E00163508,6.2,33.1,46.9,13.8
E00163509,9.4,28.3,39.6,22.6
E00163510,16.6,45.5,28.3,9.7
E00163511,5,33.3,51.1,10.6
E00163512,6.1,38.9,42,13
E00163513,11.3,42.2,35.3,11.3
E00163514,3.9,34.4,46.9,14.8
E00163515,4.9,29.3,47.2,18.7
E00163516,6.2,36.3,39.8,17.7
E00163517,10.1,31.7,39.2,19
E00163518,7,30.7,38.7,23.6
E00163519,8.6,40.6,33.6,17.2
E00163520,5.9,30.5,49.2,14.4
E00163521,1.8,30.4,50,17.9
E00163522,15.2,49.1,24.1,11.6
E00163523,9.3,38.3,40.2,12.1
E00163524,30.8,31.8,26.2,11.2
E00163525,8.4,36.1,43.7,11.8
E00163526,8.9,36.3,34.7,20.2
E00163527,19.7,39.3,30.8,10.3
E00163528,11.6,34.7,37.2,16.5
E00163529,7.3,34.5,47.3,10.9
E00163530,4.4,35,40.9,19.7
E00163531,18.9,41.7,27.6,11.8
E00163532,10.7,42.6,36.9,9.8
E00163533,26.3,38.1,27.1,8.5
E00163534,10.7,45.9,35.2,8.2
E00163535,15.6,44.8,25.3,14.3
E00163536,12.1,48.4,29,10.5
E00163537,16.3,36.3,31.1,16.3
E00163539,9.2,39.5,37.5,13.8
E00163540,13,36.2,35.6,15.3
E00163541,17.6,38.7,34.5,9.2
E00163542,11.1,44.2,34.1,10.6
E00163544,19.6,55.1,15.2,10.1
E00163545,11.1,43,27.4,18.5
E00163546,21.4,52.6,16.9,9.1
E00163547,20.5,42.7,24.8,12
E00163548,47,46.4,4.6,2
E00163549,15.1,50.5,24.7,9.7
E00163550,10,40.8,36.7,12.5
E00163551,32.6,47.2,17.4,2.8
E00163552,43.2,44.1,9.3,3.4
E00163553,8.9,38.7,40.3,12
E00163554,7.5,41.8,33.6,17.2
E00163555,12.6,34.6,33.9,18.9
E00163556,19.8,50,23.6,6.6
E00163557,25.6,48.8,18.6,7
E00163558,23.9,40.8,25.4,9.9
E00163559,7.8,46.5,33.3,12.4
E00163560,29,36.3,25,9.7
E00163561,59.5,32.1,7.1,1.2
E00163562,11.1,45.3,33.3,10.3
E00163563,12.3,42.1,28.9,16.7
E00163564,10,37.5,34.2,18.3
E00163565,12.2,33.3,39.8,14.6
E00163566,11.4,41.8,31,15.8
E00163567,7.5,32.1,40.3,20.1
E00163568,11.3,33.1,38.7,16.9
E00163569,6.9,33.6,37.4,22.1
E00163570,5.2,37.9,35.3,21.6
E00163571,11.6,44.2,32.6,11.6
E00163573,13.1,53.3,24.6,9
E00163574,34.5,43.6,14.5,7.3
E00163576,10.5,37.7,36,15.8
E00163577,15.1,38.7,30.3,16
E00163578,4.2,44.9,38.1,12.7
E00163579,5.6,26.6,43.5,24.2
E00163580,3.6,33.9,42,20.5
E00163581,6.4,39.7,39.7,14.2
E00163582,0,27.4,50.4,22.2
E00163584,9.1,30.3,39.4,21.2
E00163586,11,40.4,34.6,14
E00163587,9.1,48.8,34.7,7.4
E00163588,6.9,53.1,32.3,7.7
E00163589,14.2,39.2,37.5,9.2
E00163590,16.4,54.9,22.1,6.6
E00163591,10.7,45.8,28.2,15.3
E00163592,10.4,41.6,35.9,12.1
E00163593,8.3,45,34.9,11.9
E00163594,5.9,43.7,43.7,6.7
E00163595,7.2,37.8,45,9.9
E00163606,21.6,45.6,26.4,6.4
E00163607,6.5,36.4,33.8,23.4
E00163608,2.9,33.7,47.1,16.3
E00163609,8.2,44.5,35.5,11.8
E00163610,16,46.6,29,8.4
E00163611,13.1,45.3,27,14.6
E00163612,10.5,46,25,18.5
E00163613,9,32,42.6,16.4
E00163614,7.8,31.3,48.4,12.5
E00163615,1.5,26.6,48.8,23.2
E00163616,6.5,38.2,38.2,17.1
E00163618,4.5,24.8,47.4,23.3
E00163619,10.7,37.3,36.7,15.3
E00163620,2.9,35.3,44.1,17.6
E00163621,21.4,34.5,27.4,16.7
E00163622,10.2,40.9,35.2,13.6
E00163623,7,38.2,38.2,16.6
E00163626,9.3,31.5,37,22.2
E00163631,7.8,24.8,47.3,20.2
E00163632,0,34,46,20
E00163635,8.5,31,41.5,19
E00163636,6.9,22.8,36.6,33.7
E00163637,13.7,40.4,32.2,13.7
E00163638,3.6,52.9,37,6.5
E00163639,8.2,37.2,39.6,15
E00163640,7.8,34.4,42.9,14.9
E00163641,5.1,30.4,42.8,21.7
E00163643,0,29.3,45.1,25.6
E00163644,4.6,34,36.6,24.7
E00163645,5,30.9,45.3,18.7
E00163647,6,31.3,43.3,19.4
E00163649,15.9,49.3,21.7,13
E00163650,20.5,51.5,24.6,3.5
E00163651,49.3,36.6,10.6,3.5
E00163652,13.2,42.1,33.3,11.4
E00163654,19.3,41.4,26.4,12.9
E00163655,13.9,55.6,25.7,4.9
E00163656,13.6,43.2,36.4,6.8
E00163657,11.9,39.2,35,14
E00163658,18.9,43.2,25.8,12.1
E00163659,21.5,44.3,22.8,11.4
E00163660,31.4,53.1,11.4,4
E00163661,31.3,33.9,24.3,10.4
E00163662,22.1,42.6,27,8.2
E00163663,17.3,40.9,29.9,11.8
E00163664,31.3,40.6,23.4,4.7
E00163665,29.6,45.9,17,7.4
E00163667,4.3,41.1,38.9,15.7
E00163668,24.8,51.1,21.1,3
E00163669,14.1,43.6,32.9,9.4
E00163670,29.9,44.9,18.9,6.3
E00163671,10.4,49.6,26.7,13.3
E00163672,23.5,48.7,19.3,8.4
E00163673,32.3,41.4,20.3,6
E00163674,13.6,55.2,23.2,8
E00163675,17.8,38.5,34.8,8.9
E00163676,6,49.1,31,13.8
E00163677,26.4,46.3,18.2,9.1
E00163678,9.4,34.6,38.6,17.3
E00163679,8.8,43.8,32.8,14.6
E00163680,12.1,38.7,29.8,19.4
E00163681,9.7,45.1,35.4,9.7
E00163682,8.9,41.1,35.5,14.5
E00163683,27.6,52,16.3,4.1
E00163684,23.2,52,18.4,6.4
E00163685,27.2,49.3,17.6,5.9
E00163686,18,38.3,33.8,9.8
E00163687,36.4,41.9,17.1,4.7
E00163689,20.6,38.2,32.1,9.2
E00163691,34.9,38.9,17.5,8.7
E00163692,26.4,40,24.8,8.8
E00163693,17.4,55.2,22.1,5.2
E00163694,29.8,25.9,30.2,14.1
E00163695,30.5,39.7,22.9,6.9
E00163696,12.9,41.5,35.4,10.2
E00163697,7,35.7,41.9,15.5
E00163698,9.4,40.9,37,12.7
E00163699,7.4,44.4,34.1,14.1
E00163700,8.5,41.9,38.5,11.1
E00163701,4.8,34.1,44.4,16.7
E00163702,16.7,55,22.5,5.8
E00163703,9.6,36,40.8,13.6
E00163704,12.4,46.5,34.1,7
E00163705,37.8,46.5,13.4,2.4
E00163706,23.5,38.7,26.1,11.8
E00163707,30.4,34.1,32.6,3
E00163708,9.8,33.3,37.4,19.5
E00163709,36.5,39.3,16.3,7.9
E00163710,11.6,29.7,31.9,26.8
E00163711,10.3,41,36.8,12
E00163712,10.3,31.7,34.9,23
E00163713,8.6,38.1,33.8,19.4
E00163714,5.7,43.1,38.2,13
E00163715,3.1,36.2,47.7,13.1
E00163716,16.4,43.1,34.5,6
E00163717,9.4,35.2,40.6,14.8
E00163718,9.1,44.7,33.3,12.9
E00163719,14.7,34.1,32.6,18.6
E00163720,21.7,45.8,26.7,5.8
E00163721,37.2,32.1,21.9,8.7
E00163722,32.7,42.4,19.4,5.5
E00163723,8.8,39.5,37.4,14.3
E00163724,38.4,28.3,26.1,7.2
E00163727,21.9,41.6,29.2,7.3
E00163728,12.8,46.8,27.7,12.8
E00163729,5.6,40.2,38.5,15.6
E00163731,45,42,9,4
E00163733,28.2,50,19.1,2.7
E00163734,11.2,52,28.8,8
E00163736,25.8,37.9,27.4,8.9
E00163737,33.6,49,15.4,2.1
E00163738,13.2,36.8,31.6,18.4
E00163739,5.1,35,37.6,22.2
E00163740,5.9,42.2,37.8,14.1
E00163741,19,56,22.4,2.6
E00163742,7.3,41.1,37.1,14.5
E00163743,12.6,43.7,30.3,13.4
E00163744,24.3,47.9,19.3,8.6
E00163745,16.4,47.3,26,10.3
E00163746,7.3,37.6,39.4,15.6
E00163747,6.1,46.5,36.8,10.5
E00163748,3,54.5,36.6,6
E00163749,12.5,60.2,25,2.3
E00163750,47.4,29.3,16.4,6.9
E00163751,8.3,60.7,29.8,1.2
E00163752,15.8,45.9,33.8,4.5
E00163753,9.5,39.2,33.1,18.2
E00163754,3.3,44.2,45.8,6.7
E00163755,36.9,44.6,12.7,5.7
E00163756,47.7,39.2,10.2,2.8
E00163757,38.7,44,14.9,2.4
E00163758,24.4,47.4,28.1,0
E00163759,29.2,39.6,24,7.1
E00163760,27,53.9,14.6,4.5
E00163761,23.1,44.8,23.1,9
E00163762,13.3,42.5,31.7,12.5
E00163763,15.2,47.6,28.3,9
E00163764,14.7,41.3,28,16.1
E00163765,18.6,49.6,24.8,7
E00163766,12.4,31.8,39.5,16.3
E00163767,14.3,42.1,36.8,6.8
E00163768,11.4,39.8,37.4,11.4
E00163769,9.5,37.2,35,18.2
E00163770,14.1,36.9,33.6,15.4
E00163771,9,38.9,37.7,14.4
E00163772,12.4,41.9,32.6,13.2
E00163773,26,35.6,25.3,13
E00163774,37.6,43.4,14.5,4.6
E00163775,8.5,40.3,42.6,8.5
E00163776,29.6,45.9,19.3,5.2
E00163777,20.2,37.1,29.8,12.9
E00163778,13.3,44.5,28.1,14.1
E00163779,11.6,39.3,36.6,12.5
E00163780,35.5,38,17.4,9.1
E00163781,31,41.9,20.2,7
E00163782,17.1,39.3,32.5,11.1
E00163784,15,35.5,37.4,12.1
E00163785,12.9,50,30.6,6.5
E00163786,12.8,39.8,32.3,15
E00163787,9.8,42,30.8,17.5
E00163788,19,35.2,39,6.7
E00163789,4.6,40.8,44.1,10.5
E00163790,21.3,41.9,26.5,10.3
E00163791,11.3,35.9,40,12.8
E00163792,14,47.8,28.7,9.6
E00163793,22.1,42.1,27.1,8.6
E00163794,8.8,46.7,32.8,11.7
E00163795,10.4,48.9,36.3,4.4
E00163796,4.9,44.1,35.7,15.4
E00163797,13.5,47.7,25.8,12.9
E00163798,30.9,51.1,12.2,5.8
E00163799,10.7,40.2,33.9,15.2
E00163800,11.4,37.9,34.3,16.4
E00163801,16.9,52.9,25,5.1
E00163802,3,28.6,51.9,16.5
E00163803,33.6,41.6,22.8,2
E00163805,6.9,46.9,31.7,14.5
E00163806,45.1,41.8,9,4.1
E00163807,10.1,39.4,33.3,17.2
E00163809,10.1,40.6,32.6,16.7
E00163810,18.3,49.3,23.2,9.2
E00163811,19.3,47.6,29,4.1
E00163812,36.6,45.5,14.3,3.6
E00163813,15.1,34.1,29.4,21.4
E00163814,24.6,47.3,21.6,6.6
E00163815,19.9,50,24,6.2
E00163816,10.2,36.7,43.8,9.4
E00163817,21.5,38.5,34.1,5.9
E00163818,15.8,44.3,25.9,13.9
E00163819,10.5,35.1,34.5,19.9
E00163821,8.8,46,33.6,11.7
E00163822,10.5,47.4,26.3,15.8
E00163824,4.7,51.2,36.4,7.8
E00163825,13.2,54.9,24.2,7.7
E00163826,12,54.6,26.9,6.5
E00163827,4.6,38.9,38.2,18.3
E00163828,15,45.8,32.7,6.5
E00163829,34.8,52.2,10.7,2.2
E00163830,18.2,50.8,23.5,7.5
E00163831,8,33.8,41.3,16.9
E00163832,18.1,48.8,28.1,5
E00163833,9.2,34.4,40.5,16
E00163834,21.6,40.3,23.1,14.9
E00163835,5.7,40.5,34.8,19
E00163836,9.4,40.2,35.9,14.5
E00163837,7.5,34.3,40.3,17.9
E00163839,10.2,48.3,26.3,15.3
E00163840,9.7,40.3,37.1,12.9
E00165856,13,46.6,29.8,10.7
E00165863,16.3,34.7,26.5,22.4
E00165864,12.8,48.1,27.8,11.3
E00165865,20.3,47.7,23.4,8.6
E00165868,9.9,44.4,37,8.6
E00166334,3.7,15.7,53.7,26.9
E00166335,16.9,35.1,40.3,7.8
E00166336,12.3,57,22.8,7.9
E00166337,7.4,33.1,47.3,12.2
E00166338,0,28.2,44.9,26.9
E00166339,6.4,43.1,41.3,9.2
E00166340,10.8,34.3,37.3,17.6
E00166341,5.1,44.1,37.3,13.6
E00166374,25.7,44.2,23.9,6.2
E00166375,54.5,38.9,4.8,1.8
E00166376,46.2,45.1,8.8,0
E00166377,35.7,53.9,10.4,0
E00166378,42.3,46.3,8.1,3.4
E00166379,23.9,40.8,25.4,9.9
E00166397,11,46.8,32.5,9.7
E00166398,2.7,43.8,39.3,14.3
E00166399,8.5,48.3,28.8,14.4
E00166400,15,43,33.6,8.4
E00166401,19.6,52.7,22.3,5.4
E00166402,5.2,45.2,35.7,13.9
E00166403,18.2,49.3,27,5.4
E00166404,7.5,50.5,32.7,9.3
E00166405,14.4,41.4,34.2,9.9
E00166406,5.5,39.3,45.5,9.7
E00166407,6.4,34.2,44.3,15.1
E00166408,8.7,46.2,33.7,11.5
E00166409,8.9,42.2,28.9,20
E00166410,7,37.7,36,19.3
E00166411,4.8,33.9,41.9,19.4
E00166412,3.4,25.2,47.9,23.5
E00166413,2.7,37.8,44.6,14.9
E00166415,6.9,41.5,36.2,15.4
E00166416,5.6,32.7,43.9,17.8
E00166417,6.4,38.5,32.1,22.9
E00166454,5.2,45.5,32.8,16.4
E00166455,1.6,30.2,39.7,28.6
E00166456,6.2,32.3,43.8,17.7
E00166459,10.5,43.9,34.2,11.4
E00166461,4.9,29.5,36.1,29.5
E00166464,6.4,24.9,41.6,27.2
E00170250,14.3,45.5,33.9,6.3
E00170251,13.8,46.3,35,5
E00170252,55.3,31.9,10.6,2.1
E00170253,35.6,37.9,20.7,5.7
E00170254,13.6,44.3,34.1,8
E00170256,18.7,46.7,18.7,16
E00170257,7.4,50,31.5,11.1
E00184144,18.2,52.3,18.2,11.4
E00184154,5.7,37.9,44.1,12.3
E00184155,22.1,39.7,25.7,12.5
E00184172,6.5,27.6,43.5,22.4
E00184175,7.7,33.7,46.2,12.5
E00184176,19.5,40.2,30.5,9.8
E00184180,7.1,37.2,41.7,14.1
E00184205,9.9,37.2,38,14.9
E00184206,11,52.1,28.8,8.2
E00184207,29.7,51.9,16,2.4
E00184208,2.9,17.4,63.8,15.9
E00184213,14.1,32.1,43.6,10.3
E00184215,16.5,38.1,32,13.4
E00184217,34.1,42.4,20,3.5
E00184219,5.6,43.2,36.8,14.4
E00184221,8.9,34.4,42.2,14.4
E00184231,22.4,41.8,32.8,3
E00184232,37.6,53.6,8,0.8
E00184233,17.3,48.1,28.4,6.2
E00184234,7.3,36.6,50,6.1
E00184242,11.7,45,33.3,9.9
E00184243,5.6,47.9,33.8,12.7
E00184246,12.4,38.2,36,13.5
E00184247,8.2,32.9,44.5,14.4
E00184251,2.3,34.4,53.9,9.4
E00184255,15,37.5,38.3,9.2
E00184268,12.9,34.9,43.1,9.1
E00184276,24.8,51.9,21.1,2.3
E00184277,6.9,27.6,47.8,17.7
E00184279,0,42.9,34.7,22.4
E00184280,5.2,49.4,35.1,10.4
E00184282,3.5,31.9,54.9,9.7
E00184283,10.3,31,39.1,19.5
E00184284,6.9,25,48.6,19.4
E00184286,3.6,26.1,48.6,21.7
E00184288,3,31.1,51.1,14.8
E00184289,0,32.6,50.7,16.7
E00184290,16.4,30.9,36.4,16.4
E00184291,4.8,36.4,42.4,16.4
E00184293,3.6,23,52.5,20.9
E00184298,16.9,42.9,32.5,7.8
E00184301,37.7,48.7,10.4,3.2
E00184302,12.5,34.2,46.1,7.2
E00184304,6.1,30.3,40.4,23.2
E00184308,6.2,51.4,37.7,4.8
E00184315,3.8,43.8,43.8,8.6
E00184320,13.9,38.7,41.7,5.7
E00184322,6.1,37.2,38.3,18.3
E00184323,13,44.4,38.9,3.7
E00184327,22.2,38.6,30.4,8.9
E00184328,10,35.6,45.6,8.9
E00184335,15.8,56.1,19.3,8.8
E00186527,6,38.8,46.3,9
E00186579,20.9,46.6,28.3,4.2
E00186593,16.8,46.6,30.4,6.2
E00186594,3.9,56.3,30.1,9.7
E00186599,14.3,42.9,29.5,13.3
E00186622,3.4,28.1,54.5,14
E00186648,16.3,38,40.4,5.3
E00186649,45.2,35.5,16.1,3.2
E00189458,49.6,43,6.6,0.8
E00189471,13.6,51.5,32,2.9
E00189475,16,52.7,29.3,2
E00189483,14.8,52.1,26.8,6.3
E00189487,45.1,44.3,9,1.6
E00189515,26.3,54.2,14.4,5.1
E00189525,34.4,53.3,11.5,0.8
E00189527,35.3,49.6,14.4,0.7
E00189529,13.9,38.6,34.7,12.9
E00189554,43.2,48,7.2,1.6
E00189568,49.2,41.5,9.2,0
E00189572,44.8,48.6,6.7,0
E00189584,52.9,43.7,2.5,0.8
E00189595,25.7,44.2,28.3,1.8
E00189597,11,44.9,35.3,8.8