areacd,number_of_cars_5a-000,number_of_cars_5a-001,number_of_cars_5a-002,number_of_cars_5a-003
E00112731,7.9,38.8,36.4,17
E00112736,6.1,33.3,41.8,18.8
E00112741,10.1,41.7,32.2,16.1
E00112743,6.6,38.9,42,12.4
E00112744,10.7,35,44.7,9.7
E00112745,16.4,39.3,30.3,13.9
E00112746,11.5,36.9,32.8,18.9
E00112748,12.5,34.7,43.1,9.7
E00112749,3.9,25.8,44.5,25.8
E00112750,12.1,36.4,42.4,9.1
E00112751,7.6,46.2,33.3,12.9
E00158950,31,46.8,11.9,10.3
E00158951,4.8,50,33.6,11.6
E00158952,20.1,48.2,21.6,10.1
E00158953,11.9,44.8,30.6,12.7
E00158954,18.5,43.7,27.7,10.1
E00158955,27.1,48.1,15,9.8
E00158956,3.3,36.7,46.7,13.3
E00158957,5.7,41.8,38.3,14.2
E00158958,18.2,29.8,37.2,14.9
E00158959,17.8,48.9,24.1,9.2
E00158960,37.2,47.3,9.3,6.2
E00158961,14,57.4,23.5,5.1
E00158962,8.5,68.1,19.1,4.3
E00158963,9.3,48.4,31.1,11.2
E00158964,9.7,46.5,37.4,6.5
E00158965,3.9,21.7,46.5,27.9
E00158966,16.2,36.2,32.3,15.4
E00158967,18,47.7,29.7,4.7
E00158968,18.6,49.6,27.9,3.9
E00158969,22.3,35.5,33.1,9.1
E00158970,1,31.3,45.8,21.9
E00158971,6.8,24.8,46.6,21.7
E00158972,5,28,47,20
E00158973,6.6,32.4,39,22.1
E00158974,0,25,49,26
E00158976,15.1,55.8,22.1,7
E00158977,10,38.2,33.6,18.2
E00158978,8.9,24.8,38.6,27.7
E00158979,3.1,31.1,48.4,17.4
E00158980,2.2,42.4,39.1,16.3
E00158982,16.5,53.2,22.8,7.6
E00158984,5.9,31.4,33.3,29.4
E00158985,2,24,47,27
E00158986,4.1,29.9,48.3,17.7
E00158987,17.6,41.2,29.4,11.8
E00158988,9.4,35.3,41.5,13.8
E00158989,3.2,28.8,48.8,19.2
E00158990,12.3,40.4,32.9,14.4
E00158991,5.8,29.8,49.7,14.6
E00158992,6.5,33.9,39.2,20.4
E00158994,4.7,32,39.1,24.2
E00158995,14.5,42.1,29.7,13.8
E00158996,9.3,29.7,46.6,14.4
E00158997,15,48.1,24.8,12
E00158998,5.6,32.7,41.6,20.1
E00158999,17.2,45.7,30.5,6.6
E00159001,7,36.4,34.9,21.7
E00159002,3.4,21.8,42,32.8
E00159003,9.6,39.1,28.8,22.4
E00159004,14.4,44.7,30.3,10.6
E00159005,7.9,32.8,40.6,18.8
E00159006,10.9,21.8,43.6,23.8
E00159007,4.1,25.7,44.6,25.7
E00159080,3.1,28.9,40.3,27.7
E00159097,4.6,53.1,28.6,13.7
E00159098,4.1,40.4,33.3,22.2
E00159099,10.8,42.2,34.9,12
E00159100,4.7,23.3,46.5,25.6
E00159101,6.3,38.9,35.7,19
E00159102,7.6,47.9,35.3,9.2
E00159103,9.2,32.5,49.2,9.2
E00159104,11,22,41.3,25.7
E00159131,7.1,30,31.4,31.4
E00159133,4.1,20.5,38.5,36.9
E00159135,7.1,25.3,36.4,31.3
E00159275,8.4,50.4,28.2,13
E00159276,24.6,46.3,21.6,7.5
E00159289,13.8,31.9,41.4,12.9
E00159291,17.9,42.7,25.6,13.7
E00159292,11.1,49.6,29.9,9.4
E00159293,7,29.7,41.1,22.2
E00159326,5.4,12.5,42.9,39.3
E00159327,3.8,30.1,41.9,24.2
E00159328,4.4,33,44.5,18.1
E00159329,8.2,31.9,38.2,21.7
E00159330,12,34.7,37.3,16
E00159331,1.5,26.5,50,22.1
E00164394,6.7,33.9,39.4,20
E00164396,11.3,27.4,40.5,20.8
E00164397,14.4,47.3,27.4,11
E00164398,0,24.6,36.9,38.5
E00164399,13.3,17.8,45.9,23
E00164400,18.5,38.7,29.8,12.9
E00164401,8.5,34.6,38.6,18.3
E00164408,12.3,30.4,37.7,19.6
E00164409,8.3,36.4,38.2,17.1
E00164410,3.7,25.7,35.8,34.8
E00164411,5.7,33.7,42.9,17.7
E00164947,6.6,28.9,46.9,17.5
E00164948,7.9,43.4,38.8,9.9
E00164949,11.6,49.6,25.6,13.2
E00164950,7.7,29.5,40.4,22.4
E00164951,7.5,35.1,41.8,15.7
E00164952,4.3,37.4,38.3,20
E00164953,9.2,30.9,42.1,17.8
E00164954,13.4,45.1,26.2,15.2
E00164955,6.9,33,37.8,22.3
E00164956,18.1,51.2,24.4,6.3
E00164957,28.8,53.4,13.7,4.1
E00164958,8.7,48.4,31,11.9
E00164959,8.7,36.2,40.2,15
E00164960,18,42.7,28.7,10.7
E00164961,7.3,38.5,42,12.2
E00164962,5.1,41.6,38.7,14.6
E00164966,57.2,33.3,7.5,1.9
E00164967,15.8,43.3,27.5,13.3
E00164968,12,39.2,36,12.8
E00164969,31.2,49.3,16.7,2.9
E00164970,16,35.3,32.8,16
E00164971,16.9,48.5,30.9,3.7
E00164972,32.1,50.8,11.8,5.3
E00164975,5.5,26,43.2,25.3
E00164977,2.6,21.9,44.3,31.3
E00164989,0,27.8,48.1,24.1
E00164990,7.6,44.4,29.8,18.2
E00164991,9.2,40.4,34,16.3
E00164992,8.6,31.9,38.9,20.5
E00164993,3.8,32.7,34.6,28.8
E00164994,13.1,42.9,31,13.1
E00164995,8.8,28,42.4,20.8
E00164996,7.5,27.4,43.2,21.9
E00164997,13.6,33.2,37.7,15.6
E00165012,1.5,34.3,50.7,13.4
E00165014,8,48.7,33.6,9.7
E00165015,6.5,33.3,38.4,21.7
E00165016,6.7,21.3,38.2,33.7
E00165025,0,38.9,38.9,22.2
E00165026,3.1,26.6,46.1,24.2
E00165027,8.6,36.7,32.4,22.3
E00165028,4.7,31.8,50.5,13.1
E00165029,15.2,39.2,32.8,12.8
E00165110,3.5,25.4,45.8,25.4
E00165115,7.1,27.1,42.9,22.9
E00165116,18.7,35.8,35,10.6
E00165119,8.3,33.9,36.4,21.5
E00165120,0.8,24.6,45.2,29.4
E00165121,9,30.1,34.6,26.3
E00165122,4.2,38.9,28.4,28.4
E00165123,7.9,31.4,40.7,20
E00165127,47.7,36,13.7,2.5
E00165128,43.6,43.6,10.8,2
E00165129,29.1,41,23.9,6
E00165130,27,53,12.4,7.6
E00165131,51.6,36.7,11.7,0
E00165132,38.9,40.5,15.9,4.8
E00165133,42,47.1,6.7,4.2
E00165134,9.4,28.3,40.9,21.3
E00165135,4.8,37,41.1,17.1
E00165136,16.1,49.2,22,12.7
E00165137,16.9,60.8,17.7,4.6
E00165138,11.9,47,29.1,11.9
E00165139,13.6,52,25.6,8.8
E00165140,22.8,43.9,27.5,5.8
E00165141,37.3,39.1,15.5,8.2
E00165142,41.8,28.2,20,10
E00165143,13.8,48.3,25.9,12.1
E00165144,26.4,59.3,12.1,2.2
E00165146,8.3,38.3,39.8,13.5
E00165147,4.5,40.3,44,11.2
E00165148,22.6,40.1,28.5,8.8
E00165149,7.1,34.1,40.5,18.3
E00165150,18.6,43.2,29.7,8.5
E00165151,13.1,55.5,24.8,6.6
E00165152,16.1,43.5,29,11.3
E00165153,25,37.2,29.7,8.1
E00165154,20.2,40.5,33.3,6
E00165155,19.7,42.5,21.3,16.5
E00165156,2.5,53.7,28.1,15.7
E00165157,17.2,40.2,31.6,10.9
E00165158,13.5,48.1,26.3,12
E00165159,33.6,36.9,19.7,9.8
E00165160,2.5,42.9,35.3,19.3
E00165161,8.5,25.6,42.7,23.2
E00165162,5.6,36.5,31.7,26.2
E00165163,8.9,29,41.1,21
E00165164,8.4,26,41.6,24
E00165165,12,37.2,35,15.8
E00165166,4.9,25.7,45.1,24.3
E00165167,9.1,33.9,38,19
E00165168,16.4,56.4,21.8,5.5
E00165169,6.7,31.7,36.7,25
E00165170,2.1,42.6,48.9,6.4
E00165171,6.4,36.4,41.8,15.5
E00165172,22.1,38.1,31,8.8
E00165173,15,51.3,22.1,11.5
E00165176,8.3,33.1,46.6,12
E00165177,12.9,42.7,32.3,12.1
E00165178,9.1,51.2,25.6,14
E00165179,17,45.6,26.5,10.9
E00165180,24.3,41,26,8.7
E00165191,8.1,36,33.8,22.1
E00165192,7.8,27.7,42.8,21.7
E00165193,16.3,41.3,29.4,13.1
E00165194,5.3,32.2,42.7,19.9
E00165195,0,34.8,43.5,21.7
E00165196,10.1,41.7,34.5,13.7
E00165197,11,32.3,35.4,21.3
E00165198,13.3,44.4,28.9,13.3
E00165199,0,26.3,43.9,29.8
E00165200,11.3,47.2,30.2,11.3
E00165201,2.9,20.4,57.3,19.4
E00165202,7.5,38.5,35,19
E00165203,8,32.1,43.1,16.8
E00165204,6.4,34,43.8,15.8
E00165205,8.9,31.7,38.2,21.1
E00165206,8.6,32.3,39.2,19.9
E00165207,0,25.7,49,25.2
E00165208,1.6,18.8,46.9,32.8
E00165209,0,30.1,41.5,28.4
E00165210,2.1,29.6,41.5,26.8
E00165211,3.3,35,37.4,24.4
E00165212,3.8,24.6,43.8,27.7
E00165213,6.4,35,43.6,15
E00165214,6.8,29.7,28.8,34.7
E00165215,3.4,32.2,34.9,29.5
E00165217,0.8,21.2,45.5,32.6
E00165218,5.4,29.3,47.1,18.2
E00165219,0,34.1,43.4,22.5
E00165220,8.1,38.9,36.9,16.1
E00165221,6.2,27.9,44.2,21.7
E00165222,5.1,24.1,32.3,38.5
E00165223,6.6,33.1,46.3,14
E00165224,2.7,20.9,43.2,33.1
E00165225,0,20.5,42.4,37.1
E00165226,4.5,50.7,32.1,12.7
E00165227,5.3,24.4,42,28.2
E00165228,6.5,44.9,37.4,11.2
E00165229,17,47.3,31.3,4.5
E00165230,3.9,43,35.2,18
E00165231,6.2,43.8,33.1,16.9
E00165232,14.7,44.2,31.6,9.5
E00165233,7.6,49.2,31.4,11.9
E00165234,3.8,30.1,35.3,30.8
E00165235,8.2,41.8,33.6,16.4
E00165236,16.8,50.4,21.9,10.9
E00165237,26.4,38.8,24,10.7
E00165238,12.4,40.9,34.3,12.4
E00165240,5.2,34.8,43.3,16.7
E00165241,9.2,33,36.7,21.1
E00165242,42.7,43.5,10.5,3.2
E00165278,11.6,40.6,36.2,11.6
E00165279,27.9,56.6,11.8,3.7
E00165280,8.5,39.2,42.3,10
E00165283,20,56.6,17.9,5.5
E00165284,28.9,42.2,20,8.9
E00165285,7.1,46.1,34.4,12.3
E00165286,24.3,51.5,19.1,5.1
E00165287,12.9,52.4,27.4,7.3
E00165288,20.6,37.4,29.8,12.2
E00165289,8.4,43.5,34.4,13.7
E00165290,13.5,52,22.8,11.7
E00165291,22.1,40.7,27.6,9.7
E00165292,4.9,27.2,45.7,22.2
E00165293,19.2,44.6,22.3,13.8
E00165294,43.5,29.9,19.5,7.1
E00165295,6.2,49.6,32.7,11.5
E00165296,4.7,35.5,46.5,13.4
E00165297,23.3,33.8,31.6,11.3
E00165298,11.6,43.8,28.1,16.5
E00165299,10.7,51.2,26.4,11.6
E00165300,26.7,50.4,20,3
E00165301,24,53.5,19.4,3.1
E00165302,22.7,43,25,9.4
E00165303,23.6,53.5,19.7,3.1
E00165304,5,23,46,25.9
E00165305,4.7,30.7,44.7,20
E00165306,3.9,31.8,43.6,20.7
E00165307,9.7,29.7,40,20.7
E00165309,16.7,40.4,29.8,13.2
E00165310,6.9,42.5,28.7,21.8
E00165311,5.8,37.4,34.5,22.3
E00165312,9,38.3,39.8,12.8
E00165321,3.3,32.8,39.9,24
E00165322,13.8,36.9,32.3,16.9
E00165323,4.2,29.4,42,24.5
E00165324,15.9,40.5,28.6,15.1
E00165325,11.3,42.4,33.8,12.6
E00165326,4.5,20.9,49.3,25.4
E00165327,12.3,29.7,38.7,19.4
E00165329,7.2,32.8,45.6,14.4
E00165331,4.1,24.4,43.9,27.6
E00165332,0,29.6,40.7,29.6
E00165333,5.4,24.3,41.1,29.2
E00165334,2.8,13.2,36.8,47.2
E00165335,6.2,27.1,48.1,18.6
E00165336,0,29,45.2,25.8
E00165338,4.8,33.3,34.5,27.4
E00171599,14.3,47.9,28.6,9.2
E00171600,4.5,25,38.6,31.8
E00171601,9.5,22.4,37.1,31
E00171602,6.8,34.2,37.6,21.4
E00171603,6.5,29,39.8,24.7
E00171604,34.9,48.8,9.3,7
E00171605,32.5,36.3,21.3,10
E00181275,12.2,38.8,40.8,8.2
E00181282,8.5,47.2,33.8,10.6
E00181290,1.1,30,42.2,26.7
E00181291,10.6,35,43.9,10.6
E00181292,13.1,40,40.7,6.2
E00181295,3.4,39.1,49.7,7.8
E00181297,5.5,38.5,48.6,7.3
E00181301,5.5,39.1,35.5,20
E00181306,12.5,47.5,30,10
E00181322,17.6,36.3,37.4,8.8
E00181325,17.3,42.2,32.4,8.1
E00181332,4.8,35.2,52.4,7.6
E00181335,0,33.3,54.2,12.5
E00181341,5,43.3,35,16.7
E00181349,6.3,37.5,47.2,9.1
E00181350,11.1,31.1,40,17.8
E00181351,3.1,39.8,45.3,11.7
E00181356,14.1,60.9,17.2,7.8
E00181360,19.5,46,30.5,4
E00181392,12.1,39,38.3,10.6
E00181394,17.6,40,27.1,15.3
E00181400,11.2,42.1,32.6,14
E00181401,8,32.1,43.8,16.1
E00181404,10.2,48,32.7,9.2
E00181409,0,40,47.7,12.3
E00181410,8.3,32.6,37.1,22
E00186320,7.9,32.3,37.2,22.6
E00186871,1.8,28.6,58.9,10.7
E00186879,2.1,31.9,55.3,10.6
E00186882,5.8,33.9,48.8,11.6
E00186917,5.2,28.9,43.8,22.2
E00186931,9.3,40.4,44.1,6.2
E00186939,2.9,38.1,50.4,8.6
E00186941,6.7,43,43.7,6.7
E00186961,11.9,44.1,35.6,8.5
E00186973,12.7,38.2,40.1,9
E00186988,2.2,8.9,66.7,22.2
E00186992,10.2,45.8,36.4,7.6
E00187019,8.3,31.8,45.5,14.4