areacd,passports_all_4a-001,passports_all_4a-002,passports_all_4a-003
E00039247,83.3,0.4,16.3
E00098596,67,7.7,25.3
E00098597,61.7,2.1,36.3
E00098599,61.5,2.4,36
E00098600,79.1,2.4,18.5
E00098601,66.1,4.7,29.2
E00098602,70.9,0.8,28.3
E00098603,68.9,1.7,29.4
E00098604,53,4.7,42.3
E00098605,70.8,1.9,27.3
E00098606,50.3,7,42.6
E00098607,57.5,8.5,34.1
E00098608,71.9,0,28.1
E00098609,87.8,1.8,10.4
E00098612,75.9,2.2,21.9
E00098613,68.7,2.3,28.9
E00098614,67.2,2,30.7
E00098641,55.8,7.4,36.7
E00098646,66.8,2.9,30.3
E00098647,62.6,4.8,32.6
E00098648,59.6,9.6,30.7
E00098649,79.5,0.7,19.9
E00098737,80.3,2.6,17.1
E00098738,91.3,0.4,8.3
E00098739,77.2,0.7,22.1
E00098740,61.6,3.4,35
E00098741,78.9,1.7,19.4
E00098742,63.5,4,32.5
E00098743,70.9,2.3,26.8
E00098744,75.3,2.7,22
E00098745,83.2,2,14.9
E00098746,78.8,0.3,20.9
E00098747,86.7,0.4,13
E00098748,79.8,0.4,19.8
E00098749,73,1.4,25.6
E00098750,84.6,2.9,12.5
E00142873,75.7,0.4,23.9
E00142877,80.5,2.4,17.1
E00142878,77.5,1.8,20.7
E00142879,71.2,0.6,28.2
E00142880,79.3,0,20.7
E00142882,70.8,10.6,18.6
E00142883,75.8,3.2,21
E00142884,76.4,5.8,17.8
E00142885,80.3,2.8,16.9
E00142886,63.7,1.1,35.3
E00142887,75.9,6.6,17.5
E00142888,84.4,2.5,13.1
E00142889,67.9,12.5,19.6
E00142891,81.6,5.3,13
E00142892,71.3,1.4,27.3
E00142893,59.3,11,29.7
E00142894,64,9,27
E00142895,67.2,11.1,21.6
E00142896,78.9,5.7,15.5
E00142897,75.1,6.3,18.6
E00142898,65,5.3,29.6
E00142899,50,9.9,40.1
E00142901,83.3,0.4,16.3
E00142902,64.9,16.1,18.9
E00142903,67.1,6.6,26.2
E00142904,72.4,8.4,19.2
E00142905,58.6,15.7,25.7
E00142906,72.1,12.3,15.6
E00142909,81.8,2.8,15.4
E00142913,65.3,9.7,25
E00142914,83.8,4,12.1
E00142916,67.1,6.3,26.6
E00142917,82.6,3,14.4
E00142918,79,5.7,15.4
E00142919,79,2.6,18.5
E00142920,78.9,3.9,17.2
E00142921,61.6,3.4,35
E00142922,75.6,2.6,21.8
E00142923,75,4.5,20.5
E00142924,68.2,4.3,27.5
E00142925,81.1,6.1,12.8
E00142926,74.3,4.6,21.1
E00142927,81.7,3,15.3
E00142928,81.6,5.1,13.3
E00142929,76.6,6.8,16.5
E00142930,60.1,10.6,29.3
E00142931,70.2,4.8,25
E00142932,72.9,9.7,17.4
E00142933,81.9,3.5,14.6
E00142934,66.7,9.2,24.2
E00142935,81.4,5.5,13.1
E00142936,58.8,18.9,22.4
E00142937,65.6,8.8,25.6
E00142938,65.1,13,21.9
E00142939,89.8,1.1,9.2
E00142940,91.6,3.4,5
E00142941,86.2,2.8,10.9
E00142942,88.3,0,11.7
E00142943,79.4,0,20.6
E00142944,73.8,9.4,16.8
E00142945,77.5,2.7,19.8
E00142946,64.5,3.7,31.8
E00142947,82.9,1.6,15.5
E00142948,66.2,4.7,29.1
E00142949,88.4,0.7,10.9
E00142950,84.2,3.1,12.7
E00142951,76.7,4.1,19.2
E00142952,56.1,14,29.9
E00142953,57,11.1,31.9
E00142954,91.6,1.4,7
E00142956,48.5,28,23.5
E00142957,44.4,34.5,21.1
E00142958,85.9,5.5,8.6
E00142959,74.1,1.6,24.3
E00142960,84.3,4.6,11.2
E00142961,58.6,9.2,32.2
E00142962,62.9,14.4,22.7
E00142963,57.6,20,22.4
E00142964,65,18.1,16.9
E00142965,53.8,24.4,21.7
E00142966,70.8,8.5,20.8
E00142967,33.9,32.2,33.9
E00142968,43.5,27.5,29
E00142969,90,2.6,7.4
E00142970,67.4,12,20.5
E00142971,51.6,8.8,39.6
E00142972,75,4.1,20.9
E00142973,77.3,5.4,17.4
E00142974,88.7,2.2,9.1
E00142975,77.8,1.6,20.6
E00142976,88.1,1.5,10.4
E00142978,80.7,3.7,15.6
E00142979,81,5.1,13.9
E00142980,92.4,0.3,7.3
E00142981,70.8,15.1,14.1
E00142982,88.8,1,10.2
E00142983,57.2,25.3,17.5
E00142984,83.8,3.6,12.6
E00142985,68.6,10.3,21.1
E00142986,79,7.6,13.3
E00142988,45.8,38.3,15.9
E00142989,87.1,1.4,11.6
E00142990,86.5,4.4,9.1
E00142991,88.2,2.4,9.4
E00142992,70.3,10.7,19
E00142993,89,0.7,10.3
E00142994,92.7,0.3,7
E00142995,82.6,5,12.4
E00142996,85.7,2.2,12.1
E00142997,75,13.2,11.8
E00142998,54.6,22.7,22.7
E00142999,86.6,2.7,10.7
E00143000,51.5,18,30.5
E00143001,44,19.9,36.1
E00143002,42.7,22,35.3
E00143003,48.9,20.9,30.2
E00143004,45.5,25.1,29.4
E00143005,53.8,13.2,33
E00143006,46.3,23,30.7
E00143007,76,8.6,15.5
E00143008,52.8,7.8,39.4
E00143009,62.8,11,26.2
E00143011,63.1,9,28
E00143012,68.6,5.6,25.8
E00143013,60.9,9,30.1
E00143014,46.7,21.9,31.3
E00143016,75.2,5.6,19.1
E00143017,70.4,6.5,23.1
E00143018,48.9,28.6,22.5
E00143019,53.7,11.7,34.6
E00143020,68.3,13,18.7
E00143021,52.6,27.6,19.8
E00143022,41.4,27,31.7
E00143023,44,19.1,36.9
E00143024,52.6,21.8,25.6
E00143025,45.2,24.9,29.9
E00143026,61.3,15.5,23.2
E00170731,84.1,0.9,15
E00173381,85.1,1.2,13.7
E00173383,61.5,7.8,30.7
E00173384,85.2,3.2,11.6
E00173386,95,0.7,4.3
E00173387,87.8,4.5,7.7
E00173388,68.5,12.3,19.2
E00173389,83.5,4.6,11.9
E00173391,89.9,3.1,7
E00173392,91.3,1.4,7.2
E00173393,94.3,0.3,5.4
E00176828,92.5,0.6,6.9
E00176838,87.5,3.6,8.9
E00176846,92.2,0.3,7.6
E00176866,75.7,6.1,18.3
E00176882,57.7,16.3,26
E00176890,75.7,1.8,22.5
E00180318,70.8,1.5,27.7
E00180327,68.9,3.8,27.3
E00180358,71.4,7.3,21.2
E00180394,61,4,35