geography_code,hh_language-001,hh_language-002,hh_language-003,hh_language-004
E00041369,85.1,0.7,7.1,7.1
E00041390,89.6,2.6,1.9,5.8
E00041577,93.3,1.5,0,5.2
E00041580,93,0,1.7,5.2
E00041591,98.2,1.2,0,0.6
E00041597,96.4,0,1.8,1.8
E00041598,93.4,2.5,0,4.1
E00041633,96,1.6,0,2.4
E00041634,97.8,0.7,0,1.5
E00041635,98.5,0.7,0,0.7
E00041636,84.4,2.8,2.4,10.4
E00041637,92.1,1.6,1.6,4.8
E00041638,96.7,2.5,0,0.8
E00041639,95.1,0,0.8,4.1
E00041640,98.7,1.3,0,0
E00041641,94.5,0,2.7,2.7
E00041642,92.7,2.9,0.7,3.6
E00041643,97.3,0.9,0,1.8
E00041644,97.4,2.6,0,0
E00041645,87.2,2.1,2.7,8
E00041646,80.4,1,8.2,10.3
E00041647,85.9,0,3.8,10.3
E00041648,92.2,0.8,0.8,6.3
E00041649,80.3,4.1,2.9,12.7
E00041650,95.2,0,1,3.8
E00041651,95.1,2.5,0,2.5
E00041652,93.2,1.5,2.3,3
E00041653,95.4,0,0,4.6
E00041654,89.5,2.1,2.1,6.3
E00041657,98.6,0.7,0,0.7
E00041658,99.2,0,0.8,0
E00041659,100,0,0,0
E00041660,91.2,0.9,1.8,6.1
E00041663,98.9,1.1,0,0
E00041665,98,1.4,0,0.7
E00041666,90.7,3.1,0,6.2
E00041667,90.3,1.1,0,8.6
E00041668,91.7,0.9,0,7.3
E00041672,93.9,1.5,0,4.5
E00041675,93,2.6,1.8,2.6
E00041676,93.3,1.5,2.2,3
E00041679,97.5,1.7,0,0.8
E00041680,97.7,0,0.8,1.5
E00041682,100,0,0,0
E00041717,95.5,3,0.8,0.8
E00041718,98.4,1.6,0,0
E00041719,98.5,1.5,0,0
E00041720,98.6,1.4,0,0
E00041721,96.6,1.1,0.6,1.7
E00041722,98.1,1.9,0,0
E00041723,81.6,1.8,6.1,10.5
E00041724,97.3,2.7,0,0
E00041725,98.2,0,0.9,0.9
E00041726,86.5,4.5,0.8,8.3
E00041727,100,0,0,0
E00041728,97.3,0.9,0.9,0.9
E00041729,100,0,0,0
E00041730,100,0,0,0
E00041731,96.1,0.7,0.7,2.6
E00041732,100,0,0,0
E00041733,98.2,0,0,1.8
E00041734,99.1,0,0,0.9
E00041735,99.2,0.8,0,0
E00041736,93.7,0.8,1.6,3.9
E00041737,99.1,0,0,0.9
E00041738,100,0,0,0
E00041739,100,0,0,0
E00041740,96.2,1.5,0.8,1.5
E00041741,88.7,4.5,5.3,1.5
E00041742,77.3,8.2,2.7,11.8
E00041743,90.8,0.8,0,8.3
E00041744,92.3,1.4,2.8,3.5
E00041745,93,2.8,2.1,2.1
E00041746,96.2,0.8,0.8,2.3
E00041747,97.1,1.4,0,1.4
E00041748,98,1,0,1
E00041749,99.2,0.8,0,0
E00041784,95.8,1.7,0.8,1.7
E00041785,97.5,1.7,0.8,0
E00041786,94.5,0.8,2.4,2.4
E00041787,96.5,0.9,0.9,1.8
E00041788,97.6,0,1.6,0.8
E00041789,99.2,0.8,0,0
E00041790,100,0,0,0
E00041791,97.2,0.9,0.9,0.9
E00041792,99.1,0.9,0,0
E00041793,97.6,1.6,0,0.8
E00041794,94.8,1.5,0,3.7
E00041795,97,0.7,1.5,0.7
E00041796,98,0,2,0
E00041797,97.1,2.2,0,0.7
E00041798,96.2,2.9,1,0
E00041799,97.5,0.8,0.8,0.8
E00041800,99.2,0,0.8,0
E00041801,97.9,1.4,0.7,0
E00041802,99.2,0.8,0,0
E00041803,97.8,0,1.1,1.1
E00041804,96.8,0.8,0.8,1.6
E00041805,99.2,0,0,0.8
E00041806,92.3,1.5,0,6.2
E00041807,98.2,1.8,0,0
E00041809,94.9,4.2,0,0.8
E00041810,97.8,1.4,0,0.7
E00041811,97.5,1.7,0,0.8
E00041812,97.9,0.7,0,1.4
E00042008,95.8,0,1.1,3.2
E00042009,91.7,0.9,3.7,3.7
E00042010,97.7,1.8,0,0.6
E00042011,97.5,0,0.8,1.7
E00042012,97.2,0,0.7,2.1
E00042013,99.3,0,0,0.7
E00042014,93.2,0.8,0.8,5.1
E00042015,97.2,0,0.7,2.1
E00042016,96.4,1.4,0.7,1.4
E00042017,97,0.7,0,2.2
E00042018,99,1,0,0
E00042019,99.1,0,0,0.9
E00042020,100,0,0,0
E00042021,95.4,2.3,2.3,0
E00042022,97.5,0,1.7,0.8
E00042023,97.1,1.5,0,1.5
E00042024,96.7,1.6,0,1.6
E00042025,97.1,1.9,0,1
E00042026,97.7,2.3,0,0
E00042027,100,0,0,0
E00042028,100,0,0,0
E00042029,99.2,0.8,0,0
E00042030,96.9,1,1,1
E00042031,99.3,0.7,0,0
E00042032,98.9,0,0,1.1
E00042033,98.9,0,0,1.1
E00042034,98.4,0.8,0,0.8
E00042035,98.3,0,0.9,0.9
E00042036,98.4,1.6,0,0
E00042037,100,0,0,0
E00042038,98.5,0,0,1.5
E00042039,94.1,0,0,5.9
E00042040,93.3,0,1,5.7
E00042041,96.9,0,0,3.1
E00042107,74.8,5,9.2,10.9
E00042108,79.9,5.4,3.4,11.4
E00042109,92.3,0.6,0,7.1
E00042110,86.4,5.3,0,8.3
E00042113,72.6,4.4,3.7,19.3
E00042115,85.4,3.8,1.3,9.6
E00042116,90,4.5,0.9,4.5
E00042117,94.2,3.3,0.8,1.7
E00042118,69.3,10,10,10.7
E00042120,89.6,0,2.2,8.2
E00042121,91.5,3.1,0.8,4.6
E00042122,84.7,1.6,1.6,12.1
E00042123,88.6,6.7,0,4.8
E00042124,96.2,1.5,0,2.3
E00042130,90.7,6.2,0,3.1
E00042131,76.7,7,2.3,14
E00042132,84.2,3.3,1.6,10.9
E00042133,77.6,3.9,7.2,11.2
E00042135,82.8,5.2,5.2,6.9
E00042137,79.1,5.5,1.8,13.6
E00042138,81.7,5,6.7,6.7
E00042139,85.2,3.5,6.1,5.2
E00042547,88.5,2.6,3.1,5.8
E00042548,87.9,2.6,6,3.4
E00042549,91.3,3.4,2.7,2.7
E00042550,86,3.7,2.9,7.4
E00042551,84.8,2.3,2.3,10.6
E00042552,95.6,2.6,0.9,0.9
E00042553,85.2,3.5,2.8,8.5
E00042554,90.3,4.5,1.9,3.2
E00042555,82.6,6.5,5.2,5.8
E00042561,87.3,3,1.5,8.2
E00042563,95.4,1.8,0,2.8
E00042565,86.7,3.1,0.8,9.4
E00042566,71.8,1.3,6,20.8
E00042567,93.9,3.5,0,2.6
E00042568,90.7,0.9,2.8,5.6
E00042569,92.2,0,2.9,4.9
E00042570,94.2,1.4,0,4.3
E00042571,91.5,2.6,2.6,3.4
E00042572,97.7,0.8,0.8,0.8
E00042573,95.4,0,1.8,2.8
E00042574,89.9,1.3,2,6.7
E00042575,86.2,4.6,2.3,6.9
E00042740,87.6,1.5,5.1,5.8
E00042741,95.8,1.7,0,2.5
E00042743,93.9,1.5,0,4.6
E00042745,85.4,4.2,6.3,4.2
E00042746,94.8,0.9,0.9,3.4
E00042747,96.2,0,2.3,1.5
E00042748,99.1,0,0,0.9
E00042752,91.1,2.5,0,6.3
E00042753,82.5,12.4,0,5.2
E00042754,84.7,5.3,2,8
E00042756,97.6,1.6,0,0.8
E00042757,89.8,2.4,2.4,5.5
E00042758,98.5,0,1.5,0
E00042759,86.3,6.2,2.1,5.5
E00042761,93.1,1.5,1.5,3.8
E00042762,96.8,0,0,3.2
E00042763,97.6,0.8,0,1.6
E00042764,94.5,2.3,0,3.1
E00042766,97.9,0,0,2.1
E00042767,95.1,2.2,1.6,1.1
E00042771,94.3,1.9,0,3.8
E00042777,98.4,0.5,0.5,0.5
E00042778,90.7,1.6,1.6,6.2
E00042779,91.2,1.8,0.9,6.2
E00042801,96.2,1.1,0,2.7
E00043806,100,0,0,0
E00043810,97.4,2.6,0,0
E00043811,99,0,0,1
E00043852,99.2,0,0,0.8
E00043855,99.2,0,0,0.8
E00043856,94.2,0.8,0.8,4.2
E00043857,98.3,0,0.9,0.9
E00043859,92.6,2.5,0,4.9
E00043862,98.3,1.7,0,0
E00043864,99.2,0.8,0,0
E00043866,100,0,0,0
E00043877,98.4,1.6,0,0
E00043878,96.7,1.6,0.8,0.8
E00043879,98.5,0,0,1.5
E00043880,100,0,0,0
E00043881,99.2,0,0,0.8
E00043882,97.9,1.3,0.4,0.4
E00043883,99.2,0.8,0,0
E00043884,98.4,1.6,0,0
E00043886,97.8,0,0,2.2
E00043888,100,0,0,0
E00043889,100,0,0,0
E00043890,95.5,4.5,0,0
E00043891,98.5,0.7,0,0.7
E00043892,100,0,0,0
E00043893,100,0,0,0
E00043894,97.5,0.8,0,1.7
E00043895,100,0,0,0
E00043896,99.1,0.9,0,0
E00043897,100,0,0,0
E00043898,94.1,0,2,3.9
E00043899,99.2,0.8,0,0
E00043900,100,0,0,0
E00043930,94.1,0,0.7,5.2
E00043936,99.2,0,0,0.8
E00043937,100,0,0,0
E00043938,97.6,0.8,1.6,0
E00043939,99.1,0,0.9,0
E00043940,94.9,1.7,0,3.4
E00043941,99.2,0,0,0.8
E00043942,97.5,0.8,0.8,0.8
E00043943,99.2,0.8,0,0
E00043946,99.3,0,0,0.7
E00043947,99.2,0.8,0,0
E00043949,94.8,3.4,0,1.7
E00043950,99.1,0.9,0,0
E00043951,99.2,0.8,0,0
E00043952,100,0,0,0
E00043953,98.1,1.3,0,0.6
E00043954,98.3,1.7,0,0
E00043955,100,0,0,0
E00043958,99.3,0.7,0,0
E00043969,97.5,0.8,0,1.7
E00043974,96.9,2.3,0,0.8
E00043975,98.2,0.9,0,0.9
E00043977,99.1,0,0,0.9
E00043978,95.3,0.9,0,3.8
E00166169,94.1,3.2,1.1,1.6
E00166214,98.1,1.3,0,0.6
E00170020,98.2,0.9,0,0.9
E00170021,95,0,1.3,3.8
E00170023,98.3,1.7,0,0
E00170024,98.2,1.8,0,0
E00170030,96.5,0.9,0.9,1.8
E00170187,100,0,0,0
E00170188,96.1,2,0,2
E00175562,79.9,6.7,5.4,8.1
E00175582,92.9,1.3,1.3,4.4
E00182862,98.1,0.9,0,0.9
E00182863,96.2,2.5,0,1.3
E00182877,97.9,0.5,1,0.5
E00182886,99.3,0.7,0,0
E00182887,99.3,0.7,0,0
E00182889,99.4,0.6,0,0
E00182893,97.7,0,0.8,1.5
E00182895,97.3,1.4,0,1.4
E00182896,99.1,0,0,0.9
E00182898,97.6,1.2,1.2,0
E00182907,97.1,0,1.4,1.4
E00182913,97.3,1.8,0,0.9
E00182914,96.2,1.9,0.5,1.4
E00182916,96.5,3.5,0,0
E00189920,92.6,1.1,1.1,5.1
E00189927,95.1,1.8,0,3.1
E00189928,86.3,1.4,7.2,5
E00189929,89.7,2.7,4.1,3.4
E00189951,89,0.8,1.6,8.7