geography_code,highest_qualification_6a-000,highest_qualification_6a-001,highest_qualification_6a-002,highest_qualification_6a-003,highest_qualification_6a-004
W00000800,16.1,50.9,2.7,27.7,2.5
W00000801,22.3,38.2,6,28.8,4.7
W00000803,24.7,37.7,8.9,27.1,1.6
W00000804,20.2,42,9.1,26.2,2.5
W00000805,21.2,44.2,6.1,22.9,5.6
W00000807,31,36.6,9.3,20.4,2.8
W00000810,19.4,45.2,6.5,24,5.1
W00000862,18.7,47,4.3,30,0
W00000865,16.4,43.3,5.2,31.3,3.7
W00001017,21.8,35.1,4.6,31.6,6.9
W00001018,9.3,37.4,5.7,44.1,3.5
W00001019,21.2,35.9,4.1,33.5,5.3
W00001020,25.2,52.4,4.9,15,2.4
W00001021,17.1,51.8,5.5,23.6,2
W00001022,30,33.5,5.3,24.7,6.5
W00001024,20.7,45.2,6.9,24,3.2
W00001025,6.5,26.7,4.6,60.7,1.5
W00001034,16.2,43.7,2.5,36.5,1
W00001035,18.6,36.7,10.7,32.1,1.9
W00001036,16.3,37.1,6.8,37.1,2.7
W00001037,18.6,41.5,4.8,33.5,1.6
W00001038,27.4,32.1,5.4,32.8,2.4
W00001039,11.5,40.5,7.2,38,2.9
W00001040,21.2,42.9,6.9,26.6,2.5
W00001041,10.1,47.7,7,34.1,1.2
W00001042,11.9,34.8,3.8,47.3,2.2
W00001043,12.4,50.2,10.4,27,0
W00001044,13.8,45.5,5.5,33.5,1.8
W00001045,15.6,48.9,3.6,29.8,2.2
W00001046,10.4,47.9,4.9,36.2,0.6
W00001047,11.8,36.5,7.7,42.1,1.8
W00001048,11.4,42.2,6.2,38.4,1.7
W00001049,29.9,32.3,4.8,32.7,0.4
W00001050,14.3,43.5,5.2,32.8,4.2
W00001051,12.3,35.9,4.7,44.9,2.2
W00001052,14.1,33.2,8.3,42.3,2.1
W00001053,13.1,33.6,7.5,42.5,3.3
W00001054,17,40.6,6.6,34,1.9
W00001055,24,46.6,5.4,21.1,2.9
W00001056,32.3,36.7,8.9,19,3.2
W00001057,28,48.4,5.9,13,4.7
W00001058,23.9,48.5,7.4,18.4,1.8
W00001059,23.5,47.8,3,21.3,4.3
W00001060,16,45.7,4,34.3,0
W00001061,30.6,39.7,6.1,19.2,4.4
W00001062,30.7,41.5,4.9,20.5,2.4
W00001063,10.1,40.2,4.5,44.7,0.5
W00001064,17.6,33.7,7,39.9,1.8
W00001065,20.3,37.2,8.2,31.2,3
W00001066,27.6,35.8,4.7,28.7,3.1
W00001067,14,42.8,4.7,36.9,1.7
W00001068,17.1,42.7,4.5,32.9,2.8
W00001069,27,40.2,6.9,19.6,6.4
W00001070,11.5,44.3,8.5,32.3,3.4
W00001071,11,44.1,6.2,35.9,2.8
W00001072,11.8,37.6,7.4,39.9,3.3
W00001085,13.2,32.9,7.5,44.5,1.9
W00001086,10.3,36.7,5.5,45.5,2.1
W00001087,6.6,35.2,7.3,50.5,0.3
W00001089,16.2,45,5.4,31.1,2.3
W00001090,12.4,33.2,6.6,46.5,1.2
W00001091,12.4,36.5,4.6,45.4,1.1
W00001096,10.3,33.2,5.7,47.3,3.4
W00001097,7.7,35.4,6.1,49.2,1.7
W00001098,29.8,28.7,5,35.5,1.1
W00001099,23.2,38.6,6.3,30.1,1.8
W00001100,10.3,44.2,5.7,38.2,1.7
W00001101,16.7,40.1,4.3,38,0.9
W00001124,14.5,39.6,6.7,36.9,2.4
W00001125,23.8,28.7,3.5,40.1,4
W00001126,13.6,41.6,4.7,40.2,0
W00001127,14.8,40.3,1.5,41.3,2
W00001128,15.1,35.7,2.7,42.2,4.3
W00001129,7.4,42.8,5.6,40.9,3.3
W00001130,19.6,38.4,4.3,35.9,1.8
W00001131,10.3,36.2,8.9,43.2,1.5
W00001132,20.7,44.7,7.2,25.3,2.1
W00001133,14.1,37.4,4.8,41.2,2.6
W00001137,31.4,42.3,8.2,14.4,3.6
W00001139,11.7,38.7,5.6,42.5,1.5
W00001140,23.7,36.5,6.6,29.4,3.8
W00001144,12,34.8,8.6,41.6,3
W00001155,17.9,34.2,10.7,34.2,3
W00001156,20.9,47.4,7.7,21.4,2.6
W00001157,20.9,47.3,6.8,22.7,2.3
W00001158,15.6,48.3,6.6,27,2.4
W00001159,24.8,49.6,5.7,18.3,1.7
W00001160,13.3,39.8,7.5,37.3,2.1
W00001161,17.6,36.7,4.1,37.1,4.5
W00001163,41.2,27.1,13.6,16.1,2
W00001168,24.2,39.1,12.1,21.9,2.8
W00001172,27.6,34.6,12.9,22.1,2.8
W00001182,20.6,42.2,10.6,23.9,2.8
W00001183,26.1,38.9,9.4,21.2,4.4
W00001184,21.3,47.8,4.5,21.9,4.5
W00001185,19.3,42.9,6.9,28.7,2.2
W00001186,17.7,41.1,4,33.7,3.4
W00001187,17.2,52.6,7.8,19.3,3.1
W00001188,22.4,40.6,8.8,23.5,4.7
W00001189,26.3,37.2,7.7,24.4,4.5
W00001190,25.1,36.1,10.5,21.9,6.4
W00001191,14.6,47.9,10.4,24.6,2.5
W00001192,23.4,40.8,7.5,25.4,3
W00001193,30.8,40,9.7,15.9,3.6
W00001194,18.4,47.9,6.5,25.3,1.8
W00001195,14.7,44.5,5.1,31.3,4.4
W00001196,17.1,36,9,37.8,0
W00001197,19.8,39.6,7.8,27.1,5.7
W00001198,18.3,40.3,6.8,32.7,1.8
W00001199,19,42,4.9,32.7,1.5
W00001200,25.8,41.5,6.3,25.8,0.6
W00001201,13.5,44,5.5,32.5,4.5
W00001202,19.1,40.8,5.4,30.4,4.3
W00001203,8.5,52.1,5.4,32.6,1.5
W00001204,16,36.9,6.8,40.4,0
W00001205,22.4,34.1,10.2,29.3,3.9
W00001206,17.7,40.4,6.9,33.5,1.5
W00001207,19,42,8.8,27.3,2.9
W00001208,18.4,37.2,9.7,31.1,3.6
W00001209,31.1,37.2,9.7,17.9,4.1
W00001210,17.2,43.5,9.6,24.9,4.8
W00001211,29.2,34.5,7.1,23,6.2
W00001212,35.8,28.5,8.8,22,4.9
W00001213,27.3,37.1,7.7,22.1,5.8
W00001214,12.3,46.2,5.9,34.8,0.8
W00001215,29.4,30.1,8.1,26.2,6.2
W00001216,27.4,44,4,23,1.6
W00001217,22.4,37.4,6.8,30.1,3.2
W00001218,31.9,39.1,5.8,16.9,6.3
W00001219,26.1,36.4,8.7,25,3.8
W00001220,26,36.4,10,22.8,4.8
W00001221,31.6,34.9,5.1,26,2.3
W00001222,26.1,50.7,6.8,13.5,2.9
W00001223,20.9,47,7.2,20.9,4
W00001224,28.7,42.2,7.6,17.9,3.6
W00001225,17.1,51.8,4,27.1,0
W00001226,20.2,40.8,12.1,25.6,1.3
W00001227,24.2,36.3,9.9,25.1,4.5
W00001228,24.3,40,10,23,2.6
W00001229,24.5,36.9,6.6,29,2.9
W00001230,21.7,45.2,5.1,25.8,2.3
W00001231,13.9,47.9,8.2,25.8,4.1
W00001232,21.9,38.6,9.2,28.1,2.2
W00001233,30.1,34.4,10.9,21.9,2.7
W00001234,19.5,37.6,8.6,30,4.3
W00001235,21.6,42.3,9.3,24.7,2.2
W00001236,21.6,42.8,5.7,26.1,3.9
W00001237,34.3,43.5,4.3,15,2.9
W00001238,14.8,45.7,7.4,29.9,2.2
W00001239,13.8,49.1,10.2,25.8,1.1
W00001240,16,45.8,8,26.5,3.8
W00001241,19.3,43.9,9.1,23.5,4.3
W00001242,29.1,46.2,2.6,17.9,4.3
W00001243,26.3,46.9,4.7,19.7,2.3
W00001244,25.1,41.3,7.7,21.7,4.3
W00001245,21,44.8,5.2,27.1,1.9
W00001246,16.9,46.2,7.3,25.8,3.8
W00001247,23,43.9,7.5,24.1,1.6
W00001248,35.6,28.7,9,22.9,3.7
W00001249,12.1,55.5,6.2,23.4,2.8
W00001250,14,50.9,3.3,30.3,1.5
W00001251,20.7,41.3,8.4,26.8,2.8
W00001252,22,38.8,11,25.4,2.9
W00001253,15.4,39.4,8.8,33.7,2.6
W00001255,11.3,52.1,5.4,29.6,1.7
W00001256,22.8,37.1,9.9,26.7,3.4
W00001257,22.9,46.2,6.8,21.2,3
W00001258,23.7,48.3,5.1,19.1,3.8
W00001259,18.8,49.3,8.7,21.3,1.9
W00001260,19.7,51.6,5.1,20.5,3.1
W00001261,30.7,45,4.3,17.3,2.6
W00001262,28.7,42.2,5.4,20.5,3.1
W00001263,34.1,39.2,2.3,18,6.5
W00001264,38.5,37.2,3.5,16.4,4.4
W00001265,21.8,45,3.8,25.6,3.8
W00001266,19.6,50.5,3.7,23.6,2.7
W00001267,10.6,47.9,10.6,29.1,1.9
W00001268,14.2,46.6,7.1,29.9,2.2
W00001269,21.2,53.7,4.9,17.6,2.6
W00001270,28.3,47.3,5.4,14.6,4.4
W00001271,33.1,44.8,4,16.1,2
W00001272,34.1,40.8,5.8,16.1,3.1
W00001273,30.2,40.4,2.6,23.8,3
W00001274,33.3,42,6.4,15.2,3
W00001275,28.5,43.9,8.1,17.1,2.4
W00001276,37,40.1,3.5,16.7,2.7
W00001277,34.7,44.2,4.6,12.5,4
W00001278,33.9,39.3,4.5,18.8,3.6
W00001279,30.3,43.4,4.5,18.1,3.6
W00001280,42.9,33.9,2.8,15.9,4.5
W00001281,35.7,39.3,6,13.7,5.4
W00001282,33.1,34.9,6.6,19.9,5.4
W00001283,33.8,38.2,6.6,18.4,3
W00001284,35.2,42.9,7.3,11.9,2.7
W00001285,33.7,41.2,4,16.6,4.5
W00001286,34.9,40.8,4,16.2,4
W00001287,30.7,42.1,5.3,19.6,2.3
W00001288,25,41,6.3,23.1,4.5
W00001289,29.9,41.4,5.2,19.5,4
W00001290,26,40.5,8.3,18.6,6.6
W00001291,32.2,42,6.7,18.8,0.3
W00001292,36.8,42.9,6,11.3,3
W00001293,31.3,35.2,9.4,20.3,3.9
W00001313,25.3,34.9,8.1,28,3.8
W00001314,11.4,34.9,3.8,46.9,2.9
W00001315,13.3,39.4,3.4,42.4,1.5
W00001316,23.1,30.2,9,36.3,1.4
W00001317,12.9,35.3,4.2,45.5,2.1
W00001318,22.9,38.9,6.9,29.8,1.5
W00001319,20.7,32.2,5.8,38,3.3
W00001320,21.7,43.9,7.1,25.5,1.9
W00001321,37.4,35.7,7,16.4,3.5
W00001322,30.1,37,8.7,18.7,5.5
W00001323,23.9,38.7,8.8,25.6,2.9
W00001324,15.4,45.2,4.5,30.5,4.5
W00001325,17.1,40.1,3.4,37.9,1.6
W00001326,17.6,31.8,9.2,37.2,4.2
W00001327,24.1,33.6,6.2,33.2,2.9
W00001328,25.4,33.2,4.5,35.4,1.5
W00001329,22.3,35,5.6,34.7,2.5
W00001330,25,44.2,5.3,23.6,1.9
W00001331,11.6,34.5,6.6,44.2,3.1
W00001332,12.6,39.2,7.3,38.5,2.4
W00001333,14.2,34.6,6.1,44.1,1
W00001334,10,32.8,4,49.5,3.7
W00001335,16.8,43.5,3.7,34.6,1.6
W00001356,22.7,48.4,8.4,18.1,2.4
W00001357,29.5,46.8,4.2,13.5,5.9
W00001358,17.4,53.3,5,22.3,2.1
W00001360,24.4,38.1,7.7,26.3,3.5
W00001362,23.2,42.2,9.9,19.8,4.8
W00001363,29.4,45.2,7.9,17.1,0.4
W00001364,24,39.3,7.9,24,4.8
W00001365,24.7,40.3,10,21.6,3.5
W00001366,23.7,49,6.1,19.6,1.6
W00001367,29.6,44.7,8.8,14.6,2.2
W00001368,34.5,45.8,4.8,13.3,1.6
W00001388,18.5,40.8,7.5,30.4,2.8
W00001389,11.1,48.2,8.8,27,4.9
W00001390,26.9,37.3,6.5,26.2,3.1
W00001391,17.4,35.6,7,37.7,2.3
W00001392,11.1,45.3,12,28.6,3
W00001393,33.1,43.1,6.9,13.1,3.8
W00001394,18,39.9,8.7,30.6,2.7
W00001451,19.1,39,8.5,33.3,0
W00001452,11,34.9,5.3,47.4,1.4
W00001453,9.8,37.8,5.3,44.4,2.7
W00001454,12.6,41.4,7.2,36,2.7
W00001455,32.9,38.3,7.4,17.4,4
W00001456,18.7,44.4,5.8,28,3.1
W00001457,13.8,42.8,4.5,37.9,1
W00001458,13.3,41.6,6.3,36.1,2.7
W00001459,5.8,39.2,4.1,48.8,2.1
W00001460,14.6,35,10.4,37.9,2.1
W00001461,9.9,47.9,6.6,35.1,0.4
W00001462,10.5,34.9,7.3,45.7,1.6
W00001463,9.7,35,4.9,49.3,1.1
W00001464,24.5,33.3,3.6,37,1.6
W00001465,7.8,35,3.4,51.5,2.4
W00001466,12.4,35.1,5.7,45.4,1.5
W00001535,18.5,42.9,7.8,28.6,2.3
W00001538,18.5,42.5,10.8,25.9,2.3
W00001539,20.3,37.5,6.8,32.8,2.6
W00001540,26.6,51.7,6,14.6,1.1
W00001583,30.2,36,9.7,20.5,3.6
W00001584,17.9,45.5,3.4,31,2.1
W00001585,31,47.5,3.2,13.9,4.4
W00001586,31.8,42.5,3.7,17.8,4.2
W00001587,17.6,53.6,4.2,21.8,2.9
W00001588,21.3,46.6,8.7,23.3,0
W00001589,15.5,52.8,7.5,22.6,1.5
W00001590,7.5,50.7,2,36.8,3
W00001591,35.4,36.8,6.3,18.8,2.7
W00001598,11,29.1,8.3,49.6,2
W00001599,8.6,36.2,10,41.6,3.6
W00001600,6.4,30.9,2.9,55.4,4.4
W00001601,16.3,43.5,7.6,27.6,5
W00001602,21.3,54.1,6.3,17.9,0.5
W00001603,11.7,33.9,8.9,43.3,2.2
W00001604,11.1,38.3,7,40.8,2.8
W00001605,12.5,41.9,5.8,38.5,1.3
W00001608,9.2,31.7,7.7,50,1.4
W00001611,17.7,38.6,7.4,33.5,2.8
W00001612,8.5,43.5,3.9,42.4,1.8
W00001613,14.7,45.6,5.9,32.6,1.3
W00001614,15.8,35.2,7.5,39.1,2.4
W00001615,9.1,38.6,4.6,44.8,2.9
W00001616,21.7,35.4,6.9,30.2,5.8
W00001629,29,43.5,4.5,19.4,3.5
W00001630,26.9,40.9,7.8,17.6,6.7
W00001631,25.8,40.1,7.9,21.7,4.5
W00001632,31.6,40.9,3.3,21.2,3
W00001633,32.3,38.1,5.8,20.2,3.6
W00001634,33.6,43.8,6.2,13.7,2.7
W00001635,34.3,36.1,9,15.1,5.4
W00001636,16.9,53.8,4.8,22.1,2.4
W00001637,18.7,51.1,4.7,22.6,3
W00001638,26.4,41.3,8.7,20.7,2.9
W00001639,31,46,6,16,1
W00001640,19.2,40.2,11.1,27.4,2.1
W00001641,12.3,43.7,8.5,31.3,4.2
W00001642,25.6,34.6,9,28.2,2.6
W00001643,9.6,40,5.5,42.5,2.5
W00001644,17,53.1,5,22.4,2.5
W00001645,38.1,38.5,6.9,14.7,1.8
W00001646,13.3,43.5,4.8,35.9,2.4
W00001647,11.3,38.4,7.9,40.1,2.3
W00001648,16.2,47.1,4.5,29.9,2.2
W00001716,19.5,47,6.8,24.6,2.1
W00001717,19.5,45.3,6.3,27.3,1.8
W00001718,23,42.9,7.8,26.3,0
W00001719,37.1,40.7,2.9,19.3,0
W00001720,29.3,45.5,4.7,18.8,1.6
W00001721,29.1,43.7,4.5,19.1,3.5
W00001722,32.9,41.2,4.1,19.4,2.4
W00001813,11.7,39.2,5.8,40.8,2.5
W00001815,10.3,33.5,7.2,46.4,2.6
W00001816,12.1,38.3,7.2,38.6,3.8
W00001817,20.3,42.4,8.2,26,3
W00001818,16,34.3,7.7,40.3,1.7
W00001824,10.6,36.7,7.1,44.1,1.6
W00001825,12.2,40.7,7.4,37,2.6
W00001826,14.3,38.5,3.8,42.9,0.5
W00001827,22.5,41.5,8.7,26.9,0.4
W00001828,17.2,44.8,8.4,28,1.5
W00001829,10.6,46.8,7.9,32.9,1.9
W00001830,16.7,38.9,11.3,30.5,2.5
W00001831,13.9,41.1,7.7,33.1,4.2
W00010010,9.8,43.9,6.7,36.6,3
W00010011,13.4,60.2,7,17.7,1.6
W00010014,13.6,47.7,4.6,31.5,2.6
W00010018,20.6,43.3,6.7,26.6,2.8
W00010021,13.6,46.2,6.4,32.6,1.1
W00010023,18,41,7.3,31.1,2.6
W00010457,10.3,45.5,2.5,38.9,2.8
W00010477,15.9,51.5,5.3,23.3,4
W00010480,16.7,56.4,1.3,23.1,2.6