geography_code,passports_all_4a-001,passports_all_4a-002,passports_all_4a-003
E00134224,77.5,3.1,19.4
E00134225,68.6,3.1,28.3
E00134226,83.9,0.8,15.3
E00134227,78,1.6,20.4
E00134228,82.7,2.2,15.1
E00134229,73,5.5,21.5
E00134230,77.1,3.2,19.8
E00134237,75.9,7.3,16.8
E00134238,71.7,7.1,21.2
E00134239,79.8,7.8,12.4
E00134240,75.6,4,20.5
E00134242,75.8,2.1,22.2
E00134243,56.9,17,26.2
E00134244,61.1,20.1,18.8
E00134245,68,4.1,27.8
E00134246,62.7,5.1,32.3
E00134247,78.7,2.5,18.8
E00134248,77.1,5.8,17.1
E00134249,79.8,4.4,15.9
E00134258,61,5.9,33.2
E00134260,49.9,4,46.2
E00134261,76.4,2.5,21
E00134262,56.8,3,40.2
E00134263,78,3.2,18.8
E00134264,68.6,0.7,30.7
E00134265,71.6,0.8,27.6
E00134266,79.2,4.6,16.2
E00134267,59,10.4,30.6
E00134268,66.1,14.3,19.6
E00134269,57.5,11.8,30.7
E00134270,68.6,8.7,22.7
E00134271,81.2,1.2,17.6
E00134272,81.8,1.7,16.4
E00134273,57.5,12.3,30.2
E00134274,70,7,23.1
E00134275,66,1.3,32.7
E00134276,50,4.5,45.5
E00134277,62.3,3.6,34.1
E00134278,80.3,5.4,14.3
E00134280,80.3,3.7,16
E00134281,81,2.9,16.1
E00134282,62.5,4.1,33.5
E00134283,51.6,3.6,44.7
E00134284,76.6,1.3,22.1
E00134287,77.5,3.5,19
E00134288,63.3,10.5,26.2
E00134289,67,2.4,30.6
E00134290,74.4,3.1,22.5
E00134291,74.5,2.2,23.4
E00134292,68.3,2.6,29
E00134293,65,3.8,31.2
E00134294,78.1,4.7,17.2
E00134295,73.4,4.4,22.2
E00134296,51.7,3.4,44.8
E00134297,62.6,14.3,23.2
E00134299,84.2,4.7,11.1
E00134300,82.4,1.3,16.3
E00134301,76.1,4,19.9
E00134302,70.1,2.3,27.7
E00134303,65.3,10.7,24.1
E00134304,67.6,13.8,18.5
E00134305,79.6,2.6,17.8
E00134306,81.1,3.2,15.7
E00134307,78.7,3.2,18.1
E00134308,62.5,1.8,35.7
E00134309,68.6,5.7,25.7
E00134310,78.4,2,19.6
E00134311,78.8,0.8,20.4
E00134312,70.8,7.5,21.7
E00134313,80.4,1.1,18.6
E00134320,87.9,2.7,9.4
E00134329,80.6,1.8,17.7
E00134330,70.5,1.7,27.8
E00134331,75.9,6.2,17.8
E00134332,80.3,2.2,17.5
E00134333,81.5,4.2,14.3
E00134334,77.7,4,18.3
E00134335,63.5,3.5,33
E00134363,75.6,1.1,23.3
E00134368,72.6,2.2,25.2
E00134383,85,2.3,12.7
E00134384,68.9,1,30
E00134385,80.9,0,19.1
E00134386,75.4,1.6,23
E00134387,83.5,0,16.5
E00134388,75.3,0.9,23.8
E00134389,76.2,2.6,21.2
E00134390,73.9,3,23.1
E00134391,81.1,4.5,14.4
E00134392,63.4,0.8,35.8
E00134393,76.5,1.9,21.6
E00134394,76.3,0.8,22.9
E00134397,79.4,5.8,14.8
E00134398,73.7,8.4,17.9
E00134399,87.4,2.7,9.9
E00134400,70.1,5.6,24.3
E00134401,70.3,4.7,25
E00134402,88.9,0.4,10.7
E00134403,83.2,2.8,14
E00134406,58.3,6.7,35
E00134407,62.4,3.4,34.2
E00134408,59.2,8.4,32.5
E00134409,69,11.8,19.2
E00134413,75.8,7,17.2
E00134414,56.5,13.5,30
E00134416,84.5,3.1,12.5
E00134417,81.1,3.4,15.5
E00134418,75.1,6.1,18.8
E00134419,71.1,2.9,26.1
E00134420,75.5,6.8,17.7
E00134421,78.3,2.1,19.6
E00134422,70.5,0.9,28.5
E00134423,77.6,0.5,22
E00134424,63,2.8,34.3
E00134425,81.6,1.3,17.2
E00134426,71.8,3.6,24.6
E00134430,79.5,5.4,15.2
E00134433,85.4,1.1,13.5
E00134434,75.3,3.3,21.4
E00134435,67.6,2.3,30.1
E00134436,81.5,3.4,15.2
E00134437,85.5,6.1,8.4
E00134438,75.1,8,16.9
E00134439,67.9,3.3,28.8
E00134440,80,4.9,15.1
E00134441,67.6,10.5,21.9
E00134442,76.4,0,23.6
E00134484,72.9,2.2,24.9
E00134485,84.6,3.1,12.2
E00134487,70.7,5.5,23.8
E00134488,79.8,2.7,17.5
E00134491,76,1.9,22.1
E00134567,77.7,1.9,20.4
E00134568,79.5,0.6,19.8
E00134569,87.2,1,11.7
E00134570,84.1,2.3,13.6
E00134571,73.7,0.7,25.6
E00134572,76.1,2.1,21.8
E00134573,63.1,0.8,36.1
E00134574,83.4,1.5,15.1
E00134575,79.1,1.6,19.3
E00134576,83.2,2.2,14.6
E00134585,82.4,1.7,15.8
E00134586,74.9,0.6,24.6
E00134587,83.5,1,15.5
E00134588,75.5,1.8,22.7
E00134589,80.5,2.1,17.4
E00134590,78.9,0.8,20.4
E00134591,80.3,1.1,18.6
E00134592,49.1,33.2,17.7
E00134593,57.2,17,25.8
E00134594,47.5,19.4,33.1
E00134595,59.1,7.8,33.1
E00134596,71.2,9.3,19.5
E00134597,71.7,2.9,25.4
E00134598,59.8,18,22.2
E00134601,67.3,8.7,23.9
E00134603,75.3,6.9,17.8
E00134604,69.7,9.4,20.9
E00134606,53.9,16.9,29.2
E00134607,51.7,24.1,24.1
E00134608,71.2,5.9,22.9
E00134609,70.4,5.2,24.4
E00134610,75.6,6.4,18
E00134611,68.2,6.3,25.5
E00134612,66.8,11.2,22
E00134613,66,13.9,20.2
E00134614,58.6,20.3,21.1
E00134615,31.7,44.3,24
E00134616,77.9,3.2,18.9
E00134617,73.4,3.7,22.9
E00134618,77.8,2.6,19.7
E00134619,76.3,2.2,21.5
E00134620,83.4,5,11.6
E00134621,82.1,1.6,16.3
E00134639,61.2,3.5,35.3
E00134640,71.3,5.4,23.3
E00134641,72.8,4.9,22.3
E00134642,78.5,1.2,20.3
E00134643,78.8,1.6,19.6
E00134644,83.5,3.4,13
E00134645,74.1,0.4,25.5
E00134646,76.6,2.2,21.2
E00134647,73.4,2.9,23.7
E00136870,78.7,2.7,18.6
E00136871,84.3,2.4,13.3
E00136872,65,1.9,33.2
E00136873,58.3,3.1,38.6
E00136874,85,2.9,12.1
E00136875,81.2,2.3,16.4
E00136876,83.1,2.9,14
E00136877,70.7,1,28.3
E00136878,82.9,4.2,12.9
E00136879,83.8,2.6,13.6
E00137066,77.5,1.2,21.3
E00169876,87.1,3.8,9.1
E00169877,82.4,4,13.6
E00169884,88.6,3.3,8.2
E00169887,62.5,21.6,15.9
E00169888,49.1,19.3,31.6
E00169889,66,8.5,25.5
E00169890,56.3,16.9,26.7
E00169891,59.4,2.9,37.7
E00169893,75,9.1,15.9
E00169894,89.5,0.9,9.7
E00169895,69,3,28
E00169896,64.8,12.9,22.3
E00169897,69.6,8.9,21.5
E00169898,54,11.3,34.8
E00169899,84.6,3.8,11.5
E00169900,68.4,6.6,25
E00169901,73.9,8.5,17.5
E00169902,66.8,3.7,29.5
E00169903,69.9,4.3,25.7
E00187853,78.2,5.8,16
E00187854,72.4,8.9,18.7
E00187855,70.9,4.3,24.8
E00187856,66.8,14.2,19.1
E00187857,81.2,0,18.8
E00187862,77.4,2.1,20.5
E00187863,68.4,15.6,16
E00187864,60.8,7.9,31.3
E00187865,81.9,2.6,15.5
E00187879,70.1,9.3,20.6
E00187891,73.1,5.2,21.7
E00187898,69.6,10.9,19.5
E00187902,65.5,8.1,26.4
E00187913,82.6,5.4,12
E00187922,54.2,19.9,25.9
E00187925,68,15.9,16.1
E00187930,61.9,16.7,21.4
E00187934,85.3,2.2,12.5
E00187951,53,17.9,29.1
E00187972,69.1,14.8,16.1
E00187982,82.8,1.8,15.4
E00187985,69.9,0,30.1
E00187992,71.2,14.7,14.1
E00188005,59,18.2,22.8
E00188011,89.9,3,7
E00188014,73.3,11,15.7
E00188016,76.3,7.2,16.4