areacd,migrant_ind-000,migrant_ind-001,migrant_ind-002,migrant_ind-003
E00033025,86.1,0,10.9,2.9
E00033026,91.7,0,7.4,0.9
E00033027,83.4,0.9,13.1,2.6
E00033029,85.4,2.1,12.5,0
E00033030,95.3,0,4.7,0
E00033031,93.8,1,4.5,0.7
E00033033,76,1.6,20.1,2.3
E00033034,75.2,1.8,18.8,4.3
E00033035,87.3,0.6,11.5,0.6
E00033036,83.3,0.5,14,2.3
E00033037,89.9,0,8.1,2
E00033038,65.8,1,31.2,2
E00033040,87.6,1.2,9.9,1.2
E00033041,93.3,0.4,6,0.4
E00033042,88.6,0.4,11,0
E00033043,88.8,0.4,8.9,1.8
E00033044,96.5,0.9,2.6,0
E00033045,95,0,5,0
E00033046,85.6,0,11.2,3.2
E00033047,96.2,0,3.8,0
E00033048,92.2,0.4,7,0.4
E00033049,84.3,0.9,12.8,2
E00033050,94.3,0,5.2,0.5
E00033051,78.8,1.8,17.3,2.2
E00033052,81.6,1.9,15.9,0.6
E00033053,89.4,0.7,8.5,1.4
E00033054,94.5,0,5.5,0
E00033055,92.9,0,6.7,0.4
E00033056,93,0,6.7,0.4
E00033057,92.9,1.1,5.7,0.3
E00033059,94.6,0.4,3.6,1.4
E00033060,93,0.9,5.2,0.9
E00033061,89.5,0.4,10,0
E00033062,92.9,0,7.1,0
E00033063,95.5,1.1,3.4,0
E00033064,95.9,0.5,3.7,0
E00033065,88.9,0.3,8.8,2
E00033068,74.7,1.1,22.8,1.4
E00033071,83.1,2.4,13.2,1.4
E00033072,71.3,3.9,24.8,0
E00033073,76,2.7,20.9,0.4
E00033074,89.8,0,10.2,0
E00033075,85.2,0.6,13.6,0.6
E00033076,87.7,0.5,9,2.8
E00033077,85.5,0.4,12.3,1.9
E00033078,91.9,0.4,7.7,0
E00033079,85.6,1,13,0.5
E00033080,89.5,0,8.7,1.7
E00033081,89.4,1.2,8.9,0.4
E00033095,94.1,0.6,5,0.3
E00033112,96.8,0.3,2.8,0
E00033371,94.5,2.6,2.9,0
E00033383,88.3,0,11.3,0.4
E00033384,91.5,0,7.7,0.8
E00033385,84.9,1.9,11.6,1.6
E00033581,88.8,0.2,8.9,2
E00033582,92.9,0,6.8,0.3
E00033583,85.1,0,12.9,2
E00033584,45.5,5.4,44.8,4.4
E00033585,86.6,0.4,11.1,1.9
E00033586,90,0,10,0
E00033587,95.2,0,4.8,0
E00033592,96.7,0,3.3,0
E00033593,89.4,0,7.3,3.2
E00033594,98.3,0,1.1,0.6
E00033595,92.4,0,6.1,1.4
E00033596,93.8,0,5.9,0.3
E00033597,77.6,12.2,9.8,0.4
E00033598,89.6,1.5,8.9,0
E00033599,90.2,0,8.9,0.9
E00033600,94.3,0,5.3,0.4
E00033601,86.8,0,11.9,1.2
E00033602,89.5,1.5,8.7,0.4
E00033603,97,0,3,0
E00033604,92.7,0,7.3,0
E00033605,87.6,0,12.4,0
E00033606,84.5,4.9,9.4,1.2
E00033607,84.8,0.5,14.8,0
E00033608,93.4,0,6.6,0
E00033611,81.3,3.6,15.1,0
E00033613,87.9,1.7,10,0.4
E00033614,87.8,0,10.8,1.4
E00033616,98.9,0,0.8,0.3
E00033618,92.1,1.7,5.9,0.3
E00033620,94,0,5.6,0.3
E00033807,93.8,0,5.6,0.6
E00033848,96.6,0,2.4,1
E00033849,97.3,0,2.7,0
E00033850,90.3,0,9.1,0.5
E00033851,88.4,0,9.8,1.8
E00033852,91.9,0,8.1,0
E00033853,91.5,0.6,7.9,0
E00033854,93.6,0,6.4,0
E00033855,88.9,0,11.1,0
E00033856,91.1,0.4,8.5,0
E00033857,94.7,0.4,4.9,0
E00033859,88.7,1.6,9.7,0
E00033861,89,1.7,7.2,2.1
E00033862,92.1,0,7.5,0.4
E00033863,93.4,3,3.3,0.3
E00033864,94.1,0,5.6,0.3
E00033865,93.6,0,6.4,0
E00033866,92.4,0,7.6,0
E00033867,93.7,0,5.9,0.3
E00033868,92.8,0,6.5,0.7
E00033869,96.6,0,3.4,0
E00033871,98.1,0,1.5,0.4
E00033872,96.4,0.3,3.3,0
E00033873,93.5,0,4.1,2.4
E00033874,96.2,0.3,2.8,0.6
E00033875,95.3,0,4.3,0.3
E00033876,97,0,2.6,0.3
E00033877,97.7,0,2,0.3
E00033878,97.3,0.3,2.3,0
E00033879,98.3,0,1.4,0.3
E00033880,93.9,0.2,5.1,0.7
E00033881,91.2,2.8,6,0
E00033882,93.1,1.1,5.8,0
E00033883,95.3,0,4.7,0
E00033884,93.5,0,5.9,0.6
E00033885,91.7,0.2,7.7,0.4
E00033886,93.4,0,4.5,2.1
E00033887,95.9,0,3.8,0.3
E00033888,98.7,0,1.3,0
E00033889,93.1,0.3,5.6,0.9
E00033890,87.8,0,12.2,0
E00033891,87.9,0,10.9,1.3
E00033892,89.2,0,10.8,0
E00033893,90.7,0,8.5,0.7
E00033894,95.6,0,4.4,0
E00033895,85.1,0,14.5,0.5
E00033896,91.7,0,6.9,1.4
E00033897,95.1,1.1,3.8,0
E00034159,89.1,2.6,8.3,0
E00034161,88.6,0.4,11,0
E00034172,95.7,0,4.3,0
E00034173,92.5,0,7.5,0
E00034174,91.8,0,7.9,0.4
E00034176,96.6,0,3.4,0
E00034177,90.8,0,8.4,0.8
E00034180,91,0.3,6.8,2
E00036142,95,0,4.8,0.3
E00036143,85.9,0.3,13.8,0
E00036150,89.9,0,9.9,0.3
E00036152,94.2,0.3,5.5,0
E00036155,97.8,0,2.2,0
E00036158,94.2,0,5.8,0
E00036159,93.2,0,6.4,0.4
E00036160,93,0.3,5.7,0.9
E00036161,95.4,0.5,4.2,0
E00036162,95.3,0.3,4.4,0
E00036164,92.9,0,6.4,0.6
E00036165,90.7,0,9.3,0
E00165719,85.2,1,13.8,0
E00165720,86.5,2,11.1,0.3
E00165721,95.8,0.6,1.8,1.8
E00165722,82.9,4.5,9,3.6
E00165723,95.8,0,4.2,0
E00165724,92,0.3,7.7,0
E00165725,86.4,2.8,10.2,0.6
E00165730,93.9,0.9,5.2,0
E00165731,83.8,2.3,13,0.9
E00176603,78.5,0.7,14.8,6
E00176604,77.8,1,18.2,3
E00176605,69.6,0.6,28.5,1.3
E00176606,82,0,17.3,0.8
E00176607,66,1.5,27.9,4.6
E00176608,76.9,0.7,19.6,2.8
E00176666,74.5,0,25,0.5
E00176667,85.4,1.6,12.4,0.5
E00176703,90.5,0,8.6,1
E00176705,70.5,8.6,17.3,3.6
E00176719,73,2.7,22.3,2
E00176720,92.6,0,6.6,0.8
E00176721,90.5,0,9.5,0
E00176722,93,0,6.2,0.8
E00176723,96,0,3.6,0.4
E00185146,93.4,0.6,4.1,1.9
E00185151,93.5,0.4,6.2,0
E00185158,84.5,0,15.5,0
E00185164,88.6,0,11.2,0.2
E00185168,62.6,0,36.8,0.6
E00185172,89.9,0,10.1,0
E00185174,96.1,0,3.9,0
E00185177,92.7,0,7.3,0