areacd,hh_tenure_5a-000,hh_tenure_5a-001,hh_tenure_5a-002,hh_tenure_5a-003
E00071262,34.3,36.1,21.3,8.3
E00071263,56,37.7,0.6,5.7
E00071264,53,32.5,1.7,12.8
E00071265,54.1,27.5,0.9,17.4
E00071266,50,30.4,9.5,10.1
E00071267,60.9,28.6,1.5,9
E00071268,29,28.2,25.2,17.6
E00071269,29.4,42.3,3.1,25.2
E00071332,21.6,34.3,14.2,29.9
E00071333,26.7,29.2,28.3,15.8
E00071334,12.4,10.6,51.3,25.7
E00071335,25,14.8,31.3,28.9
E00071336,26.5,30.1,19.3,24.1
E00071337,43.4,27.9,12.4,16.3
E00071338,22.5,30.2,18.6,28.7
E00071339,42.2,18,28.1,11.7
E00071340,21.8,12.9,55.6,9.7
E00071341,10,26.7,8.9,54.4
E00071343,36.2,26.7,29.3,7.8
E00071344,20.5,32.1,33,14.3
E00071345,31,37.9,12.9,18.1
E00071346,12.7,9.6,70.1,7.6
E00071347,23.4,31,19.6,25.9
E00071348,14.2,13.3,54.9,17.7
E00071349,28.6,27.8,18.3,25.4
E00071350,30.5,34.7,16.1,18.6
E00071351,14.4,8.8,46.3,30.6
E00071362,54.3,31.8,3.9,10.1
E00071363,54.3,19.7,10.2,15.7
E00071364,59,28.2,2.6,10.3
E00071365,56.5,33.3,0.9,9.3
E00071367,55.1,34.6,0.8,9.4
E00071368,41.9,21,22.9,14.3
E00071482,44.3,13.9,19.1,22.6
E00071483,25.6,12,47,15.4
E00071484,15.1,20.5,37,27.4
E00071485,30.8,17.9,41,10.3
E00071539,52.8,38.4,1.6,7.2
E00071540,50,43.1,0,6.9
E00071541,34.4,25.2,34.4,6.1
E00071542,15.3,37.9,7.3,39.5
E00071543,41.6,45.6,0,12.8
E00071544,7.6,5.9,51.7,34.7
E00071545,13.8,21.6,35.3,29.3
E00071547,76.8,7.7,3.5,12
E00071548,65.4,28.8,0.6,5.1
E00071549,54.9,32,4.1,9
E00071550,48,41.6,0,10.4
E00071551,34.2,43.2,0.9,21.6
E00071552,45,40.7,5.7,8.6
E00071553,32.3,54,0.5,13.1
E00071554,36.5,54.7,0.7,8
E00071555,43.7,34.8,4.4,17
E00071557,49.2,40.3,0.8,9.7
E00071558,48.3,32.5,0,19.2
E00071559,52.5,32.5,1.7,13.3
E00071560,35.1,30.6,6.7,27.6
E00071561,22.8,10.5,50,16.7
E00071562,28.4,28.4,21.6,21.6
E00071563,42.7,37.1,4.5,15.7
E00071564,61,23.7,0,15.3
E00071565,32.8,15.5,28.4,23.3
E00071566,47.8,47,0.7,4.5
E00071567,57.3,35.7,0.6,6.4
E00071568,36.7,23.1,23.8,16.3
E00071569,61.4,33.3,0,5.3
E00071570,37.9,44.2,6.3,11.6
E00071571,37.7,23.6,24.5,14.1
E00071572,12,9,60.2,18.8
E00071573,16.8,24.5,13.5,45.2
E00071574,40.7,35.7,0.7,22.9
E00071575,75,17.2,0,7.8
E00071576,36.7,20.8,14,28.5
E00071577,60.6,22.7,0,16.7
E00071578,65.4,19.9,0,14.7
E00071579,28.5,41.8,10.9,18.8
E00071580,49.2,30.3,4.9,15.6
E00071581,19.8,16.7,48.4,15.1
E00071582,26.7,43.3,13.4,16.6
E00071583,43.3,19.7,8.9,28
E00071584,33.6,25.5,8.2,32.7
E00071586,53.4,24.6,0,22
E00071587,36,31.6,23.7,8.8
E00071588,18.4,21.1,14.1,46.5
E00071590,52.7,20,8.2,19.1
E00071591,11,17.3,48.8,22.8
E00071592,43.7,31,3.2,22.2
E00071593,47.7,27.9,0.9,23.4
E00071620,29.8,36.9,14.2,19.1
E00071632,37.6,42.4,3.2,16.8
E00071633,18,38.5,0.8,42.6
E00071634,26.1,45,5.2,23.7
E00071635,51.7,31.5,0.7,16.1
E00071636,30.9,46,0.7,22.3
E00071637,39,30.8,10.3,19.9
E00071638,40.5,27.7,13.5,18.2
E00071639,26.3,15.3,41.6,16.8
E00071716,48.7,16.8,22.1,12.4
E00071717,35.5,20.8,35.5,8.2
E00071718,52.5,23.7,14.4,9.3
E00071720,39.5,31.8,0.8,27.9
E00071721,68.2,17.8,0.9,13.1
E00071722,32.4,33.3,5.4,28.8
E00071723,45.9,27.9,1.8,24.3
E00071724,19.2,14.2,55,11.7
E00071725,51.1,28.1,1.5,19.3
E00071727,31.9,28.9,25.2,14.1
E00071728,57.9,30.6,0,11.6
E00071729,28,8.1,48.4,15.5
E00071730,34.9,37.3,2.4,25.4
E00071731,22.3,24.2,16.6,36.9
E00071732,10.7,20.9,27.7,40.7
E00071733,27.9,27,25.4,19.7
E00071735,51.7,33.6,6.9,7.8
E00071736,32.8,31.1,11.5,24.6
E00071737,56.8,37.6,0,5.6
E00146970,45.8,32.6,3.5,18.1
E00146971,32.7,39.5,17.7,10.2
E00147023,50,26.9,4.5,18.7
E00147024,55.6,29.2,4.2,11.1
E00147025,41.3,22.7,26.7,9.3
E00147028,33.3,41.8,17.5,7.4
E00147029,47.3,43.1,5.4,4.2
E00147030,45,45.6,1.8,7.6
E00150675,36.3,24.2,5.6,33.9
E00151099,46.6,42.7,1,9.7
E00151100,36,33.3,1.8,28.8
E00151101,44.9,24.4,24.4,6.3
E00151104,15.4,19.7,48.7,16.2
E00151110,51.8,36.6,0,11.6
E00151114,22.5,17.5,49.2,10.8
E00151117,68.6,24,0,7.4
E00151122,58.8,32.1,0,9.2
E00151123,49.3,34.6,6.6,9.6
E00151124,56.2,34.3,0,9.5
E00151125,47.3,34.9,7.8,10.1
E00151126,29.2,20.8,40,10
E00151127,18.1,16.2,40.5,25.2
E00151128,43.6,37.6,2.3,16.5
E00151172,35.4,33.7,2.8,28.2
E00151173,18.1,15.3,16.7,50
E00151176,61.5,27.7,1.4,9.5
E00151177,64.5,28.4,2.1,5
E00151178,62.8,25.5,0,11.7
E00151179,30.6,30.6,4.6,34.3
E00151180,60,33.1,1.4,5.5
E00151181,36.9,30.6,26.3,6.3
E00151182,52,29.1,7.4,11.5
E00151183,26.7,25.2,43,5.2
E00151270,51.2,32.8,6.4,9.6
E00151271,45.5,31.5,0,23.1
E00151272,41.2,16.7,37.7,4.4
E00151273,51.9,30.5,5.3,12.3
E00151274,53.8,29.2,7.7,9.2
E00151275,64.3,26.8,0.9,8
E00151276,13.5,23.1,8.3,55
E00151277,8.8,15.8,45.6,29.8
E00151278,2.8,9.4,70.8,17
E00151280,34.7,20.1,4.9,40.3
E00151285,15.3,42,9.9,32.8
E00151286,23.5,25,14.4,37.1
E00151287,13.1,19.2,41,26.6
E00151288,14.9,21.1,5.3,58.8
E00151289,0.9,5.2,87,7
E00151290,20.8,25.2,20.3,33.7
E00151291,13.9,22.8,4.4,58.9
E00151293,28.9,26.4,35.5,9.1
E00151296,21.2,34.1,0.6,44.1
E00151299,20.3,32.5,5.7,41.5
E00151300,25.6,19.5,41.4,13.5
E00151303,18.3,24.4,5.5,51.8
E00151305,60.2,25.8,0.8,13.3
E00151306,29.7,20.3,23.7,26.3
E00151307,43.3,34,13.4,9.3
E00151308,42.8,35.6,9,12.6
E00151309,48.8,34.7,6.6,9.9
E00151310,46.4,41.6,0,12
E00151311,52.8,33.3,4.4,9.4
E00151312,21.8,16.3,52.4,9.5
E00151313,44.5,38.8,12.4,4.3
E00151314,40.4,24.7,8.2,26.7
E00151315,54,29.9,0.7,15.3
E00151316,37.2,43.3,10.5,8.9
E00151317,49.3,17.6,14.2,18.9
E00151318,51.9,35.1,5.2,7.8
E00151319,56.4,27.8,4.5,11.3
E00151320,38.3,20.8,5,35.8
E00151321,48.4,41,0,10.7
E00151322,46.5,21.2,0,32.3
E00151326,18.4,29.4,3.7,48.5
E00151327,20.4,11.7,17.9,50
E00151331,28.5,33.1,3.8,34.6
E00151333,17.2,17.8,7.6,57.3
E00151334,29.3,23.6,1.4,45.7
E00151336,25.5,29.1,16.3,29.1
E00151340,4.7,7,50.9,37.4
E00151360,46.8,34.9,4,14.3
E00151361,41,31.9,0.7,26.4
E00151362,38.5,23.1,26.2,12.3
E00151363,67.6,28.8,0,3.6
E00151364,47.1,31.1,1.7,20.2
E00151365,61.1,23.8,0.8,14.3
E00151366,48.8,32.5,13.8,4.9
E00151367,62.2,27,0.7,10.1
E00151368,45.6,30.1,10.3,14
E00151369,35,38.9,15.5,10.6
E00151370,63.9,31.3,0,4.9
E00151371,62,31.8,0.8,5.4
E00151372,7,7.8,71.9,13.3
E00151373,43.4,38,10.9,7.8
E00151374,45.8,37.5,1.4,15.3
E00151375,31.2,44.8,8.4,15.6
E00151376,55.1,36.5,1.3,7.1
E00151377,45.2,23.7,23,8.1
E00151378,41.8,46.7,1.8,9.7
E00151379,58.3,27.6,0.8,13.4
E00151380,43.2,31.3,4,21.6
E00151401,25.7,45,3.6,25.7
E00151402,59.6,34,0,6.4
E00151403,12.8,9.6,69.6,8
E00151404,18.7,20.1,51.5,9.7
E00151405,16.9,19.4,41.9,21.8
E00151406,6.7,8.9,80,4.4
E00151407,35.8,22,30.1,12.2
E00151408,41.4,29.7,15.3,13.5
E00151409,44.7,35.8,1.6,17.9
E00151410,44.3,35.7,1.7,18.3
E00151411,23.7,16.8,46.6,13
E00151412,43.8,37.5,2.3,16.4
E00151413,36.7,18.7,28.8,15.8
E00151414,30.9,19.9,36,13.2
E00151415,53.1,41.4,0,5.5
E00151416,26.1,27.6,32.8,13.4
E00151417,21.3,25.4,43.4,9.8
E00151418,35.9,35.2,9.4,19.5
E00151419,13,13.8,63.4,9.8
E00151420,10.1,13.4,69.7,6.7
E00151421,13.1,11.5,65.4,10
E00151422,20.3,35,28.5,16.3
E00151423,36.7,36.7,10,16.7
E00151424,14.2,25.2,37.8,22.8
E00151425,36.4,41.7,1.5,20.5
E00151426,13.6,13.6,67.4,5.3
E00151427,69.5,27.5,1.2,1.8
E00151428,10.2,13.4,65.4,11
E00151429,47.3,40.3,3.9,8.5
E00151430,20.3,29.7,30.5,19.5
E00151431,50.8,44.9,0,4.2
E00151432,47.9,28.9,1.7,21.5
E00151433,72.3,22.3,0,5.4
E00151434,51.9,40.3,0.8,7
E00151435,47.2,41.5,0,11.4
E00151436,67.3,15.9,4.4,12.4
E00151437,35.7,51.3,3.5,9.5
E00151438,50,34.9,0,15.1
E00151439,51.3,28.7,8.7,11.3
E00151440,25.3,28.7,36.7,9.3
E00151441,32.7,24.8,27.4,15
E00151442,27,32.4,27.9,12.6
E00151443,22.7,41.1,17,19.1
E00151444,39,41.2,1.5,18.4
E00151460,27.6,28.4,0,44
E00151465,9.5,15.1,64.3,11.1
E00151466,63.2,30.4,1.6,4.8
E00151467,31.3,44.3,0.8,23.7
E00151468,11.9,17.2,61.9,9
E00151469,39.3,32,14.8,13.9
E00151470,28.6,28.6,31.1,11.8
E00151471,24.8,37.2,26.4,11.6
E00151472,41.5,22,19.5,17.1
E00151473,24.3,26.4,27.1,22.2
E00151474,26.5,30.1,29.4,14
E00151475,16.9,33.8,36.2,13.1
E00151476,40.3,20.1,26.6,13
E00151477,48.1,32.3,8.2,11.4
E00151478,46.5,43.8,4.9,4.9
E00151479,12.2,11.6,67.1,9.1
E00151480,54.5,40,0,5.5
E00151481,19.4,19.4,45.2,16.1
E00151482,15.3,18.3,51.1,15.3
E00151483,16.3,18.7,55.3,9.8
E00151484,45.6,44.8,1.6,8
E00151485,17.1,26,33.6,23.3
E00151504,48.9,30.1,3.8,17.3
E00151505,10.3,8.7,73,7.9
E00151510,11.9,13.3,66.7,8.1
E00151517,15.2,13.8,62.8,8.3
E00151518,50,43,0,7
E00151519,51.7,32.4,8.4,7.6
E00151520,42.7,41.1,0.8,15.3
E00151522,26.2,37.6,17.4,18.8
E00151523,56.9,28.5,7.7,6.9
E00151524,39.3,42,1.8,17
E00151525,50,35.7,1.8,12.5
E00151526,49.6,41,0,9.4
E00151527,48.1,44.4,1.9,5.6
E00151528,52.5,38.5,0,9
E00151529,31.3,44,0.7,23.9
E00151530,64.1,32,0,3.9
E00151531,48.5,44.7,0.8,6.1
E00151532,45.8,32.5,10,11.7
E00151533,33.3,33.3,0,33.3
E00151534,31.7,43.9,5.7,18.7
E00151535,20.8,13.9,52.1,13.2
E00151536,56.5,39.7,0.8,3.1
E00151537,39.5,39.5,10.9,10.1
E00151538,51.1,42,0,6.9
E00151539,52.8,24.5,12.6,10.1
E00151540,36.4,40.9,0,22.7
E00151541,45.9,41.4,1.8,10.8
E00151542,34.4,28.1,32,5.5
E00151543,21.2,14.4,50,14.4
E00151544,48.7,37.8,0,13.4
E00151545,43.3,39,4.3,13.4
E00151546,66.9,22.9,0.6,9.6
E00151548,31,43.1,0,25.9
E00151549,44,18,12,26
E00151550,52.9,39.2,1.3,6.5
E00151551,68,22.3,1,8.7
E00151552,56.9,29.4,5.5,8.3
E00151553,77.1,18.1,1,3.8
E00151554,66.7,27.2,1.2,4.9
E00151555,57.5,36.3,0.6,5.6
E00151556,32.7,32.7,10,24.6
E00151557,39,35.4,7.3,18.3
E00151558,23,26.4,20.9,29.7
E00151559,37.1,33.3,1.5,28
E00151560,30.2,13.7,22.3,33.8
E00151564,34.6,30.3,7,28.1
E00151567,45.2,35.7,3.2,15.9
E00151568,24.5,13,48.5,14
E00151569,37.2,29.5,3.1,30.2
E00151570,43.4,23.8,1.4,31.5
E00151571,22.2,9.6,52.6,15.6
E00151573,28,26.3,38.1,7.6
E00151578,64.9,30.9,2.1,2.1
E00151579,32.2,25.4,23.7,18.6
E00151587,44.8,39.1,6.3,9.9
E00151588,23.3,40.7,29.7,6.4
E00151589,50.8,27.3,11.7,10.2
E00151591,2.3,0.8,93.1,3.8
E00151592,23.7,25.2,31.7,19.4
E00151593,25.7,36.9,21,16.4
E00151594,62.6,31.3,1.7,4.3
E00151595,62.1,30.2,0,7.8
E00151596,40.3,28.7,17.1,14
E00151597,31.7,24.6,41.3,2.4
E00151598,54.3,36,4.3,5.5
E00151599,56.9,36.6,0,6.5
E00151600,44.1,25.2,15,15.7
E00151601,13.8,26.1,47.1,13
E00151602,32.5,41.7,2.5,23.3
E00151603,30.7,29.9,1.6,37.8
E00151605,72.7,20.5,0,6.8
E00151606,55.5,26.5,9,9
E00151607,26.5,15.4,44.4,13.7
E00151608,29.5,31.8,3.1,35.7
E00151609,53.6,28,0,18.4
E00151610,71.9,25.9,1.5,0.7
E00151611,61,30.1,0,8.8
E00151612,49.7,37.9,2.1,10.3
E00151613,63.8,33.6,1.7,0.9
E00151615,61.2,27.3,0.7,10.8
E00151616,64.5,26.6,1.6,7.3
E00151617,66.4,28.3,0,5.3
E00151618,69.4,23.4,0,7.3
E00151619,24.8,36.2,21.5,17.4
E00166320,42.3,26.1,7.2,24.3
E00166324,26.7,15.9,14.2,43.2
E00166326,17.7,47.8,23,11.5
E00166327,17.6,44.1,25.6,12.8
E00166328,25,34.8,12,28.3
E00166329,29.4,35.3,19.6,15.7
E00166330,41.3,38.8,2.5,17.4
E00166331,23.6,38.9,1.4,36.1
E00166333,23.8,31,22.6,22.6
E00168500,37,43.5,5.6,13.9
E00168502,5.7,41.5,21.1,31.7
E00173132,37.8,40.2,7.1,15
E00173133,28.1,53.1,0,18.8
E00173134,56.7,28.3,0,15
E00173135,30,17.1,1.4,51.4
E00179352,7.3,4.4,18.9,69.4
E00179354,18.9,41.1,2.1,37.9
E00179367,12,64,2,22
E00179369,1,54.8,4.8,39.4
E00179372,11.5,75.9,2.3,10.3
E00179373,13,63.3,22,1.7
E00179381,37.7,52.1,0,10.2
E00179385,29.4,12.6,20.2,37.8
E00179388,9.4,76.6,6.3,7.8
E00179391,14.4,60.4,2.7,22.5
E00179392,16.1,24.1,26.3,33.6
E00179394,45.3,8.8,22.6,23.4
E00179398,6.6,85.8,0,7.7
E00179399,26.6,52.7,12,8.7
E00179400,24.7,16.5,0.6,58.2
E00179401,68.8,6.3,7.3,17.7
E00179404,51.6,29.1,7.7,11.5
E00179405,13.4,43.7,34.5,8.4
E00179414,45.7,21,3.7,29.6
E00179416,30.4,23.2,14.3,32.1
E00179417,8.1,88.6,0.7,2.7
E00179419,5,84,0,10.9
E00179422,49.7,38.9,0,11.4
E00179424,15.9,22.1,43.4,18.6
E00179428,38.8,45.3,9.5,6.5
E00179430,9.4,62.3,18.9,9.4
E00180667,27.8,25,37,10.2
E00180682,7.5,79.3,8,5.2
E00180708,11.9,32.8,47.8,7.5
E00180767,6.2,66.2,17.7,10
E00187162,22.1,62,5.8,10.1
E00187168,5.7,18.9,47.2,28.3
E00187175,6,56,23.3,14.7
E00187178,10.3,11.5,61.5,16.7
E00187185,34.2,43.3,8,14.4
E00187186,12.7,36.4,27.3,23.6
E00187194,49.4,3.7,17.3,29.6
E00187202,4.3,33.6,60.3,1.7
E00187223,54.6,26.9,0,18.5
E00187246,39.2,28,24.8,8
E00187248,3.7,38.9,33.3,24.1
E00187257,26.9,44.6,18.9,9.7
E00187260,7.5,46.3,25.4,20.9
E00187273,12.2,33.8,31.1,23
E00187277,14.3,35.7,4.1,45.9
E00187301,13.8,12.9,9.7,63.6
E00187305,32.3,44.4,12.1,11.1
E00187312,38.8,42.9,0,18.4
E00187321,59.7,20.8,0,19.4
E00187332,3.6,24.3,17.8,54.4