geography_code,has_ever_worked-001,has_ever_worked-002,has_ever_worked-003
E00004172,10.4,59.7,29.9
E00004174,13.5,47.2,39.3
E00004185,13.7,31.3,55
E00004187,16.4,44,39.7
E00004188,35.8,28.3,35.8
E00004189,25.6,28.2,46.2
E00004194,22.4,46.6,31
E00004196,24.7,43.8,31.5
E00004198,19.3,43.1,37.6
E00004199,16,38.3,45.7
E00004200,29.1,43.6,27.3
E00004681,12.3,45.6,42.1
E00004682,8.6,42,49.4
E00004683,13.8,33.8,52.3
E00004684,14.4,44.9,40.7
E00004685,28,32.6,39.4
E00004686,12.6,30.8,56.6
E00004687,12.5,59.4,28.1
E00004688,16.5,43.2,40.3
E00004689,15.1,32.9,52.1
E00004690,15.3,42.4,42.4
E00004691,20,27,53
E00004692,29.6,35.2,35.2
E00004693,21,33.3,45.7
E00004694,18,43.2,38.8
E00004695,22.4,30.1,47.4
E00004696,22.1,30.2,47.7
E00004697,21.4,30.1,48.5
E00004699,19.7,37.1,43.3
E00004700,14.5,43,42.4
E00004701,9.4,34.4,56.3
E00004705,21,56.8,22.2
E00004706,22.1,34.9,43
E00004707,36.3,25.7,38
E00004708,11.1,64.8,24.1
E00004709,16.7,49.2,34.2
E00004710,17.8,43.9,38.3
E00004711,23.4,43.5,33.1
E00004712,8.4,67.4,24.2
E00004713,5.8,55.8,38.5
E00004714,22,45.8,32.2
E00004715,24.1,49.1,26.9
E00004717,23.8,47.6,28.6
E00004719,19.1,35.3,45.7
E00004720,16.1,48.4,35.5
E00004721,18.2,38,43.8
E00004725,15.8,32.6,51.6
E00004726,13.4,50.4,36.1
E00004747,21.6,36.2,42.2
E00004748,25,41.4,33.6
E00004749,21.4,30.7,47.9
E00004750,22.3,30,47.8
E00004752,17.2,46.7,36.1
E00004753,16,48.9,35.1
E00004754,18.8,33.8,47.4
E00004755,12.4,41.2,46.4
E00004756,24.5,38.3,37.2
E00004757,18.7,36.7,44.6
E00004758,18.8,32.3,49
E00004759,20.2,41.1,38.8
E00004760,10.5,55.8,33.7
E00004761,16.4,43.3,40.3
E00004762,10,32.5,57.5
E00004764,20.6,32.4,47.1
E00023418,13,50,37
E00023440,7.9,74.2,18
E00023442,6.6,57.9,35.5
E00023443,12.2,55.6,32.2
E00023444,12.6,51.5,35.9
E00023446,14.1,47.1,38.8
E00023449,19.8,49,31.3
E00023486,33.3,34.9,31.7
E00023487,17.7,32.9,49.4
E00023488,11,71.2,17.8
E00023489,11.4,64.8,23.9
E00023490,13.9,37.4,48.7
E00023491,12.6,61.3,26.1
E00023492,17.6,45.1,37.3
E00023493,28.9,45.8,25.3
E00023494,17,22.7,60.3
E00023495,6.7,66.7,26.7
E00023496,19.4,61.3,19.4
E00023497,10.9,69.6,19.6
E00023498,17,48.9,34.1
E00023499,10.3,29.5,60.3
E00023500,22.2,41.5,36.3
E00023501,19.5,38.3,42.3
E00023502,6.7,47.9,45.4
E00023503,13.9,72.2,13.9
E00023504,15.3,58.3,26.4
E00023505,19.6,56.9,23.5
E00023506,24.3,62.2,13.5
E00023507,27.8,25.4,46.8
E00023508,28.3,41.3,30.4
E00023509,15.4,27.7,56.9
E00023510,23,49.2,27.9
E00023511,21.7,39.1,39.1
E00023512,33.3,40.7,25.9
E00023513,31.8,36.4,31.8
E00023514,18.9,70,11.1
E00023515,34.9,39.7,25.4
E00023516,10.7,46.7,42.7
E00023517,35.6,46.3,18.1
E00023518,24.8,43.6,31.7
E00023519,30.8,49.2,20
E00023520,22.2,42,35.8
E00023521,21.8,47.4,30.8
E00023522,12.6,46.2,41.3
E00023523,44.8,31,24.1
E00023524,17.8,51.1,31.1
E00023525,25.6,56.4,17.9
E00023526,14.1,39.1,46.7
E00023527,32.3,43.8,24
E00023528,22.2,52.8,25
E00023529,15.6,32.3,52.1
E00023564,8.3,33.8,57.9
E00023565,16.9,39.6,43.5
E00023566,15.9,34.1,50
E00023567,4.5,42.9,52.6
E00023569,12,37.7,50.3
E00023570,18.8,53.6,27.7
E00023571,8.1,35.7,56.2
E00023572,19.6,29,51.4
E00023573,12.2,38.8,49
E00023574,8.9,29,62.2
E00023575,18,41.3,40.7
E00023576,11.2,30.6,58.2
E00023577,26.9,38.3,34.7
E00023578,14.8,39.9,45.3
E00023579,13.4,34.7,51.9
E00023580,10,34.4,55.6
E00023581,10.9,40.2,48.8
E00023617,18.4,27.2,54.4
E00023620,26.1,27.9,45.9
E00023622,12.9,56.5,30.6
E00023623,23.2,46.4,30.4
E00023624,7.7,63.5,28.8
E00023625,14.8,61.7,23.5
E00023627,11.4,47.1,41.4
E00023628,26.5,53.1,20.4
E00023629,19.7,37.6,42.7
E00023631,9.2,46.1,44.7
E00023632,20.3,64.4,15.3
E00023633,11.4,75.9,12.7
E00023634,8.2,52.9,38.8
E00023637,29.8,50,20.2
E00023639,8.2,58.9,32.9
E00023640,25.6,28,46.3
E00023641,20.3,49.2,30.5
E00023644,16.7,29.8,53.6
E00023646,27.6,43.4,28.9
E00023647,21.2,29.7,49.1
E00023648,6.3,42.3,51.4
E00023649,11.9,51.2,36.9
E00023650,12.3,49.2,38.5
E00023651,8.2,39.2,52.6
E00023652,20.8,26.4,52.8
E00023656,15.4,26.4,58.2
E00023754,12.2,32.8,55
E00023757,5.3,36.8,57.9
E00023760,15.1,34,50.9
E00023762,8.4,26.9,64.7
E00023811,22.4,46.6,31
E00023812,56.7,20.9,22.4
E00023813,26.8,37.3,35.9
E00023814,15.1,42.2,42.7
E00023815,13.4,34.5,52.1
E00023816,8.5,64.8,26.8
E00023817,8.3,55.6,36.1
E00023818,21.8,36.2,41.9
E00023819,15.9,52.3,31.8
E00023820,13,68.5,18.5
E00023821,41.5,30.2,28.3
E00023822,14.5,47.8,37.7
E00023823,14.5,65.2,20.3
E00023824,20,55.8,24.2
E00023825,3.1,62.5,34.4
E00023826,13.8,63.1,23.1
E00023827,14.6,70.8,14.6
E00023828,16.3,48.8,34.9
E00023829,15,72.5,12.5
E00023830,18.9,49.1,32.1
E00023831,7.7,69.2,23.1
E00023832,10.9,60.9,28.3
E00023833,36.3,36.3,27.5
E00023834,16.7,35.2,48.1
E00023835,18.9,62.2,18.9
E00023836,25.8,53,21.2
E00023837,22.5,52.5,25
E00023838,15.7,47,37.3
E00023839,17.1,38.2,44.7
E00023840,25,35.7,39.3
E00023841,20,51.7,28.3
E00023842,13.5,63.5,23.1
E00023843,18.9,56.6,24.5
E00023844,22.6,47.2,30.2
E00023845,14.1,42.3,43.6
E00023846,5.7,55,39.3
E00023847,8.3,47.2,44.4
E00023848,27.8,44.4,27.8
E00023880,23.7,52.5,23.7
E00023881,21.8,44.8,33.3
E00023883,14.5,29,56.5
E00023884,9.4,50,40.6
E00023885,10.6,69.1,20.2
E00023886,19.4,46.3,34.3
E00023887,16.1,52.9,31
E00023888,15.1,37,47.9
E00023889,23.2,37.5,39.3
E00023890,27.4,50.7,21.9
E00023891,15.2,40.7,44.1
E00023892,23.7,41.2,35.1
E00023893,8.6,37.5,53.9
E00023894,11.2,52.6,36.2
E00023895,20.3,55.9,23.7
E00023896,35.9,46.2,17.9
E00023899,28.2,38.5,33.3
E00023902,23.1,49.5,27.5
E00023903,51.9,26.6,21.5
E00023904,18.7,37.3,44
E00023907,21.4,42.9,35.7
E00023909,7,59.2,33.8
E00023910,11.2,58.9,29.9
E00023912,21.1,46.6,32.3
E00023916,51.7,23.3,25
E00023917,12.1,54.5,33.3
E00023919,13.2,48.1,38.7
E00023920,17.6,54.9,27.5
E00023921,12.2,61.2,26.5
E00023924,7.8,48.4,43.8
E00023925,8.6,49.5,41.9
E00024108,5.3,62.4,32.3
E00024112,19.4,58.1,22.6
E00024115,17.7,50.6,31.6
E00024116,16.7,56.1,27.3
E00024117,4,42.7,53.3
E00024121,31.9,46.2,22
E00024122,27.9,45.9,26.1
E00024123,23.9,48.9,27.2
E00024124,10.2,41.7,48.1
E00024125,25.5,31.9,42.6
E00024126,15.9,56.1,28
E00024128,27.8,34.7,37.5
E00024129,25.9,44.8,29.3
E00024134,31.3,50,18.8
E00024135,8.5,71.3,20.2
E00024136,12.8,67,20.2
E00024137,7.4,61.7,30.9
E00024138,21.2,42.4,36.4
E00024140,16.2,45.7,38.1
E00174650,26.4,17.9,55.7
E00174651,19.4,14.7,65.9
E00174652,16.1,48.2,35.7
E00174653,25.4,29,45.5
E00174654,35,22.1,42.9
E00174680,24.4,44.4,31.1
E00175187,20.9,41.8,37.3
E00175192,16.1,26.5,57.4
E00175193,16.3,39.1,44.6
E00175194,39,18.6,42.4
E00175196,10.3,51.7,37.9
E00175207,9.5,27,63.5
E00175210,25.4,31.3,43.3
E00175211,17.6,43.2,39.2
E00175215,6.2,15.6,78.2
E00175218,6.4,59.6,34
E00175219,12.8,35.9,51.3
E00175220,12.8,38.5,48.6
E00175221,14.6,31.5,53.9
E00175263,13.3,30.6,56.1
E00175265,22.5,24.7,52.8
E00175266,11,37.3,51.7
E00175268,8.2,40.9,50.9
E00175269,13.7,57.5,28.8
E00175270,17,28.6,54.4
E00175271,27,31.4,41.6
E00175272,12.2,27.6,60.2
E00175273,11.4,30.9,57.7
E00175274,9.9,29.6,60.5
E00190358,18.7,31.7,49.6
E00190383,27.8,48.1,24.1
E00190391,15.7,57.8,26.5
E00190392,30.8,40.4,28.8
E00190393,18.6,50.5,30.9
E00190397,13.1,32.8,54.1
E00190400,12.1,24.8,63.1
E00190423,13,36.6,50.4
E00190427,11.5,34.5,54
E00190435,10.3,45.8,43.9
E00190438,10.8,51.7,37.5
E00190450,15.8,29.2,55
E00190455,15,24.1,60.9
E00190465,16.8,20.4,62.8