geography_code,hh_language-001,hh_language-002,hh_language-003,hh_language-004
E00004172,66.4,8.8,0,24.8
E00004174,67.7,7.3,0,25
E00004185,58.3,17.5,1.7,22.5
E00004187,73.4,9.5,0,17.1
E00004188,73.3,5.3,1.3,20
E00004189,63.7,7.7,1.1,27.5
E00004194,68.9,9.7,1,20.4
E00004196,69.1,8.5,0,22.3
E00004198,66.7,9.7,0.7,22.9
E00004199,62.7,14.7,1.3,21.3
E00004200,67,14,0,19
E00004681,67.3,17.8,0,14.9
E00004682,53.5,26.8,4.2,15.5
E00004683,68.5,17.8,5.5,8.2
E00004684,68.2,14,3.9,14
E00004685,58.3,28.2,2.9,10.7
E00004686,51.3,27.4,4.3,17.1
E00004687,78.3,5.4,0,16.3
E00004688,62,25.3,3.2,9.5
E00004689,52.3,24.3,7.2,16.2
E00004690,69.9,14,3.2,12.9
E00004691,60,21.1,0,18.9
E00004692,62.4,22.8,2,12.9
E00004693,56.4,18.8,2.3,22.6
E00004694,58,19,3,20
E00004695,53.8,25.2,1.7,19.3
E00004696,59.5,26.4,0.8,13.2
E00004697,66.3,11.9,0,21.8
E00004699,55.2,19.8,2.9,22.1
E00004700,67.2,21.3,1.6,9.8
E00004701,67.5,16.2,4.3,12
E00004705,78.3,8.7,0.7,12.3
E00004706,65.9,12.1,0.5,21.4
E00004707,58,12.2,1.7,28.2
E00004708,82,6,1,11
E00004709,69.5,20.6,2.8,7.1
E00004710,71.7,15,2.7,10.6
E00004711,76.1,9.2,2.8,12
E00004712,78.9,9.6,0,11.4
E00004713,82.2,3.3,4.4,10
E00004714,76.2,8.6,1,14.3
E00004715,75.6,13.7,0,10.7
E00004717,75.7,12.5,3.7,8.1
E00004719,62.3,21.4,4.5,11.7
E00004720,78.2,7.3,0,14.5
E00004721,53.8,26.5,3.4,16.2
E00004725,49.6,31.9,7.6,10.9
E00004726,72.6,14.2,1.8,11.5
E00004747,61.7,21.6,2.5,14.2
E00004748,66.7,22,1.5,9.8
E00004749,54.4,34.1,2.7,8.8
E00004750,53.7,21.6,2.1,22.6
E00004752,80.8,15.2,0.8,3.2
E00004753,64.7,22.4,1.7,11.2
E00004754,64,13.7,3.6,18.7
E00004755,73.4,13.8,2.1,10.6
E00004756,64,19,6,11
E00004757,52.6,28.1,7.9,11.4
E00004758,49.3,38.4,4.1,8.2
E00004759,76.9,7,3.5,12.6
E00004760,79.4,12.4,1,7.2
E00004761,79.4,13.2,0,7.4
E00004762,74,11,2,13
E00004764,63.6,20.5,3.4,12.5
E00023418,61.9,7.6,3.8,26.7
E00023440,80.4,11.2,2.8,5.6
E00023442,69.5,9.5,2.1,18.9
E00023443,68.7,16.2,2,13.1
E00023444,65.6,10.2,3.9,20.3
E00023446,66.9,9.3,1.7,22
E00023449,72.9,10.2,2.5,14.4
E00023486,62.8,14,1.7,21.5
E00023487,47.2,21.3,4.5,27
E00023488,68.8,9.4,0,21.7
E00023489,49.7,12.2,0.6,37.6
E00023490,54.4,22.6,1.8,21.2
E00023491,78.6,4,1.2,16.2
E00023492,68.1,9.6,0,22.3
E00023493,66.7,13.3,1,19
E00023494,51.5,22.4,0,26.1
E00023495,66.7,16.2,1,16.2
E00023496,85.2,6.2,3.7,4.9
E00023497,75.3,6.7,2.2,15.7
E00023498,70.1,15,0,15
E00023499,67.5,14.5,0,17.9
E00023500,55.9,8.4,0.7,35
E00023501,75.2,9.1,0,15.7
E00023502,70.1,8.3,2.1,19.4
E00023503,67.1,2.9,0,30
E00023504,60,5.7,1,33.3
E00023505,74.7,13.2,2.2,9.9
E00023506,62,16.3,0,21.7
E00023507,45.3,18,0.8,35.9
E00023508,62.3,4.4,2.6,30.7
E00023509,61.9,12.5,0,25.6
E00023510,64.6,5.3,1.8,28.3
E00023511,77.7,6.4,1.1,14.9
E00023512,68.9,11.3,0,19.8
E00023513,61,9.1,0,29.9
E00023514,71.3,15.7,0,13
E00023515,65.8,6.1,0.9,27.2
E00023516,76.7,11.1,0,12.2
E00023517,69.6,10.5,3.7,16.2
E00023518,76,9.6,1.6,12.8
E00023519,66.4,9.3,2.1,22.1
E00023520,66.4,13.3,1.8,18.6
E00023521,70.2,9.1,1.7,19
E00023522,69.3,17.3,2,11.3
E00023523,67.5,6.5,0,26
E00023524,76.1,9,1.5,13.4
E00023525,72.8,9.7,0,17.5
E00023526,63.1,7.7,3.1,26.2
E00023527,67.2,7.8,1.1,23.9
E00023528,69.4,8.3,1.9,20.4
E00023529,70.4,10.4,0,19.1
E00023564,50.3,31.8,2.3,15.6
E00023565,56.3,25,1,17.7
E00023566,59.2,16.9,8,15.9
E00023567,71.2,12.2,1.3,15.4
E00023569,56,17,6.9,20.1
E00023570,67.6,9.2,2.2,21.1
E00023571,57.7,18.5,4.2,19.6
E00023572,42.2,17.5,5.8,34.4
E00023573,76.8,7.7,1.9,13.5
E00023574,57.8,18.6,2,21.6
E00023575,59,19.7,1.1,20.2
E00023576,52.8,16.7,3.7,26.9
E00023577,60.6,15.8,1.8,21.7
E00023578,57.3,15.7,2.2,24.9
E00023579,44.6,11.8,5.4,38.2
E00023580,50.6,16.2,6.5,26.6
E00023581,52.8,14.6,5,27.6
E00023617,42.4,10.5,1.3,45.8
E00023620,51.1,5.5,3.3,40.1
E00023622,68.9,15.5,2.9,12.6
E00023623,51.3,12.5,5,31.3
E00023624,79.6,9.7,0,10.8
E00023625,63.4,6.9,4,25.7
E00023627,56.7,13.3,1.1,28.9
E00023628,76.7,8.7,1.9,12.6
E00023629,66.4,17.6,3.2,12.8
E00023631,78.2,14.9,0,6.9
E00023632,79.6,7.5,2.2,10.8
E00023633,77.4,5.2,0.9,16.5
E00023634,76.2,12.9,1,9.9
E00023637,69.2,18.8,0.9,11.1
E00023639,80.6,5.6,0,13.9
E00023640,55.3,18.4,2.9,23.3
E00023641,69.8,9.4,0,20.8
E00023644,41.6,9,4.5,44.9
E00023646,74.2,10.8,2.2,12.9
E00023647,61.9,9.5,2.4,26.2
E00023648,57.9,15,5.6,21.5
E00023649,59,10.5,1,29.5
E00023650,65.9,6.1,0,28
E00023651,58.6,19.8,1.8,19.8
E00023652,48.9,28.9,0,22.2
E00023656,67.4,2.3,0,30.3
E00023754,40,24.7,3.3,32
E00023757,59.4,4.7,0,35.8
E00023760,48.8,29.8,2.5,19
E00023762,44.1,31.9,2.8,21.1
E00023811,78.2,10.9,0,10.9
E00023812,49.5,1,0,49.5
E00023813,68.8,16.1,0,15.1
E00023814,61.1,19.9,0,19
E00023815,60,16,4.8,19.2
E00023816,75.8,12.9,0,11.3
E00023817,71.2,14.4,3.4,11
E00023818,52.8,24.1,1,22.1
E00023819,74.2,10.9,1.6,13.3
E00023820,74.7,7.7,0,17.6
E00023821,72.3,10.6,0,17
E00023822,61.9,14.3,2.9,21
E00023823,70.5,4.9,0,24.6
E00023824,67.2,9,1.5,22.4
E00023825,66.2,9.5,0,24.3
E00023826,75.2,11.9,1,11.9
E00023827,77,11,0,12
E00023828,66.2,9.7,2.1,22.1
E00023829,80.8,6.8,1.4,11
E00023830,72.6,6.5,3.2,17.7
E00023831,57.8,12,1.2,28.9
E00023832,70.1,7.5,1.9,20.6
E00023833,61.7,13.3,0,25
E00023834,59,15.5,1.9,23.6
E00023835,71.1,6.7,0,22.2
E00023836,69.2,6.8,0.7,23.3
E00023837,71.8,10.6,2.4,15.3
E00023838,65.3,16.7,0.7,17.3
E00023839,66.7,11.4,1.5,20.5
E00023840,68.3,18.3,0,13.3
E00023841,62.5,10.8,3.3,23.3
E00023842,55.2,12.9,2.6,29.3
E00023843,85.2,5.6,0,9.3
E00023844,66.3,13.3,1.2,19.3
E00023845,64.6,8.2,0.6,26.6
E00023846,59.2,10.7,0.6,29.6
E00023847,75,15,5,5
E00023848,68.5,9,0.9,21.6
E00023880,67.7,15.2,2,15.2
E00023881,76.6,7.3,2.9,13.1
E00023883,65.5,21.8,4.5,8.2
E00023884,70.9,12.8,1.2,15.1
E00023885,70.8,10,4.2,15
E00023886,73.4,11.9,2.8,11.9
E00023887,64.8,7.6,0,27.6
E00023888,68.7,10.7,2.3,18.3
E00023889,59.7,14.5,4,21.8
E00023890,54.7,4.7,1.2,39.5
E00023891,68.9,17,1.9,12.3
E00023892,78.5,9.1,2.5,9.9
E00023893,62.6,19.6,1.2,16.6
E00023894,76.5,12.1,1.5,9.8
E00023895,68,6,3,23
E00023896,75,8.3,0.9,15.7
E00023899,57.7,21.8,3.8,16.7
E00023902,62.8,11.7,0,25.5
E00023903,54.9,15.5,2.8,26.8
E00023904,65.4,11.5,0,23.1
E00023907,58.8,14.5,3.1,23.7
E00023909,77.4,7.5,1.1,14
E00023910,69.5,9.4,1.6,19.5
E00023912,61.3,18.5,0.8,19.3
E00023916,48.9,13.3,0,37.8
E00023917,65.3,16.5,1.7,16.5
E00023919,71.8,13.6,1.8,12.7
E00023920,58.3,14.3,1.2,26.2
E00023921,64.1,10.9,0,25
E00023924,70.8,11.1,1.4,16.7
E00023925,74.2,6.5,2.2,17.2
E00024108,75.4,15.1,0,9.5
E00024112,77.5,6.3,1.3,15
E00024115,78.8,1,1,19.2
E00024116,74.2,12.9,0,12.9
E00024117,76,6,3,15
E00024121,70.9,11,1.6,16.5
E00024122,67.9,16,0,16
E00024123,64.8,9.5,1.9,23.8
E00024124,62,6.4,0.5,31
E00024125,67,11.7,2.1,19.1
E00024126,77.1,5.9,0.8,16.1
E00024128,73.4,7.7,0,18.9
E00024129,76.6,7.2,0.9,15.3
E00024134,68.2,12.1,0.6,19.1
E00024135,72.3,8,0,19.7
E00024136,69.2,7.6,1.5,21.7
E00024137,71,9.3,0.9,18.7
E00024138,79.3,5.2,0,15.6
E00024140,62.5,13.3,1.7,22.5
E00174650,62.1,5.2,1.7,31
E00174651,76.1,6,1.5,16.4
E00174652,68.6,10,0,21.4
E00174653,54.2,38.6,0,7.2
E00174654,53.7,21.6,2.2,22.4
E00174680,57.4,25.5,3.2,13.8
E00175187,56.2,13.8,0.5,29.6
E00175192,38.1,15.3,0,46.6
E00175193,67.3,8.8,0.6,23.3
E00175194,61.5,9.6,1.5,27.4
E00175196,67.7,6.5,0,25.8
E00175207,61.4,24.6,0,14
E00175210,41.1,9.8,0.9,48.2
E00175211,70.5,3.6,0.9,25
E00175215,54.2,6,2.4,37.3
E00175218,64.9,14.9,2.1,18.1
E00175219,81,7.9,0,11.1
E00175220,60.8,14,1.8,23.4
E00175221,52.2,37.8,4.4,5.6
E00175263,40.2,46,2.3,11.5
E00175265,53.7,25.7,2.9,17.6
E00175266,47.4,34.1,4.4,14.1
E00175268,38.6,29.5,3.8,28
E00175269,57.1,13.3,2,27.6
E00175270,47.2,27.4,3.8,21.7
E00175271,47.3,10.9,2.3,39.5
E00175272,40.7,40.7,3.5,15
E00175273,60.4,16.7,3.1,19.8
E00175274,35.5,45.2,4.3,15.1
E00190358,52.2,26.1,2.5,19.3
E00190383,77.1,11,0,11.9
E00190391,77,2.2,0.7,20
E00190392,76.6,6.3,0,17.2
E00190393,66.7,7.7,0,25.7
E00190397,57.5,16.9,3.8,21.9
E00190400,59.7,19.4,7.8,13.2
E00190423,64.1,11,3.4,21.4
E00190427,68.7,6,0,25.4
E00190435,32.7,59.2,0,8.2
E00190438,31.1,56.3,2.5,10.1
E00190450,55.6,7.7,0.7,35.9
E00190455,51.9,9.6,1.3,37.2
E00190465,58.4,5.1,0.6,36