geography_code,hh_family_composition_4a-001,hh_family_composition_4a-002,hh_family_composition_4a-003
E00068702,9.3,23.1,67.6
E00068707,8.8,37,54.1
E00068708,7.1,35.5,57.4
E00068709,3.8,31.8,64.3
E00068715,5.8,45.3,48.9
E00068716,8.3,29,62.7
E00068735,7.4,44.9,47.8
E00068737,5.2,37.1,57.8
E00068866,20.5,42.9,36.5
E00068867,15.9,68.2,15.9
E00068869,21.8,44.2,34
E00068870,13.7,54.7,31.6
E00068873,8.8,46.9,44.2
E00068874,19.7,28,52.3
E00068875,45.3,20.5,34.2
E00068876,35.2,25,39.8
E00068877,30,30.8,39.2
E00068878,30.3,28.6,41.2
E00068879,21.7,26.6,51.7
E00068880,19.7,31.6,48.7
E00068881,26.9,24.4,48.7
E00068882,20,32.9,47.1
E00068883,25.7,21.2,53.1
E00068884,12.4,57,30.6
E00068885,47.2,15.2,37.6
E00068886,22.8,20.5,56.7
E00068888,29.9,42.9,27.2
E00068889,20.5,44.4,35
E00068890,23.7,36,40.4
E00068891,8.7,47.6,43.7
E00068892,12.4,38.8,48.8
E00068893,18.5,47,34.4
E00068894,5.6,58.1,36.3
E00068895,27.7,34.2,38.1
E00068896,31.1,31.1,37.8
E00068897,42,19.3,38.7
E00068898,29.9,27.2,42.9
E00068899,18.2,16.2,65.7
E00068903,6.5,73.8,19.8
E00068904,15.6,48.4,35.9
E00068909,20.2,46.8,33.1
E00068910,4,83.6,12.4
E00068911,5.2,53.6,41.2
E00068917,24.2,18.3,57.5
E00068918,31,14,55
E00068919,30.5,10.7,58.8
E00068920,27.3,13.3,59.4
E00068923,24.8,14.6,60.6
E00068924,13.2,33.1,53.7
E00068925,3.9,46.9,49.2
E00068926,23.9,10.6,65.5
E00068927,18.4,20.6,61
E00068928,20.6,18.3,61.1
E00068936,20.4,15.6,64.1
E00068943,14.3,26.1,59.6
E00068945,33.1,14.4,52.5
E00068946,10.3,40.5,49.1
E00068947,21.6,14.4,64
E00068948,13.4,26.3,60.3
E00068952,11.3,17.7,70.9
E00068953,12.3,26.1,61.6
E00068954,23.9,9.7,66.4
E00068956,15.7,16.5,67.8
E00068957,13.3,18.1,68.6
E00068958,25.6,12.8,61.6
E00068959,9.8,22,68.3
E00068960,12.7,8.9,78.5
E00068962,9,47.2,43.8
E00068964,10.1,32.6,57.2
E00068965,22.9,17.7,59.4
E00068966,33.3,4.7,62
E00068967,9.3,26.2,64.5
E00068968,15.5,14.4,70.1
E00068969,12.5,19.3,68.2
E00068970,14.5,15.3,70.2
E00068971,22.5,8.8,68.8
E00068972,18.5,13.9,67.6
E00068973,10.5,24.1,65.4
E00068974,19.5,6.1,74.4
E00068975,8.7,39.9,51.4
E00068976,0,72.1,27.9
E00068977,27.6,6.9,65.5
E00068978,16.3,12,71.7
E00068979,26.1,12,62
E00068980,12.3,13.6,74.1
E00068981,13.5,20.6,65.9
E00068982,6.9,38.2,54.9
E00068983,3,32.3,64.7
E00068984,14.3,25,60.7
E00068985,13.7,19.1,67.2
E00068986,11.9,12.6,75.5
E00068987,6.7,42.2,51.1
E00068988,7.8,45.3,46.9
E00068989,20.3,21.1,58.6
E00068990,5.1,28.3,66.7
E00068991,12.2,21.1,66.7
E00068993,12.2,21.7,66.1
E00068994,18.6,15.3,66.1
E00068995,14.9,34.7,50.4
E00068996,6.7,35.8,57.5
E00068997,11.7,24.8,63.5
E00068998,8.1,21.8,70.2
E00068999,4.7,54.3,41.1
E00069001,11.4,28,60.6
E00069002,7.3,28.5,64.2
E00069003,10.2,18.8,71.1
E00069004,18.2,17.5,64.2
E00069005,20.7,11.2,68.1
E00069006,6.4,38.6,55
E00069007,11.8,10.9,77.3
E00069008,17.9,17.9,64.3
E00069009,16.9,17.8,65.3
E00069010,5.2,51.6,43.2
E00069011,16,15.4,68.6
E00069012,7.6,29.7,62.7
E00069013,9.5,18.4,72.2
E00069014,13.3,15,71.7
E00069015,15.6,17.4,67
E00069018,11.8,27.5,60.8
E00069021,11.4,25,63.6
E00069022,6.4,22.7,70.9
E00069030,6.7,13.4,79.9
E00069031,7.2,15.3,77.5
E00069040,7.5,35.3,57.1
E00069041,7,16.5,76.5
E00069042,12.1,25,62.9
E00069092,8.9,29,62.1
E00069093,7.5,26.7,65.8
E00069095,5.4,23.8,70.8
E00069096,13.2,33.1,53.7
E00069097,6.2,36.3,57.5
E00069098,15.5,25.6,58.9
E00069099,12.3,29.5,58.2
E00069100,11.4,34.9,53.7
E00069102,4.1,19.5,76.4
E00069103,6.8,22.2,70.9
E00069104,9.8,27.6,62.6
E00069105,9.8,20.3,69.9
E00069106,10.2,24.1,65.7
E00069107,6.3,19.7,74
E00069108,14.3,34.9,50.8
E00069109,11.9,15.3,72.9
E00069110,3.9,20.9,75.2
E00069111,12.2,22.6,65.2
E00069115,10.6,50,39.4
E00069116,21.7,28,50.3
E00069117,11.6,31.5,56.8
E00069118,18.5,38.3,43.1
E00069119,10.3,40.4,49.4
E00069120,8.9,43,48.1
E00069121,15.4,40.8,43.8
E00069122,16.4,29.3,54.3
E00069123,11.4,18.9,69.7
E00069157,8.1,21.6,70.3
E00069162,10.7,42.9,46.4
E00069163,7.9,18.8,73.3
E00069164,8.6,47.5,43.9
E00069165,5.9,34.3,59.8
E00069166,6.5,29,64.5
E00069167,22.9,31.8,45.3
E00069168,6.1,20.6,73.3
E00069169,10.9,16.8,72.3
E00069170,3.9,17.2,78.9
E00069171,11.8,22.8,65.4
E00069172,3.7,17.6,78.7
E00069173,7,18.3,74.6
E00069174,8.4,24.4,67.2
E00069175,10.5,15.4,74.1
E00069177,16.2,14.7,69.1
E00069178,3.9,59.4,36.7
E00069179,6.7,57,36.3
E00069180,8,25.4,66.7
E00069181,12.5,23.4,64.1
E00069182,14.7,27.5,57.8
E00069183,20.7,27.6,51.7
E00069184,3.2,67.4,29.5
E00069185,9.8,20.3,69.9
E00069186,6.5,31.9,61.6
E00069187,6.7,26,67.3
E00069188,7.4,30.3,62.3
E00069189,10.4,24,65.6
E00069190,9.9,22.3,67.8
E00069191,7.7,40.2,52.1
E00069192,2.6,31.4,66
E00069193,6.2,34.1,59.7
E00069194,4.8,54.4,40.8
E00069195,4.6,33.6,61.8
E00069196,3.9,15.5,80.6
E00069197,2.3,13.6,84.1
E00069198,3.5,26.6,69.9
E00069199,7.3,18.2,74.5
E00069200,9.4,24.2,66.4
E00069201,13.8,15.6,70.6
E00069202,9.8,15.2,75
E00069204,8.8,28.3,62.8
E00069205,13,21.7,65.2
E00069206,4.8,60,35.2
E00069207,7.6,52.3,40.2
E00069208,13.5,32.9,53.5
E00069209,4.1,51.5,44.4
E00069210,10.1,35.8,54.1
E00069211,7,47.6,45.5
E00069212,7.4,41.3,51.2
E00069213,9,30.3,60.7
E00069344,17.8,12.9,69.3
E00069345,11.1,15,73.9
E00069346,24.4,8.1,67.5
E00069347,17.9,14.9,67.2
E00069348,22.5,14.4,63.1
E00069349,11.7,16.8,71.5
E00069350,17,8,75
E00069351,33.3,10.8,55.9
E00069352,29.7,7.9,62.4
E00069353,23.3,11.3,65.4
E00069355,24.6,19.6,55.8
E00069356,28.2,11.1,60.7
E00069357,12.2,34.5,53.3
E00069358,23.9,12.7,63.4
E00069359,32.3,13.1,54.5
E00069361,18.6,12.7,68.6
E00069362,26,10,64
E00069363,14.3,31.1,54.7
E00069365,13.9,14.6,71.5
E00069367,22.6,16.7,60.7
E00069368,32.2,8.9,58.9
E00069369,6.1,38.2,55.7
E00069370,26.5,12.9,60.5
E00069371,12.6,30.6,56.8
E00069372,6.6,47.1,46.3
E00069373,18.5,3.3,78.3
E00069374,9.4,31.2,59.4
E00069375,25.9,9.8,64.3
E00069376,23.2,13.7,63.2
E00069377,23.1,13.9,63
E00069378,15,12.4,72.5
E00069379,11.2,15,73.8
E00069380,23.2,12.2,64.6
E00069381,20,6.1,73.9
E00069383,16.1,23.9,60
E00069384,15.3,38.7,45.9
E00069385,13.1,13.8,73.1
E00069386,14.8,27.2,58
E00069387,13.3,23.5,63.3
E00069388,29.9,6.2,63.9
E00069389,25.5,11.3,63.2
E00069390,14.4,18.6,66.9
E00069391,21.1,10,68.9
E00069394,7.1,40.2,52.7
E00069395,10.4,27.5,62.1
E00069397,8.6,28.9,62.4
E00069398,6.4,26.9,66.7
E00069399,30.1,16.3,53.7
E00069401,13.6,25,61.4
E00069402,16.4,13.6,70
E00069403,18.7,42.1,39.2
E00069404,19.6,25.9,54.4
E00069405,10.9,14.5,74.5
E00069407,15.7,41.4,42.9
E00069408,23.5,12.6,63.9
E00069409,7.5,59.9,32.6
E00069410,11.4,56.3,32.3
E00069411,21.1,29.6,49.3
E00069412,19.3,17.4,63.4
E00069413,8.3,16.5,75.2
E00069414,15.6,17.7,66.7
E00069415,13.5,17.3,69.2
E00069416,14.8,17.8,67.4
E00069417,20.3,7.6,72
E00069418,14.4,12,73.6
E00069419,13.7,11.8,74.5
E00069420,12.6,29.9,57.5
E00069421,24.8,8.8,66.4
E00069422,12.8,22,65.2
E00069423,16.8,9.5,73.7
E00069424,15.8,15,69.2
E00069425,25,12.5,62.5
E00069426,18.4,29.1,52.5
E00069427,14.8,19.4,65.7
E00069428,12.7,10.8,76.5
E00069429,31.5,7.2,61.3
E00069430,18.6,18.6,62.7
E00069431,22.7,33.3,43.9
E00069432,22,19.5,58.5
E00069433,22.2,12.6,65.2
E00069434,12.9,25.9,61.2
E00069435,18,14.4,67.6
E00069436,14.9,13.2,71.9
E00069437,18.2,9.1,72.7
E00069438,12.2,47,40.9
E00069439,14.5,15.7,69.8
E00069440,14.5,15.3,70.2
E00069441,15,17.3,67.7
E00069442,23.1,43.9,32.9
E00069443,18.8,14.5,66.7
E00069444,14,15.7,70.2
E00069445,21.6,25,53.4
E00069446,17.9,17,65.1
E00069447,26.1,28.7,45.2
E00069448,7.5,36.9,55.6
E00069449,4.7,19.6,75.7
E00069450,7.6,40.5,51.9
E00069451,14.3,15.2,70.5
E00069452,12.4,35.4,52.2
E00069456,2.9,47.1,50
E00069460,9.4,18.9,71.7
E00069462,7.9,20.8,71.3
E00069463,14.6,19.7,65.7
E00069465,10.7,13.9,75.4
E00069467,23.5,16,60.5
E00069468,14.3,13.2,72.5
E00069469,10.1,19.3,70.6
E00069470,9.6,20.5,69.9
E00069471,6.1,48.3,45.6
E00069472,1.6,65.3,33.1
E00069473,6,25.6,68.4
E00069474,14,11.6,74.4
E00069475,5.3,61.1,33.7
E00069476,22,15.3,62.7
E00069477,6.6,30.7,62.8
E00131788,7.3,19.5,73.2
E00131789,4.4,36.8,58.8
E00131792,9.3,28,62.6
E00131793,6.3,19.5,74.2
E00131794,4.1,32.2,63.6
E00131795,4.5,19.1,76.4
E00131796,8.7,28.7,62.6
E00131797,12.6,18.5,68.9
E00131799,17.2,13.8,69
E00131801,13.3,12.6,74.1
E00131802,4.2,19.5,76.3
E00131803,5.5,44.9,49.6
E00131804,5,25.8,69.2
E00131805,6.4,31.2,62.4
E00131806,8.3,44.4,47.2
E00131807,23.4,12.6,64
E00131808,31.7,7.9,60.3
E00131809,20.2,16.8,63
E00131810,9.2,13.4,77.3
E00131811,3.1,34.6,62.2
E00131812,11.1,25.6,63.2
E00131813,2.2,44.2,53.6
E00131814,3.1,32.3,64.6
E00131815,6.4,45.7,47.9
E00131816,4.8,49.8,45.5
E00131817,7.1,22.3,70.5
E00131818,3.8,77.1,19.1
E00131819,6.1,31.3,62.6
E00131820,7.6,33.6,58.8
E00131821,6.9,26,67.2
E00131822,5.9,33.1,61
E00131823,3.2,38.4,58.4
E00131824,6.7,39.2,54.2
E00131825,10.9,23.5,65.5
E00131826,8.2,33.6,58.2
E00131827,7.3,20.2,72.6
E00131828,16.5,11,72.5
E00131829,14.5,19.7,65.8
E00131830,4.8,20.2,75
E00131831,5.8,21.5,72.7
E00131832,4.7,18,77.3
E00131833,10.9,14.8,74.2
E00131834,8.7,16.5,74.8
E00131835,5,19.2,75.8
E00131836,11.1,24.1,64.8
E00131837,12.4,18.6,69
E00131838,4.1,12.2,83.7
E00131840,6.7,16.8,76.5
E00131841,8.8,27.7,63.5
E00131842,7.2,13.7,79.1
E00131843,8.1,24.4,67.5
E00131844,11.4,10.5,78.1
E00131845,11,28.8,60.2
E00131846,10.3,11.1,78.6
E00131848,0.9,31,68.1
E00131849,5.9,27.7,66.4
E00131866,3.4,37.3,59.3
E00131899,7.1,23.2,69.6
E00131900,9.8,25.6,64.7
E00131901,5.8,25.6,68.6
E00131903,10.5,28.1,61.4
E00131904,10,29.2,60.8
E00131905,3.3,25.4,71.3
E00131906,6.7,27.7,65.5
E00131907,5,23.5,71.4
E00131908,5,21.5,73.6
E00131909,2.7,31.8,65.5
E00131910,9.4,23.4,67.2
E00131911,4.9,36.1,59
E00131912,5,18.2,76.9
E00131940,8.3,23.6,68.1
E00131943,9.1,24.8,66.1
E00131944,4.5,20.5,75
E00131945,4.9,27.6,67.5
E00131953,10.5,22.9,66.7
E00131954,4.5,25,70.5
E00131955,6.2,22.5,71.3
E00131956,10.5,15.4,74.1
E00131957,1.7,26.3,72
E00131958,4.8,27.1,68.1
E00165826,3,22.2,74.7
E00165827,5.3,21.8,72.9
E00165828,8.4,30.8,60.7
E00165829,5.5,26.6,68
E00168083,2,57.9,40.1
E00168093,15.1,58.6,26.3
E00168094,19.8,44.4,35.8
E00168096,38.6,31.8,29.5
E00168097,22.4,18.4,59.2
E00168104,20.3,30.1,49.6
E00168105,23.4,10.6,66
E00168107,10.9,43.6,45.5
E00168108,20.2,18.3,61.5
E00168110,26.2,10.3,63.6
E00169037,26.8,7.3,65.9
E00169038,22.2,11.1,66.7
E00169040,16,14.5,69.5
E00169041,9,34.3,56.7
E00169043,45.6,35.6,18.9
E00169444,9.6,76.5,13.9
E00169446,13.9,40.3,45.8
E00169447,5.6,54.8,39.7
E00169449,18.3,17.4,64.3
E00169457,17.8,44.6,37.6
E00169461,7.1,46.5,46.5
E00169464,22.6,12,65.4
E00169477,26.4,9.9,63.7
E00169478,19.2,12.1,68.7
E00169485,20.7,13.8,65.5
E00169489,24.4,36.2,39.4
E00169492,25.8,19.4,54.8
E00169494,14.6,17.7,67.7
E00169495,19.4,24.7,55.9
E00169499,7.5,49,43.5
E00169500,11.5,48.7,39.7
E00169505,10.8,59.1,30.1
E00169506,14.3,11.7,74
E00169530,3.1,56.9,40
E00169533,8.5,46.6,44.8
E00169534,2.1,90.4,7.5
E00169536,11.5,37.5,51
E00169545,46.4,14.5,39.1
E00169550,31,18.3,50.7
E00169553,37.2,25.6,37.2
E00169564,20.2,49.5,30.3
E00174266,25.5,12.8,61.7
E00174267,26,19.5,54.5
E00178460,4.2,51.3,44.5
E00178461,14.4,21.6,64
E00178463,13.1,13.1,73.8
E00178464,12.2,48.3,39.5
E00178465,4.4,71.5,24.1
E00178466,47.4,23.1,29.5
E00178473,11.2,34.3,54.5
E00178477,44.4,9.3,46.3
E00178481,8.8,33.3,57.8
E00178485,11.9,2.4,85.7
E00178488,37,25.9,37
E00178494,11.5,54.2,34.4
E00178495,7.9,36.8,55.3
E00178498,9.9,72.3,17.7
E00178501,36.1,2.8,61.1
E00178502,12,15.2,72.8
E00178504,13.5,40.5,45.9
E00178505,15,58.8,26.3
E00178506,47.4,13.2,39.5
E00178509,15.5,12.1,72.4
E00178510,19.6,6.5,73.9
E00178511,9.9,24.2,65.9
E00178513,7.4,51,41.6
E00178528,9.2,54,36.8
E00178531,21.4,17.5,61.2
E00178533,46.8,5.1,48.1
E00178534,32.8,12,55.2
E00178537,37.2,21.8,41
E00178538,39.5,7,53.5
E00178545,10.5,45.3,44.2
E00178560,41.8,7.3,50.9
E00178563,18.9,14.7,66.3
E00178568,19.4,13.3,67.3
E00178569,4.3,66.5,29.3
E00178571,4.7,37.2,58.1
E00178572,3.1,43.8,53.1
E00178575,29.7,55.1,15.3
E00178579,5.6,40.6,53.8
E00178583,11.5,11.5,76.9
E00178586,9.4,19.5,71.1
E00178591,9.5,45.2,45.2
E00178600,35,5,60
E00178602,7.8,59,33.2
E00178604,26.6,20.2,53.2
E00178608,35.2,14.1,50.7
E00178626,9.1,26.4,64.5
E00178627,7.5,51.6,41
E00178635,32.8,35.9,31.3