areacd,has_ever_worked-001,has_ever_worked-002,has_ever_worked-003
E00112696,11.9,73.8,14.3
E00112697,15.1,66.3,18.6
E00112698,8,79.3,12.6
E00112699,15,71.7,13.3
E00112700,14.5,80.6,4.8
E00112701,11.4,78,10.6
E00112702,13.4,77.6,9
E00112703,11,70.3,18.7
E00112704,15.6,68.8,15.6
E00112705,4.1,83.4,12.4
E00112706,11.4,80.5,8.1
E00112707,17.2,69.7,13.1
E00112708,11.7,78.6,9.7
E00112709,5.2,85.2,9.6
E00112710,20.8,64.8,14.4
E00112711,11,64.6,24.4
E00112712,20.2,63.6,16.2
E00112714,7.4,84.6,8.1
E00112719,16,77.3,6.7
E00112721,6.1,84.8,9.1
E00112722,6.3,82,11.7
E00112723,11,77.3,11.7
E00112724,13.4,69.1,17.5
E00112725,12.8,69.1,18.1
E00112726,18.3,60.6,21.2
E00112728,8.4,76.6,15
E00112851,13.3,70.6,16.1
E00112852,14.2,73.8,12.1
E00112854,14.2,75.7,10.1
E00112855,13.2,67.9,18.9
E00112856,9.8,77.7,12.5
E00112887,18.1,72.3,9.6
E00112888,6.7,79.1,14.2
E00112889,9.4,67,23.6
E00112890,13.5,72.9,13.5
E00112891,9.6,83.5,7
E00112894,15.5,69.9,14.6
E00112895,5.7,81.6,12.8
E00112897,10.3,81.6,8
E00112898,6.1,77.6,16.3
E00112905,23.1,62.4,14.5
E00112906,7.4,84,8.5
E00112907,15.3,75.3,9.4
E00112908,24.5,65.3,10.2
E00112910,23.5,69.1,7.4
E00112911,23.6,54.2,22.2
E00112954,11,76,13
E00145138,5.7,81.9,12.4
E00145139,9.2,75.6,15.3
E00145140,15.6,75.2,9.2
E00145141,18.9,60.4,20.8
E00145142,15.6,68.8,15.6
E00145143,13.7,73.5,12.8
E00145144,12.6,79.6,7.8
E00145145,15,70,15
E00145146,8.6,77.1,14.3
E00145220,10.1,64.6,25.3
E00145221,19.4,72,8.6
E00145222,12.1,75.8,12.1
E00145223,12.1,64.8,23.1
E00145224,7.2,84.3,8.5
E00146496,9.3,82.2,8.4
E00146497,6.8,68.2,25
E00146498,8.9,78.6,12.5
E00146499,8.6,69.8,21.6
E00146500,4.5,82,13.5
E00146501,7,82.2,10.8
E00146502,10.6,66.7,22.8
E00146568,9.3,76.3,14.4
E00146569,16.5,61.2,22.3
E00146570,5.3,68.4,26.3
E00146571,17.7,63.5,18.8
E00146572,14.3,75.5,10.2
E00146573,16.9,62.7,20.3
E00146574,14.1,64.1,21.8
E00146575,10.8,70.8,18.5
E00146576,20,72,8
E00146577,10.9,81.2,7.9
E00146578,11.8,78.4,9.8
E00146579,17.2,71,11.8
E00146580,12.7,80.5,6.8
E00146581,4.5,87.5,8
E00146582,12.5,60.4,27.1
E00146583,6.5,80.4,13
E00146584,29.3,46.3,24.4
E00146585,8.5,76.4,15.1
E00146586,10.6,75.3,14.1
E00146587,17.8,63,19.2
E00146588,12.4,81.4,6.2
E00146589,16.3,66.3,17.4
E00146590,9.3,72,18.7
E00146591,12.7,68.6,18.6
E00146592,7.2,84.1,8.7
E00146593,11.7,73.9,14.4
E00146594,11.3,79.6,9.2
E00146595,17.6,70.3,12.2
E00146596,12.6,62.1,25.3
E00146598,7.9,70.8,21.3
E00146599,14.1,75,10.9
E00146600,12,68.5,19.6
E00146601,10.5,85.3,4.2
E00146602,12.6,73.9,13.4
E00146603,14.3,78.6,7.1
E00146605,7.8,79.1,13
E00146606,17.9,67.3,14.9
E00146607,12.2,76.7,11.1
E00146608,4.7,86.7,8.7
E00146609,4.5,79.8,15.7
E00146654,13.5,73,13.5
E00146661,10.8,75.7,13.5
E00146662,14,68.4,17.5
E00146663,13.9,68.5,17.6
E00146664,17.4,67.9,14.7
E00146665,13,67.6,19.4
E00146666,14.4,53.3,32.2
E00146667,10.5,68.4,21.1
E00146668,7,70.2,22.8
E00146669,13.7,50.9,35.4
E00146670,22.2,61.1,16.7
E00146671,12.5,68.8,18.8
E00146672,2.8,81.7,15.5
E00146673,11.8,71.1,17.1
E00146674,7.4,72.3,20.2
E00146675,7.6,69.2,23.3
E00146676,11.8,78.4,9.8
E00146677,9.1,78.8,12.1
E00146678,2.5,90,7.5
E00146679,8.2,77.6,14.3
E00146680,12.8,75.2,11.9
E00146681,12.3,76.3,11.4
E00146682,15,72,13.1
E00146683,10.2,73.5,16.3
E00146705,17.1,73,9.9
E00146706,8.2,74.6,17.2
E00146707,11.5,73.8,14.6
E00146708,14.3,76.5,9.2
E00146709,12.1,76.6,11.3
E00159008,12.2,70.7,17.1
E00159010,13.3,62.2,24.5
E00159012,9.5,78.1,12.4
E00159013,10.8,86,3.2
E00159014,25,55.4,19.6
E00159016,13.8,71.3,15
E00159105,1.3,86.1,12.7
E00159107,10.9,74.8,14.3
E00159109,9.8,82.1,8.1
E00159110,13,65,22
E00159111,8.2,85.9,5.9
E00159112,10.1,73.4,16.5
E00159113,19.7,66.7,13.7
E00168925,5.6,84.3,10.2
E00168926,13.9,75.4,10.7
E00168927,13.6,72.9,13.6
E00169069,7.8,51.7,40.5
E00169070,11.3,73.4,15.3
E00172277,10.6,75.2,14.2
E00185896,14.7,55.9,29.4
E00185923,5.5,75.2,19.3
E00186330,11.7,77.9,10.4
E00186336,25,58.8,16.2
E00186344,18.5,60.5,21
E00186374,21.1,68.8,10.2
E00186376,27.5,65,7.5
E00186420,10.1,75.8,14.1
E00186432,11.9,69.5,18.6
E00186438,7.7,84.6,7.7
E00186440,46.7,46.7,6.7
E00186463,18.8,66.1,15.2
E00186465,25.9,63,11.1
E00186498,10.1,78.7,11.2