areacd,passports_all_4a-001,passports_all_4a-002,passports_all_4a-003
E00029084,94,1.2,4.8
E00029085,72.7,5.1,22.2
E00029086,78.7,2.3,19
E00029087,71.2,5.5,23.4
E00029088,86.5,2.4,11.2
E00029089,89.1,1.6,9.3
E00029091,88.7,0.3,11
E00029092,80.6,3.6,15.7
E00029094,88.8,1.6,9.6
E00029095,85.5,2.2,12.3
E00029096,91.7,0.7,7.6
E00029097,91,1,8
E00029098,89.6,1.1,9.3
E00029099,82,5.9,12.1
E00029100,73.3,1.4,25.3
E00029101,85.8,1.1,13.1
E00029102,92.3,0,7.7
E00029103,88.4,1.3,10.3
E00029104,88.2,0.4,11.4
E00029105,90.7,2.6,6.7
E00029106,90.2,1.2,8.5
E00029107,88.5,1.6,9.9
E00029109,84,1.5,14.5
E00029110,65.6,1.3,33.1
E00029111,85.8,0.6,13.6
E00029112,75.3,2.2,22.5
E00029113,84.2,1.1,14.8
E00029115,63.8,2.5,33.8
E00029116,87.9,2.2,9.9
E00029118,91.4,1.1,7.5
E00029121,83.3,1.9,14.9
E00029124,81.9,4.7,13.4
E00029132,71.7,1.3,26.9
E00029539,93.2,3.3,3.6
E00029540,86.9,2.4,10.7
E00029541,83.2,4.4,12.4
E00029542,89.4,3.7,6.8
E00029544,89.9,1.1,9
E00029545,85.5,3.8,10.7
E00029546,89.2,2.4,8.4
E00029548,92.1,2.1,5.8
E00029555,85.2,2.3,12.5
E00029558,91.9,2.2,5.9
E00029561,83.7,1.9,14.4
E00029565,90.3,2.8,6.9
E00029571,90.4,0.3,9.3
E00029573,94.1,2.4,3.5
E00029575,87,6,7
E00029576,80.1,4.1,15.8
E00029577,89.1,2.2,8.6
E00029578,89.6,1.8,8.6
E00029580,92.4,1.7,5.9
E00029583,93.5,0.4,6.2
E00029585,92.7,0.9,6.4
E00029586,92.1,1.5,6.4
E00029588,92.7,1.4,5.9
E00029589,88.8,2.5,8.7
E00029769,88.6,2.4,9
E00029770,81.3,5.4,13.3
E00029771,91.9,1.6,6.5
E00029772,90.1,2.3,7.6
E00029773,85.5,5.6,8.9
E00029774,83,2.5,14.5
E00029775,88.6,1.8,9.6
E00029776,86.3,0.7,13
E00029777,84.1,2.9,13
E00029778,82.7,0.8,16.5
E00029779,86,2,12
E00029780,84.9,0.4,14.7
E00029781,88.6,3,8.3
E00029782,82.2,0.5,17.4
E00029783,81.6,3.2,15.3
E00029784,92.3,1.7,6
E00029785,90.7,1.5,7.9
E00029786,95.8,2.8,1.4
E00029787,87.5,1.1,11.4
E00029788,92.5,1.2,6.3
E00029789,89.9,1.4,8.7
E00029790,88.5,1.6,9.8
E00029791,97.2,0.6,2.2
E00029792,90.8,1.7,7.5
E00029793,94.8,1.5,3.7
E00029794,92.7,0.6,6.6
E00029795,94.1,0.7,5.2
E00029796,89.6,1.1,9.4
E00029797,92.9,1.1,6.1
E00029798,92.2,3.5,4.3
E00029799,90.6,0.7,8.8
E00029800,96.4,0.7,3
E00029801,85.5,4,10.5
E00029802,88.3,1.6,10.2
E00029803,92.3,1.4,6.3
E00029804,93.2,1.1,5.7
E00029805,75.3,8.6,16.1
E00029806,92.6,1.4,6.1
E00029861,81.1,1.2,17.6
E00029862,72.2,8.5,19.3
E00029863,87.2,3.3,9.5
E00029864,93.1,3.1,3.8
E00029866,79.9,1.7,18.4
E00029868,78.9,4.7,16.4
E00029869,78.8,7.1,14.1
E00029870,86.3,1.6,12.1
E00029871,91,2.7,6.3
E00029872,92.1,0.8,7.1
E00029873,91.4,1.4,7.2
E00029874,82.2,3.5,14.3
E00029875,82.9,3.3,13.8
E00029877,86,0.3,13.7
E00029878,93,0.8,6.2
E00029879,92.3,2.2,5.5
E00029880,72.5,5.4,22.1
E00029882,93.9,1.5,4.6
E00029883,90.3,1.2,8.5
E00029884,88.6,2.2,9.2
E00029885,93.4,0.7,5.9
E00029886,89.2,0.8,10
E00029887,77.1,1.6,21.3
E00029888,80.9,2.6,16.5
E00029889,78,1.9,20.1
E00029890,88.8,1.5,9.7
E00029891,87,0.6,12.4
E00029892,78.3,5.8,16
E00029893,66.1,3.3,30.7
E00029894,80.4,6.2,13.5
E00029895,79.7,1.7,18.6
E00029896,89,5.3,5.7
E00029897,83.5,1.4,15.1
E00029898,90.4,1.4,8.2
E00029899,87.3,0.7,12
E00029900,86.5,2.6,10.9
E00029901,85.2,0.9,13.8
E00029902,81.3,0.7,18
E00029903,76.1,0.6,23.3
E00029904,91.4,1.4,7.2
E00029905,89.7,1.5,8.8
E00029906,75.2,5.2,19.6
E00029907,82.2,2.4,15.4
E00029908,87.4,2.2,10.5
E00029909,93.8,0,6.2
E00029910,88.8,0,11.2
E00029911,88.3,2.4,9.3
E00029912,93.5,1.7,4.8
E00029913,93.8,1.4,4.7
E00029914,76.4,2.9,20.7
E00029915,88.1,5.5,6.5
E00029916,83.8,2.3,13.8
E00029917,79.8,4.5,15.6
E00029918,92.3,3.9,3.9
E00029919,90,1.4,8.6
E00029920,89.3,2.5,8.2
E00029921,93.6,0.9,5.5
E00029922,89.4,1,9.5
E00029923,89.3,2,8.6
E00029924,93.2,1.7,5.1
E00029925,90,2.6,7.4
E00029926,89.2,2,8.8
E00029927,90.6,1.4,8
E00029928,91.9,0.9,7.3
E00029929,86.5,1.9,11.6
E00029930,81.6,5.9,12.5
E00029931,89.4,0.9,9.8
E00029932,86.8,1.9,11.3
E00029933,81.9,1.6,16.5
E00029934,94,0.4,5.6
E00029935,87.6,0.4,12
E00029936,92.7,1,6.3
E00029937,89.1,2.8,8.1
E00029938,96.7,0.3,3
E00029939,92.7,1.9,5.3
E00029940,92.6,1.3,6.1
E00029941,89.3,1.7,9
E00029942,87.7,1.8,10.5
E00029943,82.2,1.9,15.9
E00029944,89.9,1.8,8.3
E00029945,89.6,0.7,9.7
E00029946,76.4,0.9,22.7
E00029947,89.2,2,8.8
E00029948,84.2,3.7,12.1
E00030613,93,0.3,6.6
E00030615,88.1,3.1,8.8
E00030620,83.8,0.4,15.8
E00030621,90.3,1,8.6
E00030622,88.8,0,11.2
E00030623,85.6,0,14.4
E00093783,91.4,1.4,7.2
E00093784,79.2,4.9,15.9
E00093785,89.8,4.5,5.7
E00093786,91.5,4.4,4.1
E00093787,87.5,1.9,10.6
E00093788,92.3,1.8,5.9
E00093789,80.3,3.3,16.4
E00093790,93.5,0.3,6.2
E00093791,89.6,1.7,8.7
E00093792,81,4.5,14.5
E00093793,88.5,2.4,9.1
E00093794,90.3,1.8,7.9
E00093795,82.1,3.3,14.7
E00093796,91.6,2.2,6.2
E00093797,83.9,1.9,14.2
E00093798,86.4,0,13.6
E00094164,93.3,1.7,5
E00094168,89,0.8,10.3
E00094169,83.3,2.6,14.1
E00094180,84.5,3,12.5
E00094181,94.4,0.3,5.3
E00094182,89,2.5,8.5
E00094183,87.8,1.7,10.5
E00094184,87.2,0,12.8
E00094185,88.9,2.7,8.4
E00094186,89.2,2.5,8.2
E00094207,94.5,0.6,5
E00099730,81.4,0.4,18.1
E00099733,89.8,3.6,6.6
E00099734,92.2,2.3,5.5
E00099735,79.1,3.3,17.6
E00099736,89.2,0.3,10.5
E00099738,78.9,1.1,20
E00099740,90.1,1.3,8.6
E00099741,87.6,0.6,11.9
E00099742,85.1,4.3,10.5
E00099846,75.7,1.2,23.1
E00099847,87.9,1.2,10.9
E00099848,91.2,0.3,8.4
E00099849,80.6,1.4,18
E00099850,90.7,1.9,7.4
E00099852,87.5,3,9.5
E00099853,80.9,2,17.1
E00099891,78.9,2,19
E00099892,73.4,5.7,20.9
E00099893,74.5,1,24.5
E00099894,70.5,4.6,24.9
E00099895,79.7,2.8,17.5
E00099896,86.2,0.7,13.1
E00099897,89.3,1.2,9.5
E00099898,86.3,1.3,12.4
E00099899,78.3,4.2,17.5
E00099900,70.4,3.1,26.5
E00099901,74.9,3.2,21.9
E00099902,70.1,1.6,28.3
E00099903,81.7,3.4,14.9
E00099904,82.2,1.6,16.2
E00099905,76.6,4.5,18.9
E00099906,81.5,6.6,12
E00099907,85.2,2.5,12.4
E00099908,89.2,0.3,10.5
E00099909,90.3,3.8,5.9
E00099910,78.2,2.7,19.2
E00099911,83.7,2.3,14
E00099912,89.3,2.6,8.1
E00099913,80.5,5,14.5
E00099914,81.3,3.9,14.8
E00099915,85.4,3.7,11
E00099916,87.5,3.8,8.7
E00099917,87.1,2.4,10.5
E00099918,82.8,2.3,14.9
E00099919,85.3,5,9.7
E00099944,88.1,2.6,9.3
E00099945,91.2,0.9,7.9
E00099947,91.4,1.4,7.2
E00099948,92.1,2.2,5.7
E00099949,84.7,1.7,13.6
E00099950,90.8,2,7.2
E00099951,83.2,3.4,13.5
E00099952,91.7,1.6,6.7
E00099953,85.6,1,13.4
E00099954,79.9,3.3,16.8
E00099955,84,3.7,12.3
E00099956,87.1,4,9
E00099957,83,0.9,16.1
E00099968,85.8,2,12.2
E00100000,90.7,0.6,8.7
E00100001,92.2,0.6,7.2
E00100009,82,3.4,14.6
E00100010,84.6,1.4,14
E00100011,84,2.2,13.8
E00100012,78.8,0.4,20.8
E00100013,88.5,2.2,9.3
E00100015,84.1,3.3,12.6
E00100016,81.4,1.9,16.7
E00100025,91.2,2.5,6.3