geography_code,workplace_travel_4a-001,workplace_travel_4a-002,workplace_travel_4a-003,workplace_travel_4a-004
E00078231,30.8,13.6,45.5,10.1
E00078232,43,12.2,32.6,12.2
E00078235,35.7,16.2,39.6,8.4
E00078236,33.3,13.8,41,11.8
E00078237,28.5,11.7,49.2,10.6
E00078238,45.1,15,26.6,13.3
E00078239,32.3,16.3,39.7,11.7
E00078243,35.6,12.6,43.9,8
E00078244,34.5,12.8,43.2,9.5
E00078245,38.8,12.1,34.5,14.6
E00078247,31.6,17.6,37.5,13.2
E00078248,32.7,19.1,26.4,21.8
E00078249,28.7,12.6,47.5,11.2
E00078256,50,10,17.3,22.7
E00078257,37.2,8.7,40.7,13.4
E00078258,63.5,18,12.7,5.8
E00078259,73.6,12.3,9,5.1
E00078260,53.9,13.5,18.5,14
E00078261,59.1,10.1,16.1,14.8
E00078263,54.5,10.9,20.2,14.4
E00078264,72,15.3,5.4,7.3
E00078265,70.8,16.4,4,8.8
E00078266,71.7,16.6,5.5,6.2
E00078269,67,14.3,10,8.7
E00078271,67.1,17.4,7.4,8.1
E00078272,69.2,14.9,7,8.8
E00078273,72.9,15.2,5.3,6.6
E00078274,74.6,14.8,8.2,2.5
E00078275,65.1,18.8,8.8,7.4
E00078276,55,9.4,23.8,11.9
E00078277,63,11,13.7,12.3
E00078278,57.8,9.6,18.1,14.5
E00078279,48.8,8.8,24.4,18
E00078280,50.5,14.5,15.4,19.6
E00078281,48,13.5,21.1,17.5
E00078282,56.5,10.7,16.4,16.4
E00078283,45.2,11.3,27.8,15.7
E00078284,51.8,11.8,20,16.5
E00078285,48.5,12.3,24.6,14.6
E00078286,49.8,14.8,19.3,16
E00078287,47.3,10.4,24.8,17.6
E00078288,40.6,8.1,40.6,10.6
E00078346,43.4,13.7,33.7,9.3
E00078347,38.9,7.3,44,9.8
E00078348,36.7,6.8,46.3,10.2
E00078349,27.6,8.6,48.5,15.3
E00078351,68,12.1,12.1,7.8
E00078352,59.4,16.4,17.4,6.8
E00078353,55.4,10.7,26,7.9
E00078354,47,10.9,32.4,9.7
E00078355,48.2,14.9,21.4,15.5
E00078356,50.4,10.1,29.1,10.5
E00078358,36.6,13,33.6,16.8
E00078359,57.8,6.4,22.5,13.3
E00078360,42.9,8.1,38.3,10.7
E00078361,58.5,12,19.7,9.8
E00078362,56.3,14.3,18.7,10.7
E00078363,53.5,16.6,16.1,13.8
E00078364,41.8,13.4,33.3,11.4
E00078365,46.9,5.7,34.6,12.7
E00078366,45.1,6.8,35.9,12.1
E00078367,55.3,10.2,23.8,10.7
E00078368,40.8,6.3,39.7,13.2
E00078369,40.5,10.3,35.7,13.5
E00078370,36.3,10,42.5,11.3
E00078371,34.7,7.4,45.3,12.6
E00078372,30.2,15.6,43.2,10.9
E00078373,34.7,10.5,41.6,13.2
E00078374,33,10.2,41.6,15.2
E00078375,33.5,9.3,36.6,20.5
E00078376,32.9,13.3,36.4,17.3
E00078377,44.6,13.6,25,16.8
E00078378,44.9,12.8,30.1,12.2
E00078379,42.9,5.5,39,12.6
E00078380,37.6,8.8,43.5,10
E00078381,41.1,8.5,35.7,14.7
E00078382,34.4,8.7,43.7,13.1
E00078383,50.6,9.2,24.7,15.5
E00078384,29.6,11.7,46.9,11.7
E00078385,40.6,13.8,28.1,17.5
E00078386,34.1,10.9,49.3,5.8
E00078387,43.7,11.4,25.7,19.2
E00078388,42.4,9.9,33,14.7
E00078389,31.8,15.4,43,9.8
E00078390,47.2,12.4,26.1,14.3
E00078391,38.2,14.7,30.4,16.8
E00078392,38.6,8.6,40.1,12.7
E00078393,52.7,12.4,20.2,14.7
E00078394,48.4,10.8,18.3,22.6
E00078395,43.4,16.6,29,11
E00078396,50.3,10.3,25.5,13.8
E00078397,42.2,6.9,35.3,15.5
E00078398,45.5,13.5,28.1,12.9
E00078399,51.3,12.7,20.7,15.3
E00078400,46.1,10.4,27.9,15.6
E00078401,61.2,11.8,9.4,17.6
E00078402,37.6,12.7,37.6,12.1
E00078403,39.9,13.3,33.5,13.3
E00078404,45.8,12.5,25,16.7
E00078405,48.1,11.5,24.4,16
E00078406,41.7,15.3,29.4,13.5
E00078407,59,5.8,21.6,13.7
E00078408,48.7,15.5,26.2,9.6
E00078409,36.3,12.5,41.9,9.4
E00078410,40.6,7.3,39.4,12.7
E00078411,53.6,9.5,15.5,21.4
E00078412,28.3,15,46,10.7
E00078413,49.7,7.8,27.5,15
E00078414,46,11.7,23.3,19
E00078415,57.5,10.2,13.8,18.6
E00078416,50.3,9.1,21.7,18.9
E00078417,49.5,10.1,25.8,14.6
E00078418,52.8,12.4,21.3,13.5
E00078419,64.7,12.5,13.6,9.2
E00078420,62.7,5.1,15.3,16.9
E00078421,63.4,9.9,12.2,14.5
E00078422,68.7,11.1,14.1,6.1
E00078423,57.5,16.8,12.6,13.1
E00078424,54.5,11.7,12.3,21.4
E00078425,44.1,12.6,22.8,20.5
E00078426,51.6,10.3,17.5,20.6
E00078427,56.8,9.7,10.2,23.3
E00078428,43.8,12.3,17.8,26
E00078429,61,10.2,8.5,20.3
E00078430,41.6,9.7,35.1,13.5
E00078431,51,12.2,17,19.7
E00078432,51.1,11.1,22.2,15.6
E00078433,57.7,6.6,13.1,22.6
E00078434,56.7,6.7,11.7,25
E00078435,55.2,11.9,19.6,13.3
E00078436,66.7,9.5,8.3,15.5
E00078437,54.9,14,16.7,14.4
E00078438,61.4,9.6,13.3,15.7
E00078439,46.8,15.1,20.6,17.4
E00078440,50.3,9.9,29.2,10.6
E00078441,63.9,9.3,12.9,13.9
E00078442,60.5,13.6,11.8,14
E00078443,58.7,10.2,16,15
E00078444,62.8,7.6,12.6,17
E00078445,39.7,10.3,38.2,11.8
E00078446,36.3,10.6,41.3,11.9
E00078447,51.7,9.3,24.6,14.4
E00078448,50.7,9.6,30.8,8.9
E00078449,29,15.5,45,10.5
E00078450,36.7,9,44.1,10.2
E00078451,43.8,16.4,25.3,14.4
E00078452,41.9,10.5,33.3,14.3
E00078453,43.5,7.5,33.5,15.5
E00078454,53.4,8.7,29.8,8.1
E00078455,46.7,8.7,34,10.7
E00078456,36.4,9.8,35.6,18.2
E00078457,49.2,5.1,20.3,25.4
E00078458,53.7,3.2,30.5,12.6
E00078459,56.9,3.7,22.9,16.5
E00078460,40.4,7.1,41.1,11.3
E00078461,48.3,9.3,23.7,18.6
E00078462,33.3,15.3,42.6,8.7
E00078463,37.5,14.2,42.6,5.7
E00078464,32.1,12.2,39.8,15.8
E00078465,32,13.6,38.5,16
E00078466,35.8,12.3,38.2,13.7
E00078467,37.8,11.7,38.8,11.7
E00078468,44.6,5.4,37.8,12.2
E00078469,41.6,9.2,34.1,15.1
E00078470,39,12.3,35.3,13.4
E00078471,33.8,12.4,41.3,12.4
E00078472,47.2,12.9,22.7,17.2
E00078473,38.8,11.2,39.4,10.6
E00078474,40.5,16,32.1,11.5
E00078475,37.1,6.3,38.5,18.2
E00078476,44.7,7.9,28.9,18.4
E00078477,48.3,10,24.2,17.5
E00078478,47.7,7.8,29.7,14.8
E00078508,40.1,10.9,29.2,19.8
E00078509,44.1,11.9,31.4,12.7
E00078510,43.6,6.9,34.6,14.9
E00078511,33.5,15.2,37.3,13.9
E00078512,61,11,13.6,14.3
E00078513,52.1,6.7,19.3,21.8
E00078514,46,10,20,24
E00078515,43.6,9.1,27.3,20
E00078516,43.3,12.4,31.5,12.9
E00078517,43.9,7.5,27.7,20.8
E00078518,53.6,12.2,15.5,18.8
E00078519,56,11.3,16.3,16.3
E00078520,56.3,9.4,16.7,17.7
E00078522,31.3,12.5,37.5,18.8
E00078524,50.3,13.1,17.2,19.3
E00078525,46.3,13.2,27.3,13.2
E00078526,41.7,3.5,28.7,26.1
E00078527,56.1,9.2,19.4,15.3
E00078528,42.7,6.4,30.4,20.5
E00078529,52.1,15.4,14.4,18.1
E00078530,52.9,14.7,16.2,16.2
E00078531,51.7,6.8,19.7,21.8
E00078532,48.6,6.8,19.9,24.7
E00078533,40.2,13,32.5,14.2
E00078534,41.2,13.2,31.3,14.3
E00078535,31.3,13.3,40.4,15.1
E00078536,45,10.7,29,15.4
E00078537,36.4,13.2,34.1,16.4
E00078538,43,9.1,33.9,13.9
E00078539,26,8.3,53.8,11.8
E00078541,38.3,3.9,43.5,14.3
E00078542,30,6.4,50.7,12.9
E00078545,35.3,7.2,50.4,7.2
E00078546,37.1,9.1,43.9,9.8
E00078547,23.9,8.6,58.9,8.6
E00078550,25.3,8,60.7,6
E00078551,22.8,7.3,52,17.9
E00078552,41.3,8,36.2,14.5
E00078553,29.9,7.3,50.8,11.9
E00078555,27.4,14.4,50,8.2
E00078557,31.4,9.9,47.1,11.5
E00078558,37.6,12.2,38.1,12.2
E00078559,35.8,7.9,46.7,9.7
E00078560,28.4,11.1,54.9,5.6
E00078561,28.7,9.3,46.7,15.3
E00078562,27.6,18.9,45.9,7.6
E00078563,41.7,6.8,36.9,14.6
E00078564,32.6,5.4,51.1,10.9
E00078565,49.5,12.4,27.6,10.5
E00078567,38.2,5.7,47.2,8.9
E00078568,53.5,4.2,29.6,12.7
E00078569,28,9.5,51.8,10.7
E00078601,56,12,13,19
E00078602,62.1,10.1,7.7,20.1
E00078603,50,13.4,21.6,14.9
E00078604,56.9,12.9,11.2,19
E00078605,62.9,9.5,13.3,14.3
E00078606,47.4,15.3,17.5,19.7
E00078607,33.8,19.5,23.6,23.1
E00078608,35.5,7.3,31.8,25.5
E00078609,44.7,16.5,21.4,17.5
E00078610,51.1,13,10.7,25.2
E00078611,55.8,9.3,17.8,17.1
E00078612,60.7,9.7,15.2,14.5
E00078613,58.6,11.7,10.2,19.5
E00078614,53.6,13.6,12.9,20
E00078615,55.4,9.4,16.5,18.7
E00078616,67.6,10.8,9,12.6
E00078617,61,11,11,17.1
E00078618,56.8,7.2,12.6,23.4
E00078619,59.1,9.1,7.3,24.5
E00078620,66.2,14.3,9.1,10.4
E00078621,55.6,4,15.9,24.6
E00078653,36.8,7.4,34.4,21.5
E00078663,45.8,9.3,27.1,17.8
E00078664,39.2,13.5,27.5,19.9
E00078665,45.3,9.9,25,19.8
E00078666,44.2,15.2,24,16.6
E00078667,46.2,7.7,28.8,17.3
E00078668,45.8,7.1,25.8,21.3
E00078669,44.9,11.4,30.4,13.3
E00078670,65.3,8.3,11.8,14.6
E00078671,43.9,11,30.3,14.8
E00078672,42.5,11.8,29.4,16.3
E00078673,54.9,13.4,12.7,19
E00078674,50,15.8,18.4,15.8
E00078675,59.4,14.2,12.3,14.2
E00078677,61.4,10.7,13.6,14.3
E00078678,42,9.5,33.3,15.2
E00078679,40.5,11.5,29,19.1
E00078680,42.9,13.1,28,16.1
E00078681,47.5,9.9,31.5,11.1
E00078682,43.2,10.4,26.4,20
E00078683,48,11.3,28.2,12.4
E00078684,38,10.7,29.3,22
E00078685,45.5,9.1,32.2,13.2
E00078686,57.5,11.6,17.1,13.7
E00078688,47.8,7.2,18.8,26.1
E00078690,40.7,11,29.1,19.2
E00078691,54.5,10.9,25.5,9.1
E00078692,45.1,9.8,27.9,17.2
E00078693,39,8.9,39.4,12.7
E00078694,43.2,10.6,31.7,14.6
E00078695,36.6,7.6,44.1,11.7
E00078696,39.9,14.8,35,10.4
E00078697,24.2,9.7,59.7,6.5
E00078698,48.6,7.9,25.7,17.9
E00078699,31.9,8.8,50,9.3
E00078700,33.5,12,39.2,15.2
E00078701,40.7,11.3,35.3,12.7
E00078702,36.4,16.8,34.7,12.1
E00078703,32.4,9.2,47,11.4
E00078704,37.1,10.6,37.7,14.6
E00078705,34.5,7,48,10.5
E00078706,35.3,14.4,39.6,10.8
E00078707,40.7,10.7,37.1,11.4
E00078708,36.4,13.6,36.4,13.6
E00078709,38.1,12.5,33,16.5
E00078710,42,11.9,36.1,10
E00078711,44.2,14.9,26.6,14.3
E00078712,43.2,9.7,31.4,15.7
E00078713,33.6,11.8,42.1,12.5
E00078714,40.2,12.2,31.7,15.9
E00078715,33.3,11.1,43.1,12.5
E00078716,43.1,11.6,37,8.3
E00078717,54.6,9.3,20.6,15.5
E00078718,38.5,10.1,37.4,14
E00078719,35,11.5,44.3,9.3
E00078720,36,9.7,39.8,14.5
E00078721,30,10.6,45,14.4
E00078722,33.1,9.4,50,7.5
E00078723,44.9,14.5,25.4,15.2
E00078724,50.5,19.3,22.4,7.8
E00078725,45.9,11.3,30.1,12.8
E00078726,45.8,9.7,27.1,17.4
E00078727,59.4,6.9,18.8,15
E00078728,55.7,4.9,14.8,24.6
E00078729,60,13,14,13
E00078730,38.9,12.5,25,23.6
E00078731,46.2,15.9,20.5,17.4
E00078732,54.2,6.3,12.5,27.1
E00078733,48.1,12,20.3,19.5
E00078734,48.1,7.8,27.3,16.9
E00078735,43.5,15.2,23.2,18.1
E00078736,42.8,12.3,34.2,10.7
E00078737,53.1,10.4,24.2,12.3
E00078738,43.7,12.6,35.2,8.5
E00078739,54.9,11,14.6,19.5
E00078741,44.6,6.6,29.8,19
E00078742,53.3,10.8,19.2,16.7
E00078743,49,11,26.5,13.5
E00078744,38.8,12.9,31.7,16.5
E00078745,47.5,10.8,34.2,7.6
E00078746,60.2,9.3,11.1,19.4
E00078747,57,9.5,19,14.6
E00078748,61.5,15.6,7.3,15.6
E00078749,59.6,6.7,11.5,22.1
E00078750,65.9,6.5,15.9,11.6
E00078752,64.2,12.7,11.6,11.6
E00078754,61.3,16.1,9,13.5
E00078755,39.8,8.8,33.1,18.2
E00078756,55,10.7,20.8,13.4
E00078757,59.6,12.8,9.6,18.1
E00078758,38.2,10.7,35.4,15.7
E00078760,67.5,4.8,14.5,13.3
E00078761,38.5,5.7,45.9,9.8
E00078762,36,5.8,45.3,12.8
E00078763,45.3,11,32,11.6
E00078764,41.4,7,38.2,13.4
E00078765,49.7,7.6,33.8,8.9
E00078766,39.5,13.2,30.3,17.1
E00078767,39.3,6.2,40,14.5
E00078770,65.3,11,5.9,17.8
E00078773,48.9,9.2,15.6,26.2
E00078774,54.4,9.5,23.1,13
E00078775,49.4,6.8,30.9,13
E00078776,54.5,9.1,19.9,16.5
E00078777,38.7,13.3,25.3,22.7
E00078778,34.7,14.7,33.5,17.1
E00078780,58.2,6.5,21.2,14.1
E00078782,51,11.1,22.2,15.7
E00078783,53.2,11.6,16.8,18.4
E00078784,45.4,9.2,31.9,13.4
E00078785,45.4,10.1,23.5,21
E00078786,48.4,9.2,28.8,13.7
E00078787,41.9,11.6,31.2,15.3
E00078788,47.6,8.4,28.9,15.1
E00078789,51.1,10.8,13.4,24.7
E00078790,58.5,9.6,11.1,20.7
E00078791,44.4,6.8,34,14.8
E00078792,42.9,8.7,33.5,14.9
E00078793,42.6,5.9,37.3,14.2
E00078794,36.6,4.9,34.1,24.4
E00078795,43.9,7.2,23.5,25.3
E00078796,51,9,26.9,13.1
E00078797,40.6,10.6,33.5,15.3
E00078798,55,11.4,22.9,10.7
E00078799,48.3,12.9,23.6,15.2
E00078800,51.8,13.1,18.5,16.7
E00078801,52.4,8.6,27.6,11.4
E00078802,47.2,12.8,21.7,18.3
E00078803,51.3,8.3,21.2,19.2
E00078804,50.3,12.6,25.2,11.9
E00078813,57.1,6,22.6,14.3
E00078814,38,20,26,16
E00078815,34.8,5.6,49.5,10.1
E00078816,38.1,12.7,33.3,15.9
E00078817,39.1,18.4,32.2,10.3
E00078818,40.6,10.9,34.8,13.8
E00078819,35.1,15.3,37.8,11.7
E00078820,43,14.8,25,17.2
E00078821,36.3,9.6,33.8,20.4
E00078823,34.9,14.9,40.6,9.7
E00078824,33.1,10.7,39.7,16.5
E00078825,40.8,8.5,40.8,9.9
E00078826,28.7,12,45.5,13.8
E00078828,31.3,14,42,12.7
E00078829,38.4,17.1,24,20.5
E00078830,35.6,14.1,32.5,17.8
E00078831,42.9,11.6,34.7,10.9
E00078832,43.2,5.7,28.4,22.7
E00078833,48,8.9,27.6,15.4
E00078834,29.5,14.3,44.8,11.4
E00078835,42.1,14,28,15.9
E00078836,41,12.3,36.9,9.8
E00162536,13.7,26.3,42.1,17.9
E00162540,20.5,23,43.4,13.1
E00162555,19.1,20.4,46.3,14.2
E00162556,14.2,16.9,58.8,10.1
E00162629,8.9,24.1,53.6,13.4
E00162630,17.4,21.3,46.5,14.8
E00162631,15.6,23,52.5,9
E00162632,24.6,19,45.3,11.2
E00162633,6.3,37.5,47.5,8.8
E00162634,13.6,30.9,44.5,10.9
E00162643,10.8,31.7,40.9,16.7
E00162645,8.3,40,45.8,5.8
E00162646,13.3,27,49.3,10.4
E00162663,6.3,28.6,41.3,23.8
E00162664,14.1,25.4,44.4,16.2
E00162665,10.3,23.9,50.4,15.4
E00162666,11.2,23.5,49.2,16.2
E00162667,20.5,10.7,54.5,14.3
E00162668,15.4,24.2,47.3,13.2
E00162669,9.6,26.6,51.1,12.8
E00162670,16.5,32.4,37.6,13.5
E00162672,10,19.5,54.5,15.9
E00162673,11.6,22.8,54,11.6
E00162674,21.6,30.9,34,13.4
E00162675,12.6,21.8,54.6,10.9
E00162676,9.9,20.2,54.1,15.9
E00162677,10.1,26.6,50,13.3
E00162678,10.5,26.6,42,21
E00162679,10.5,17.7,60.9,10.9
E00162680,12.1,43.1,25.9,19
E00162681,15.1,25.8,45.2,14
E00162682,6.3,22.5,54.1,17.1
E00162683,9.6,22.3,56.3,11.8
E00162684,11.5,23,52,13.5
E00162685,7.5,26.1,55.3,11.1
E00162686,37.5,27.4,17.3,17.9
E00162688,38.9,23.8,15.5,21.8
E00162689,24.7,25.3,30.9,19.1
E00162690,33,26.1,20.5,20.5
E00162691,35.6,28.5,22.5,13.4
E00162692,22.1,31.6,30.5,15.8
E00162693,34.3,34.3,14.8,16.7
E00162694,37.7,26,13.7,22.6
E00162695,33.1,26.6,18.7,21.6
E00162696,28.9,28.9,31.4,10.7
E00162697,28.7,22.6,37.4,11.3
E00162699,26.8,24,33,16.2
E00162701,22.4,31.8,25.2,20.6
E00162704,28.8,25.2,24.3,21.7
E00162705,32.4,31.4,20.8,15.5
E00162706,37,18.1,21.7,23.2
E00162708,25.2,27.2,37.4,10.2
E00162709,35,21.7,25,18.3
E00162710,24.5,22.5,35.3,17.6
E00162711,20.8,33.3,39.6,6.3
E00162712,32.9,30.3,18.7,18.1
E00162713,20.6,27.1,38.3,14
E00162714,24.1,29.3,31.6,15
E00162715,27.9,32.1,22.9,17.1
E00162716,30.6,25.9,27.2,16.3
E00162717,28.2,20.5,34.2,17.1
E00162718,27.2,28.8,29.3,14.7
E00162719,27.9,26.5,27.9,17.7
E00162721,26.8,30.7,22,20.5
E00162723,34.6,28.8,22.1,14.4
E00162724,18.6,23,43.5,14.9
E00162725,31,24,30.2,14.7
E00162726,23.9,25.4,33.6,17.2
E00162727,15.1,23.9,47.5,13.4
E00162728,23.1,26.9,37.1,12.9
E00162729,15.9,22.9,45.3,15.9
E00162730,25.7,27,35.1,12.2
E00162731,19.2,21.2,48.8,10.8
E00162734,16.1,16.9,54.2,12.7
E00162785,38,22.5,23.9,15.5
E00162786,21.6,19.8,46.1,12.6
E00162789,32,21.6,30.7,15.7
E00162790,41.7,19.4,22.3,16.6
E00162791,33.6,23.5,21.5,21.5
E00162792,36.6,23,25.5,14.9
E00162793,26.1,17.6,51,5.2
E00162794,22.4,21.1,40.8,15.8
E00162795,24.8,13.5,53.4,8.3
E00162796,28.7,23.5,35.7,12.2
E00162797,18.6,26.7,44.2,10.5
E00162798,27.6,18.9,45.7,7.9
E00162808,31.5,16.1,41.7,10.7
E00162809,29.6,29.6,24.4,16.3
E00162810,37.2,17.4,36,9.5
E00162813,25.9,22.2,42.4,9.5
E00162814,40,15.9,32.2,11.8
E00162815,33.3,22.2,29.2,15.3
E00162816,31.9,27.6,27,13.5
E00162817,32.5,23.2,35.5,8.9
E00162818,31.5,24.2,25.5,18.8
E00162819,31.3,23.9,36.4,8.5
E00162820,34,23.3,28.9,13.8
E00162822,30.3,20.7,36.6,12.4
E00162823,28.5,18.6,46.5,6.4
E00162824,24.9,25.4,36,13.7
E00162884,27.3,29.5,26.8,16.4
E00162886,6.2,26.5,55.8,11.5
E00162887,18.6,26.3,35.9,19.2
E00162888,6.5,28.3,45.7,19.6
E00162889,8.3,28.9,48.8,14
E00162890,14.3,23.5,45.9,16.3
E00162891,17.9,29,37.2,15.9
E00162894,16.6,19.4,58.3,5.7
E00162895,16.7,21.1,53.7,8.5
E00162896,14.5,26.7,45.9,12.8
E00162897,12.5,21.7,48,17.8
E00162910,22.7,18.2,45.5,13.6
E00162913,7.6,30.3,53,9.1
E00162915,23.1,42.5,21.6,12.7
E00162916,8,31.2,46.4,14.4
E00162917,13.7,39.5,25,21.8
E00162918,15.3,35.9,39.7,9.1
E00162919,33.7,43.5,15.2,7.6
E00162920,18.5,37.1,34.7,9.7
E00162921,10.1,26.1,43.7,20.2
E00162922,22.3,40.5,26.5,10.7
E00162923,27,37.5,28.9,6.6
E00162924,17.5,34.4,33.8,14.4
E00162926,32.3,48.1,13.3,6.3
E00162927,4.3,30.4,60.9,4.3
E00162928,8.4,24.4,54.6,12.6
E00162930,24.8,22.4,44.1,8.7
E00162931,20.3,22.4,41.3,16.1
E00162933,29.3,23.2,35.4,12.2
E00162934,24.5,22.3,34,19.1
E00162935,28,17.7,42.7,11.6
E00162936,18.2,21.4,55.3,5
E00162938,25.6,27.6,37.2,9.5
E00162940,22.8,21.8,41.7,13.6
E00162941,25.5,17.2,47.7,9.6
E00162943,18.6,21,44.3,16.2
E00162944,33.2,20.5,28.2,18.2
E00162966,22.9,23.7,43.5,9.9
E00162967,28.4,22,39,10.6
E00162968,32.8,19.5,30.3,17.4
E00162970,30.6,18.1,35.8,15.5
E00162971,24,23.4,38.3,14.4
E00162972,21.1,20.3,43.6,15
E00162973,11.2,27.8,48,13
E00162974,29.3,17.3,42.9,10.5
E00162975,34.6,25.5,19.6,20.3
E00162976,27.9,29.7,24.3,18
E00162977,31.7,15,25.6,27.8
E00162978,25,19.5,40.5,15
E00162986,16.7,19.2,47.4,16.7
E00162988,14.8,22.2,46.9,16
E00162990,11.8,19.5,49.7,18.9
E00162999,20.5,21.3,42.6,15.6
E00163000,9,22.2,54.5,14.4
E00163001,22,14.4,57.6,6.1
E00163002,25.6,10.2,48.3,15.9
E00163003,30.1,16.8,39.8,13.3
E00163004,17.6,21.6,42.6,18.2
E00163005,27,15.2,50.6,7.3
E00163006,22.5,22.2,40.4,14.9
E00163007,31.5,23.8,28,16.7
E00163008,28,25.2,31.5,15.4
E00163009,32,26.5,26.5,14.9
E00163011,25.4,25.4,38.5,10.6
E00163012,31.9,25,23.6,19.4
E00163013,21.5,33.1,34.6,10.8
E00163014,30.1,27.8,27.1,15
E00163015,34.9,25.5,24.5,15.1
E00163016,25.7,27,33.1,14.2
E00163017,40,23.2,19.2,17.6
E00163018,34.3,32.8,17.5,15.3
E00163019,30.4,22.6,26.8,20.2
E00163020,34.9,22.9,23.9,18.3
E00163021,25,33.6,31,10.3
E00163022,26.9,26.3,32.7,14.1
E00163023,16.2,30.8,36.9,16.2
E00163024,18.8,26.9,42.5,11.9
E00163025,23.8,16.9,50,9.4
E00163026,27.7,17.5,43.1,11.7
E00163027,22.2,27.1,35.7,15
E00163028,15.4,26.5,45.3,12.8
E00163029,25.5,28.2,34.2,12.1
E00163030,13.9,22.6,51.3,12.2
E00163031,22.5,26.6,33.1,17.8
E00163033,18,26.6,38.3,17.2
E00163034,22.2,28.6,36.5,12.7
E00163035,32.3,14,38.7,15.1
E00163036,17.6,31.1,47.3,4.1
E00163038,19.7,25.5,43.1,11.7
E00163040,22.2,27.4,41.7,8.7
E00163041,28,26.5,28.8,16.7
E00163042,24.9,22.3,44.6,8.2
E00163043,24.5,21.9,39.4,14.2
E00163044,29.5,26.3,35.3,9
E00166344,31.5,27.6,18.2,22.7
E00166345,28.9,30.6,30,10.6
E00166346,31.1,30.5,26.8,11.6
E00166347,27.7,29.1,24.8,18.4
E00166355,27.9,27.4,33.8,10.9
E00166356,28.1,23.8,37.5,10.6
E00166358,12.8,20.5,54.5,12.2
E00166361,27,17.7,44,11.3
E00166366,35.3,28.6,19.3,16.8
E00166367,14.9,23.8,49.7,11.6
E00166368,24.5,22.7,40.5,12.3
E00166369,24.2,20.6,37,18.2
E00166370,22.7,29.1,34,14.2
E00166434,27.3,35.1,22.1,15.6
E00166436,24.5,23.4,45.7,6.4
E00166437,18.8,34.2,35.9,11.1
E00166439,17.7,60.2,15,7.1
E00166440,35.7,37.8,20.4,6.1
E00166452,33.5,16.5,39.4,10.6
E00166453,21.5,21.8,49.8,6.8
E00166457,15.9,42,29,13
E00166468,40.5,14.9,35.1,9.5
E00166469,36.6,11.1,43.8,8.5
E00166470,35.1,22.3,26.6,16
E00166471,37.1,11.3,42.3,9.3
E00166472,41.3,15.7,28.1,14.9
E00166473,45.2,20.2,22.6,11.9
E00166474,29.1,15.7,45.7,9.4
E00166475,36.7,16,34,13.3
E00166476,38.5,9.6,39.7,12.2
E00166478,36.4,12.6,38.5,12.6
E00166479,41.5,16.4,30.8,11.3
E00166480,30.8,14,41.9,13.4
E00166481,37.3,12.4,34.8,15.5
E00166482,53,13.8,27.1,6.1
E00166483,38,11.7,41.7,8.6
E00166485,45.3,12.2,34.3,8.2
E00166487,35.2,13.2,47.2,4.4
E00166488,34.6,7.9,49.5,7.9
E00166489,75.9,14.1,4,6
E00166490,22.6,10.1,63.6,3.7
E00166491,44.3,9.2,36.6,9.9
E00166492,50.5,8.4,30.7,10.4
E00166494,42.9,12.9,30.9,13.4
E00166495,32.9,6.7,52.4,7.9
E00166496,57.1,10.7,15.8,16.4
E00166497,50,10.2,24.2,15.6
E00166498,38.5,17.6,32.6,11.2
E00166499,46.3,13.4,22.6,17.7
E00166500,45.9,11.6,27.4,15.1
E00166501,33.8,15.5,33.8,16.9
E00166502,49.3,11.8,29.2,9.7
E00166511,29.9,16.4,44.1,9.6
E00166512,31.7,24.8,28.3,15.2
E00166513,62.8,13.3,8,15.9
E00166514,39.6,7.6,32.6,20.1
E00166515,36.4,7,49.6,7
E00166517,35.7,13.3,44.8,6.3
E00166518,35.6,14.4,37.6,12.4
E00166520,37.2,15.4,36.8,10.7
E00166521,41.2,16.9,29.1,12.8
E00166522,42.4,10.2,27.1,20.3
E00166523,37.3,17.3,28.2,17.3
E00166524,38.6,20.5,25.3,15.7
E00166525,35.7,12.7,38.1,13.5
E00166526,42.6,12.4,33.3,11.6
E00166527,43.3,19.1,23.4,14.2
E00166528,39.5,10.5,43,7
E00166529,53.4,13.7,21.9,11
E00166530,41.9,13.8,33.8,10.6
E00166531,42.6,19.4,28.2,9.7
E00166532,36.5,10.4,37.5,15.6
E00166533,34.8,14.9,37.6,12.8
E00166534,34.2,14.4,34.2,17.1
E00166535,38.1,18.6,28.8,14.4
E00166537,42.5,13.2,32.2,12.1
E00166538,33.6,14.1,39.8,12.5
E00166539,40.6,13,32.3,14.1
E00166540,38.6,15.2,32.6,13.6
E00166541,43,15.6,34.1,7.3
E00166542,38.6,10.3,39.1,12
E00166543,29.7,26.8,31.9,11.6
E00166544,36,13.3,34.7,16
E00166545,30.8,11.5,43.3,14.4
E00166546,31.5,15.7,43.3,9.4
E00166547,38.3,12.3,30.9,18.5
E00166548,32.7,8.2,47.8,11.3
E00166549,32.9,17.4,38.2,11.6
E00166550,38.2,11.8,35.3,14.7
E00166551,36.1,10.5,38.8,14.6
E00166552,33.3,8.7,45.7,12.3
E00166553,40.4,15.1,33.7,10.8
E00166554,30.6,16.7,47.2,5.6
E00166555,31.6,13.7,43.2,11.6
E00166556,30.2,12.2,48.8,8.7
E00166557,39.7,10.7,30.5,19.1
E00166558,36.6,13.4,34.1,15.9
E00166559,43.5,16.5,29.4,10.6
E00166560,35,13.6,39.8,11.7
E00166561,27.9,14.4,42.3,15.4
E00166562,39.6,13.6,35.7,11
E00166563,39.5,16.5,34,10
E00166564,36.5,13,42.6,7.8
E00166565,36.4,14,41.9,7.8
E00166566,41.9,10.5,36,11.6
E00166568,42.9,12.6,40.3,4.2
E00166569,43.2,12.5,38.6,5.7
E00166570,40.7,13.4,34.9,11
E00166571,42.3,12.1,28.6,17
E00166572,45,11.4,26.7,16.8
E00166573,45.8,15.9,27.9,10.4
E00166574,34.5,9.8,47.1,8.6
E00166575,43.2,9.7,35.5,11.6
E00166576,45.3,10.9,37.5,6.3
E00166577,37.5,11.1,38.2,13.2
E00166578,37.5,19.4,36.1,6.9
E00166579,44.9,10.3,35.9,9
E00166580,35.6,13.5,37.5,13.5
E00166581,33.1,12.8,41.4,12.8
E00166582,33.3,24.2,30.3,12.1
E00166583,34.3,17.2,36.4,12.1
E00166584,39.8,15.7,21.7,22.9
E00166585,27.1,11.6,41.9,19.4
E00166586,43.5,11.3,30.4,14.8
E00166587,35.1,14.9,45.6,4.4
E00166588,44.6,9.2,36.9,9.2
E00166589,29.1,16.6,45.7,8.6
E00166590,30.4,12.6,49.6,7.4
E00166592,38.7,10.8,41.9,8.6
E00177243,37.5,15.8,44.2,2.5
E00177244,39.5,6.6,36.8,17.1
E00177248,41.7,17.4,30,10.9
E00177249,29.6,13.4,43.6,13.4
E00177250,55.6,11.6,26.5,6.3
E00177251,38.7,10.6,43,7.7
E00177253,43,9.3,33.7,14
E00177254,42.6,11.7,38.3,7.4
E00177257,43,13.8,32.9,10.4
E00177258,51.1,14.6,20.2,14
E00177259,30.3,9.2,46.8,13.8
E00177260,34.6,21,37,7.4
E00177263,38.8,11.8,38.2,11.2
E00177268,38.7,14.5,35.5,11.3
E00177271,27.9,19.7,41.5,10.9
E00177273,34.5,4.5,56.4,4.5
E00177274,33.6,17.1,35.5,13.8
E00177275,43.9,8.8,37.8,9.5
E00177277,30.4,20.9,39.2,9.5
E00177278,47.9,12.8,29.8,9.6
E00177280,28,16.9,46.7,8.4
E00177281,49.6,8.5,35,6.8
E00177283,34.8,14.5,43.5,7.2
E00177285,37.7,15.1,32.1,15.1
E00177286,34.7,10,42,13.3
E00177288,26,8.9,61.7,3.4
E00177291,27.4,16.3,47.6,8.8
E00177292,41.7,12,32.7,13.7
E00177295,31.8,16.5,42.6,9.1
E00177296,29.1,15.4,47.1,8.4
E00177297,48,10.2,28.2,13.6
E00177298,37.3,15,27.5,20.2
E00177299,29,23.7,34.4,12.9
E00177303,29.1,15,38.3,17.5
E00177311,36.8,9.5,48.1,5.6
E00177313,39.4,16.2,35.4,9.1
E00177316,28.3,13.9,48.4,9.4
E00177319,41.6,11.9,34.6,11.9
E00177324,32.9,13.6,42.4,11.1
E00177328,79.1,13.1,4.9,2.9
E00177331,41.7,13.1,31.4,13.7
E00177332,37.1,9.4,43.7,9.9
E00177333,35.2,16.7,32.7,15.4
E00177336,36.6,9.8,32.9,20.7
E00177338,21.4,16.6,54.6,7.4
E00177341,58.2,9.8,14.7,17.4
E00177344,39.6,7.1,40.8,12.4
E00177345,45.6,9.7,29.1,15.5
E00177346,45.6,14.7,27.9,11.8
E00177349,19.4,15.3,58.3,6.9
E00177351,46.3,11.6,31.4,10.7
E00177359,28.5,8.6,49,13.9
E00177362,66.7,13.8,15.4,4.1
E00177365,25.4,19.9,45.7,9
E00177366,31.6,14.1,48.3,5.9
E00177368,25,16.3,46.6,12.1
E00177370,32.6,18.4,37.2,11.7
E00184163,18.8,25,45.3,10.9
E00184166,12.9,25,46.2,15.9
E00184168,26.7,26.4,32.3,14.6
E00184171,34.3,14.2,34.6,16.9
E00184173,28.6,18.4,44.2,8.8
E00184178,28.2,31.4,28.5,11.9
E00184192,1,15.4,70.2,13.3
E00184193,14.9,44.8,28.4,11.9
E00184195,21.1,38.2,26.3,14.5
E00184198,16.5,23.7,45,14.9
E00184199,20.4,23,39.4,17.3
E00184200,28.4,31.1,19.6,20.9
E00184201,25,32.5,34.2,8.3
E00184209,18.1,27.8,31.9,22.2
E00184212,22.8,24.6,34.8,17.9
E00184223,7.6,34.8,47,10.6
E00184224,22,31.4,37.2,9.4
E00184225,27.5,33.9,23.9,14.7
E00184226,32.7,18.8,40.6,7.9
E00184228,14.7,25.9,48.3,11.2
E00184229,21.1,24.2,41.6,13
E00184237,22.3,27.4,36.7,13.5
E00184240,29,19.2,38,13.8
E00184241,19.7,32.5,31.6,16.2
E00184248,18.7,25.6,43.1,12.6
E00184250,16.1,37.5,33,13.4
E00184254,25.1,22.3,35.2,17.3
E00184257,14.1,40.4,37.4,8.1
E00184262,25.5,23.6,34.9,16
E00184273,41.6,38.1,14.2,6.2
E00184278,13.3,26.7,46.7,13.3
E00184281,27.4,25.2,33,14.4
E00184287,32.2,18.2,36.9,12.6
E00184294,22.6,19.4,47.7,10.4
E00184297,26.6,37.7,26,9.7
E00184307,22,30.2,35.2,12.6
E00184312,21.3,23.9,41,13.8
E00184314,21.7,20.3,44.2,13.8
E00184318,33.5,19.2,39.9,7.4
E00184329,13.4,18.8,53.6,14.3