geography_code,hh_size_5a-001,hh_size_5a-002,hh_size_5a-003,hh_size_5a-004
E00063413,54,18.3,15.9,11.9
E00063416,62.4,18.8,5.1,13.7
E00063716,42.1,33.1,14.9,9.9
E00063717,21.1,29.6,17.8,31.6
E00063718,16.4,22.4,17.9,43.3
E00063719,21.9,26.2,23.5,28.3
E00063720,25.9,21.7,20.3,32.2
E00126160,18.2,23.5,10.6,47.7
E00126161,32.8,20.5,15.4,31.3
E00126162,40.6,28.7,9.9,20.8
E00126163,41.4,18,12.6,27.9
E00126164,38.2,35.3,17.6,8.8
E00126165,45.2,29.8,16.1,8.9
E00126166,32.8,33.6,20.3,13.3
E00126167,66.9,14.8,10.6,7.7
E00126168,25.8,25,14.1,35.2
E00126169,20.5,12.6,21.2,45.7
E00126170,41.4,13.8,11.7,33.1
E00126171,29.1,20.9,14.5,35.5
E00126172,29.2,26.4,13.9,30.6
E00126173,93,7,0,0
E00126174,31.5,18,13.5,36.9
E00126175,18.8,40.3,19.4,21.5
E00126176,63.8,23.3,8.6,4.3
E00126177,43.5,29,12.9,14.5
E00126178,33.3,27.5,9.4,29.7
E00126179,55.4,33.1,4.1,7.4
E00126180,65.6,24.4,7.6,2.3
E00126181,38.7,38.7,12.6,9.9
E00126182,28.8,44.6,16.5,10.1
E00126183,34.1,42.4,17.4,6.1
E00126184,19.9,48.2,14.9,17
E00126185,20.5,44.3,19.7,15.6
E00126186,13.8,34.5,30.2,21.6
E00126187,19.1,40.8,19.1,21.1
E00126188,36.6,35.8,15.7,11.9
E00126189,22.2,39.2,16.5,22.2
E00126190,20.2,42.1,21.1,16.7
E00126191,20.8,47.9,18.8,12.5
E00126192,29.5,36.3,21.9,12.3
E00126193,40.2,35.9,14.5,9.4
E00126194,34.1,32.6,17.4,15.9
E00126195,37,34.8,13.8,14.5
E00126196,40.8,31.2,16.8,11.2
E00126197,31.3,40.3,16.4,11.9
E00126198,27.3,28.7,22.7,21.3
E00126199,16.2,50,20.1,13.6
E00126200,18.7,35.8,24.4,21.1
E00126201,48.4,30.6,12.9,8.1
E00126202,28.7,33.6,13.1,24.6
E00126203,36.2,35.5,19.1,9.2
E00126204,23,30.3,19.7,27
E00126205,23.9,29.7,17.4,29
E00126206,59.8,15.4,14.5,10.3
E00126207,84.3,14.8,0.9,0
E00126208,46.7,27.7,13.9,11.7
E00126209,26.2,41.1,18.7,14
E00126210,36.7,38.5,13.8,11
E00126211,31.4,28.8,20.3,19.5
E00126212,26.9,32.8,23.1,17.2
E00126213,34.5,37.1,18.1,10.3
E00126214,30.4,32.6,27.2,9.8
E00126215,28.3,40.9,15.7,15
E00126216,38.1,36.5,12.7,12.7
E00126217,54.3,30.7,7.9,7.1
E00126218,44.7,27.9,13,14.4
E00126219,34.7,33.1,17.7,14.5
E00126220,47.6,29.8,11.3,11.3
E00126221,72.2,16.7,6.9,4.2
E00126222,25,44.4,14.6,16
E00126223,34.3,47,10.4,8.2
E00126224,23.6,50.4,8.9,17.1
E00126225,14.7,49.3,19.9,16.2
E00126226,21.8,47.4,9.8,21.1
E00126227,30.9,41.9,13.2,14
E00126228,35.2,41,11.5,12.3
E00126229,29.9,62.9,5.2,2.1
E00126230,39.6,31.7,15.8,12.9
E00126231,26.4,40.3,19.4,14
E00126232,15.2,51.9,15.2,17.7
E00126233,22.5,39.2,25.5,12.7
E00126234,23.7,39.6,12.9,23.7
E00126235,29.9,42.5,13.4,14.2
E00126236,32.7,39.1,11.8,16.4
E00126237,28,42.7,16.1,13.3
E00126238,22,48.9,13.5,15.6
E00126239,40.6,38.7,10.4,10.4
E00126240,32.6,39.1,13,15.2
E00126241,28.5,31.4,20.4,19.7
E00126242,28.9,29.4,18.4,23.4
E00126243,35.3,33.6,17.6,13.4
E00126244,44.4,29.4,13.5,12.7
E00126245,25.8,35.6,24.2,14.4
E00126246,51.5,23.8,11.5,13.1
E00126247,26,29.9,21.3,22.8
E00126248,30.1,38.1,21.2,10.6
E00126249,33.9,35.6,16.9,13.6
E00126250,33.6,41.4,7.8,17.2
E00126251,30.2,34.9,20.6,14.3
E00126252,35.2,29.6,18.3,16.9
E00126253,36.4,40.9,12.5,10.2
E00126254,24.2,39.2,15.8,20.8
E00126255,27.1,42.1,16.8,14
E00126256,23.7,38.1,19.5,18.6
E00126257,21.4,42.1,15.7,20.7
E00126258,22.1,44.3,18.9,14.8
E00126260,44.1,13.6,8.5,33.9
E00126262,50,5.6,7,37.3
E00126265,25.4,9.8,9,55.7
E00126266,27.7,15.8,16.8,39.6
E00126267,29.1,23.6,11,36.2
E00126268,23.1,20.6,10.6,45.6
E00126269,18.5,13.9,8.6,58.9
E00126270,19.8,18.6,7,54.7
E00126271,22.6,13,11.3,53
E00126272,18.9,14.2,10.2,56.7
E00126274,55.2,28.4,11.9,4.5
E00126275,15.2,44,16,24.8
E00126276,28.7,37.9,16.1,17.2
E00126277,19.3,37.9,22.9,20
E00126278,43.4,30.2,11.3,15.1
E00126279,39.3,31.1,13.1,16.4
E00126280,37.3,22,18,22.7
E00126281,45.5,31.7,13.8,8.9
E00126282,24.8,49.6,16.5,9.1
E00126283,49.6,33.1,10.2,7.1
E00126284,33.8,42.8,11.7,11.7
E00126285,36.4,37.7,15.6,10.4
E00126286,22.7,23.6,20.9,32.7
E00126287,53,21.2,11.4,14.4
E00126288,32,37.9,13.6,16.5
E00126289,26,48.9,12.2,13
E00126290,15.2,37.9,19.6,27.2
E00126291,21.1,35,17.9,26
E00126292,35.5,32.6,20.6,11.3
E00126293,56.9,22.4,6.9,13.8
E00126294,26,34.4,22.1,17.6
E00126295,39,31.6,14.7,14.7
E00126296,52.8,30.7,7.9,8.7
E00126297,17.1,41.7,24.6,16.6
E00126298,55.4,30.8,8.5,5.4
E00126299,46.9,27.5,14.4,11.3
E00126300,27.9,34.3,20,17.9
E00126301,23,22.2,24.6,30.2
E00126302,11.3,44.7,16,28
E00126303,63.1,21.9,8.1,6.9
E00126304,47.5,27.3,10.4,14.8
E00126305,48.1,29,13.7,9.2
E00126306,41.4,31.3,14.8,12.5
E00126307,42.5,31.9,16.8,8.8
E00126308,24.3,34.2,18.9,22.5
E00126309,39.3,18.5,17.8,24.4
E00126310,20,41.5,15.4,23.1
E00126311,41.4,28.8,15.3,14.4
E00126312,35.9,31.5,18.8,13.8
E00126313,31.3,49.7,9.5,9.5
E00126314,35.5,37.9,9.7,16.9
E00126315,34,35.3,20.3,10.5
E00126316,29.6,31.9,26.7,11.9
E00126317,23.6,23.6,22.7,30
E00126318,22.5,43.3,15.8,18.3
E00126319,28.8,36.9,18.9,15.3
E00126320,19.5,43.8,16.4,20.3
E00126321,35,32.1,22.9,10
E00126323,19.8,46.8,19,14.3
E00126324,11.4,36.4,26.5,25.8
E00126325,37.6,28,16,18.4
E00126326,39.4,24.1,19.7,16.8
E00126327,48.3,30.5,11,10.2
E00126328,26.8,47.2,15,11
E00126329,46.7,26.7,12.5,14.2
E00126330,50.4,28.4,9.9,11.3
E00126331,38.8,31.7,16.5,12.9
E00126332,38.3,28,20.1,13.6
E00126333,12.7,28.8,28,30.5
E00126334,37.9,41.1,8.1,12.9
E00126335,32,17.6,16,34.4
E00126336,25,43,14.8,17.2
E00126337,21.1,21.7,24.2,32.9
E00126338,33.3,19.2,17.7,29.8
E00126339,23,48.1,15.6,13.3
E00126340,29,38.7,16.1,16.1
E00126341,38.3,32.5,17.5,11.7
E00126342,31.9,24.4,21.5,22.2
E00126343,28.7,28.7,14,28.7
E00126344,38.6,28.4,12.7,20.3
E00126345,32,28.8,17.6,21.6
E00126346,36.4,35,11.9,16.8
E00126347,45.6,14,6.1,34.2
E00126348,20.9,27.9,20.2,31
E00126349,10.5,47.6,14.5,27.4
E00126350,28.2,31.3,16.8,23.7
E00126351,23.6,25.2,22.8,28.5
E00126352,20.4,33.6,19.7,26.3
E00126353,26.2,38.1,10.3,25.4
E00126354,37.4,28.6,15,18.9
E00126355,28.2,25.8,19.4,26.6
E00126356,26.5,23.8,16.6,33.1
E00126357,35.2,34.3,13.9,16.7
E00126358,18.7,29.9,9.3,42.1
E00126359,24.4,38.4,15.1,22.1
E00126360,41.3,27.5,14.7,16.5
E00126361,23.5,42.5,14.4,19.6
E00126362,23.2,38.7,16.2,21.8
E00126363,28.1,32.2,12.4,27.3
E00126364,36.6,35.6,12.9,14.9
E00126365,34.9,24.5,13.2,27.4
E00126366,37.5,23.3,19.2,20
E00126367,34.6,21.3,11.8,32.3
E00126368,36.2,32.6,17,14.2
E00126369,31.5,23.8,18.5,26.2
E00126370,35.2,19.5,16.4,28.9
E00126371,31.3,23.9,11.9,32.8
E00126372,36.8,27.1,12,24.1
E00126373,27.9,18,9.9,44.1
E00126374,20.4,39.3,18.8,21.5
E00126375,37.1,33.5,17.5,11.9
E00126376,29.1,27.9,18.2,24.8
E00126377,39.5,40.7,11.7,8
E00126378,28.6,37.4,17.2,16.7
E00126380,47.6,26.7,17.1,8.6
E00126381,35.3,42.4,12.9,9.4
E00126382,47.3,26.7,17.6,8.4
E00126383,26.2,41.4,17.2,15.2
E00126384,25.9,31.7,20.9,21.6
E00126385,23.6,20,12.1,44.3
E00126386,39.1,34.8,13,13
E00126387,21.1,43.6,20.3,15
E00126388,53.5,25.7,11.8,9
E00126389,16.8,28.4,24.5,30.3
E00126390,25.6,21.5,21.5,31.4
E00126391,24.2,26.9,24.2,24.7
E00126392,19.5,38.9,24.8,16.8
E00126393,17.3,40.8,23.5,18.4
E00126394,37.5,30.6,22.2,9.7
E00126395,49,29.7,12.4,9
E00126396,30.8,41.5,16.9,10.8
E00126397,22.8,27.6,26.8,22.8
E00126398,21.6,28,24,26.4
E00126399,22.6,32.1,19.8,25.5
E00126400,22,40.7,16.3,21.1
E00126401,20,43.3,22.5,14.2
E00126402,22.5,32.6,20.9,24
E00126403,40.7,31.9,16.3,11.1
E00126404,52.9,15.7,15.7,15.7
E00126405,20.4,39.4,20.4,19.7
E00126406,29,32.1,19.8,19.1
E00126407,37.2,35,16.1,11.7
E00126409,32.9,29.3,22.1,15.7
E00126411,15.2,31.2,28,25.6
E00126412,45.9,32.9,10.3,11
E00126413,32.5,32.5,16.7,18.3
E00126414,29.8,33.1,18.2,19
E00126415,23.3,41.9,17.1,17.8
E00126416,34.8,35.7,17.4,12.2
E00126417,46.6,22.9,21.4,9.2
E00126418,31.6,37.7,16.7,14
E00126419,45.5,25.6,13.2,15.7
E00126420,27.7,24.6,16.2,31.5
E00126421,33.6,38.5,15.6,12.3
E00126422,38.5,24.6,17.7,19.2
E00126423,31.1,32.6,12.1,24.2
E00126424,33.6,26.9,13.4,26.1
E00126425,35.3,37.3,13.3,14
E00126426,32.8,37.9,11.2,18.1
E00126427,46.4,26.8,18.1,8.7
E00126428,29.1,35.8,19.4,15.7
E00126429,60.7,24,9.3,6
E00126431,36.9,30,16.2,16.9
E00126432,55.2,18.8,13.8,12.2
E00126433,53.1,21.7,12.6,12.6
E00126434,52.7,28.2,15.5,3.6
E00126435,51.9,32.1,8.5,7.5
E00126437,17.4,35.5,21,26.1
E00126438,21.9,39.5,18.4,20.2
E00126439,25.9,29.6,20,24.4
E00126440,18.8,31.3,31.3,18.8
E00126441,31.1,34.1,13.6,21.2
E00126442,15.3,45.2,20.2,19.4
E00126443,48.7,27.8,12.3,11.2
E00126444,26.6,54.7,10.2,8.6
E00126445,46.9,30.5,14.1,8.6
E00126446,32.1,23.6,19.8,24.5
E00126447,18.8,38.5,16.2,26.5
E00126448,24.8,51.2,17.6,6.4
E00126449,18.3,32.2,24.3,25.2
E00126450,19.3,44.3,20,16.4
E00126451,36.9,43.2,9.9,9.9
E00126452,16.4,46.9,10.2,26.6
E00126453,17.8,44.1,11.9,26.3
E00126454,16.4,48.4,16.4,18.9
E00126455,58.1,38.5,1.7,1.7
E00126456,45.7,35.3,9.5,9.5
E00127050,18.3,56,15.6,10.1
E00127051,25.9,35,18.2,21
E00127053,33.6,33.6,20.7,12.1
E00127054,35.9,36.6,13,14.5
E00127055,38.8,30.2,17.2,13.8
E00127056,30,34.4,15.6,20
E00127058,23.6,37.8,21.3,17.3
E00127059,35,28.7,16.1,20.3
E00127060,24.2,41.1,21.1,13.7
E00127061,19.2,50,16.7,14.2
E00127062,25.2,38.9,16,19.8
E00127063,16.6,23.4,26.9,33.1
E00127064,19.4,27.8,16.7,36.1
E00127068,27.3,42.4,13.7,16.5
E00127069,83.2,15,1.9,0
E00127070,34.6,45.1,10.5,9.8
E00127071,34.6,37,12.6,15.7
E00127072,14,38.8,19,28.1
E00127073,52.3,28.2,12.1,7.5
E00127079,25.2,33.3,14.8,26.7
E00127094,32.5,12.7,14.3,40.5
E00127095,27.9,18.2,8.4,45.5
E00127096,18.1,15.2,14.5,52.2
E00127097,53.8,17.1,5.1,23.9
E00127098,23.9,15.5,14.8,45.8
E00127099,38.8,30.6,11.6,19
E00127100,36.9,16.8,8.7,37.6
E00127101,18.1,17.5,15,49.4
E00127102,48.2,17.5,13.1,21.2
E00127103,23.7,33.1,13.7,29.5
E00127104,20,12.7,15.5,51.8
E00127107,19.4,24.6,20.9,35.1
E00127108,34,27,17.7,21.3
E00127109,37.3,30.4,15.7,16.7
E00127110,13.4,18.7,17.2,50.7
E00127112,57,16,16,11
E00127113,31.7,38.5,13.7,16.1
E00127114,42.2,29.4,6.9,21.6
E00127115,27.1,16.9,13.6,42.4
E00127116,56.4,31.8,9.1,2.7
E00127117,46.5,36.2,12.6,4.7
E00127118,34.1,19,10.3,36.5
E00127120,62.3,20.1,6.9,10.7
E00127121,22.2,34.2,18.8,24.8
E00127122,40.2,27.6,12.6,19.7
E00127123,28.9,29.7,24.2,17.2
E00127124,45.1,29.5,14.8,10.7
E00127125,18.3,35.9,22.1,23.7
E00127126,32.1,39.4,15.6,12.8
E00127127,34.2,34.9,15.1,15.8
E00127128,31.3,33.9,11.3,23.5
E00127129,32.4,36.7,18,12.9
E00127130,27.3,38.3,18.8,15.6
E00127131,27.1,45.7,15.5,11.6
E00127132,29.6,44.8,12,13.6
E00127133,25.9,36.8,18.4,19
E00127134,53.5,33.3,7,6.2
E00127135,46.2,39.5,7.6,6.7
E00127136,33.6,37.1,11.2,18.1
E00127137,40.2,35,12,12.8
E00127138,45.3,26.6,14.8,13.3
E00127139,41.4,39.3,11,8.3
E00127140,21,44.5,23.5,10.9
E00127141,17.6,30,20,32.4
E00127142,50,32,8.2,9.8
E00127143,24.8,43.2,17.6,14.4
E00127144,30.8,31.7,19.2,18.3
E00127145,26.3,36.5,17.5,19.7
E00127146,23.4,33.1,24.7,18.8
E00127147,31.9,41.4,17.2,9.5
E00127148,27.8,34.9,20.6,16.7
E00127149,38.2,27.5,19.8,14.5
E00127150,55.1,32.3,9.4,3.1
E00127152,21.7,30.1,25.2,23.1
E00127153,20.2,44.2,17.8,17.8
E00127169,29.7,40.6,12.5,17.2
E00127170,57.3,27.4,4.8,10.5
E00127171,44.1,36.6,9.3,9.9
E00127172,35.3,32.8,14.3,17.6
E00127173,32.9,26.3,14.5,26.3
E00127174,51.3,31.3,13.9,3.5
E00127175,29.5,39.3,16.1,15.2
E00127176,60.3,19,12.9,7.8
E00127177,26,38.2,13.8,22
E00127178,34.8,24.1,15.2,25.9
E00127179,28.9,28.1,17.5,25.4
E00127180,40,37.2,12.4,10.3
E00127181,27,29.6,20,23.5
E00127182,41.5,33.1,12.7,12.7
E00127183,25.2,37.4,17,20.4
E00127184,23.9,38.9,19.5,17.7
E00127185,32.7,33.7,22.1,11.5
E00127186,20.8,22.8,14.9,41.6
E00127187,33.1,20,13.8,33.1
E00127188,32.1,37.5,12.5,17.9
E00127189,33.9,33.9,19.8,12.4
E00127190,38.6,45.7,8.2,7.6
E00127191,45.4,28.5,10,16.2
E00127192,37.1,43.4,10.7,8.8
E00127193,21.3,48,16.5,14.2
E00127194,51.8,23.2,4.5,20.5
E00127195,57.1,27,8.7,7.1
E00127196,35.7,21.4,12.5,30.4
E00127197,35,36.8,17.1,11.1
E00127198,42.9,27.1,12.1,17.9
E00127199,46.2,34.5,9.2,10.1
E00127200,36,21.3,14.7,27.9
E00127201,29.7,38.6,17.1,14.6
E00127202,30,40.8,18.5,10.8
E00127203,56.5,25.4,12.3,5.8
E00127204,50.9,28.1,7.9,13.2
E00127205,39.6,27.1,17.4,16
E00127206,51.8,28.9,8.8,10.5
E00127207,30.9,24.5,22.7,21.8
E00127208,25.2,45.2,12.6,17
E00127209,21.4,38.1,19.8,20.6
E00127210,29,47.5,9.9,13.6
E00127211,27.1,42.1,13.5,17.3
E00127212,21.4,34.3,15,29.3
E00127213,34.3,38.6,12.1,15
E00127214,29.6,34.8,17.4,18.3
E00127215,24.8,38.8,17.4,19
E00127216,31.6,30.7,20.2,17.5
E00127217,60.3,29.3,4.3,6
E00127218,36.9,35.4,10.8,16.9
E00127219,22.5,40,21.7,15.8
E00127220,35.4,33.8,16.2,14.6
E00127221,37.4,33.3,18.7,10.6
E00127222,20.2,36.8,18.4,24.6
E00127223,34.3,27.7,17.5,20.4
E00127224,41.3,34.9,17.4,6.4
E00127225,30.3,40,17.6,12.1
E00127226,48.8,27.3,14.1,9.8
E00127227,40.9,20,18.3,20.9
E00127228,27.9,33.7,21.2,17.3
E00127229,33,34,12.3,20.8
E00127230,36.9,33.6,13.9,15.6
E00127231,44,24,19,13
E00127232,81.8,12.2,2,4.1
E00127233,40.8,21.7,12.7,24.8
E00127234,33.3,37.2,18.6,10.9
E00127235,36.2,40,10,13.8
E00127236,29.4,29.4,25.2,16
E00127237,38.3,30,16.7,15
E00127238,54.1,22.1,14.8,9
E00127239,33.3,32.5,12.3,21.9
E00127240,23.3,42.2,18.1,16.4
E00127241,34.4,33.6,16.4,15.6
E00127242,26.4,40.6,15.1,17.9
E00127243,13.9,43.7,21.2,21.2
E00127244,37,32.3,12.6,18.1
E00127245,33.8,32.5,16.3,17.5
E00127246,30.3,34.9,13.2,21.7
E00127247,31.9,34.4,17.2,16.6
E00127248,49.6,26.4,16,8
E00127249,37.3,31.4,18.6,12.7
E00127250,57,27.3,8.6,7
E00127251,32.8,38.5,14.8,13.9
E00127252,29.8,25.8,17.7,26.6
E00127253,23.2,41.4,24.2,11.1
E00127254,33,36.5,17.4,13
E00127255,41.4,33.8,12.8,12
E00127256,34.1,34.1,20.5,11.4
E00127257,44.2,29.3,17,9.5
E00127258,52,29,8,11
E00127259,21.1,41.2,17.5,20.2
E00127260,36.8,44.3,9.4,9.4
E00127261,23,44.2,15,17.7
E00127262,20.7,41.3,17.3,20.7
E00127273,29.6,43.2,15.2,12
E00127275,35.5,31,20.2,13.3
E00127292,23.4,42.6,14.9,19.1
E00127293,29.4,42.9,17.5,10.3
E00127294,30.7,36.6,13.9,18.8
E00127295,20.2,34.2,25.4,20.2
E00127304,30.9,25.3,18,25.8
E00127769,25.9,44.3,10.8,19
E00127770,35,38.2,12.2,14.6
E00127771,71.2,20.9,5,2.9
E00127772,23.4,43.2,18.9,14.4
E00127773,22.7,32,21.1,24.2
E00127774,39.4,35,15.3,10.2
E00127775,27.7,38.7,14.3,19.3
E00127776,55.4,23.2,11.6,9.8
E00127777,35,33.3,14.7,16.9
E00127778,33.9,35.3,14.9,15.8
E00127779,27.5,39.2,9.2,24.2
E00127780,26.9,32.8,11.8,28.6
E00127781,33.3,35.7,15.5,15.5
E00127782,28.8,43.9,15.9,11.4
E00127783,33.1,40.7,9.3,16.9
E00127784,43.9,39.8,10.6,5.7
E00127785,37.2,40.3,12.4,10.1
E00127786,39.8,39.8,11.9,8.5
E00127787,16.1,43.1,21.9,19
E00127788,20.2,55.8,6.7,17.3
E00127789,19,41,19,21
E00127790,22,47.6,15.9,14.6
E00127791,34,42.4,16,7.6
E00127792,16.7,57.4,14.8,11.1
E00127793,30.1,34.6,19.1,16.2
E00127794,32.2,34.2,15.8,17.8
E00127795,28.5,45.3,12.4,13.9
E00127796,34.1,39.7,15.1,11.1
E00127797,19.1,48.9,9.9,22
E00127798,27.2,44.2,17.7,10.9
E00127799,22.6,45.1,18.9,13.4
E00127800,25.5,43.4,13.2,17.9
E00127801,37,38.6,15.7,8.7
E00127802,27.7,37,16.8,18.5
E00127803,24.6,42.4,14.4,18.6
E00127804,24.9,37,19.7,18.5
E00127805,30.2,35.7,12.4,21.7
E00127806,34.7,38.8,15.7,10.7
E00127807,21.4,39,24.7,14.9
E00127808,29.3,34.8,17.4,18.5
E00127809,25.9,38.8,17.7,17.7
E00127810,31.6,22.6,11.3,34.6
E00127811,17.9,15.7,15,51.4
E00127812,43,20.9,12.8,23.3
E00127813,26,26,13,35.1
E00127814,51.4,27.1,5.7,15.7
E00127815,26.2,15,16.8,42.1
E00127816,22.9,29,13.7,34.4
E00127817,35.3,21.3,13.2,30.1
E00127818,60.5,22.7,7.6,9.2
E00127819,30.8,24.7,19.9,24.7
E00127820,55.3,31.6,5.6,7.4
E00127821,28.2,22.1,17.6,32.1
E00127822,33.3,28.7,14.7,23.3
E00127823,27.6,13.8,11.2,47.4
E00127824,27.9,22.1,9.8,40.2
E00127825,29.1,17.2,11.9,41.8
E00127826,22.7,15.1,14.3,47.9
E00127827,18.6,19.5,8.8,53.1
E00127828,33.8,15.9,11,39.3
E00127829,20.3,19.5,14.3,45.9
E00127830,38.1,41.6,7.1,13.3
E00127831,23.2,30.4,17.4,29
E00127832,18.7,19.4,11.9,50
E00127833,28,23.7,7.6,40.7
E00127834,24.6,18.5,13.8,43.1
E00127836,36.4,39.5,11.6,12.4
E00127837,25.4,41,10.7,23
E00127838,38.5,25.2,11.1,25.2
E00127839,31.3,18.1,8.3,42.4
E00127840,32.4,32.4,12.4,22.9
E00127841,30.8,18.5,16.4,34.2
E00127842,43.2,20.5,13.6,22.7
E00127843,27,30.6,9,33.3
E00127844,31.5,41.3,12,15.2
E00127845,25.4,24.6,15.9,34.1
E00127846,39.8,34.5,12.4,13.3
E00127847,39.2,28.8,13.6,18.4
E00127848,31.5,24.4,16.5,27.6
E00127849,63.2,20.8,8,8
E00127850,38.4,27.2,13.6,20.8
E00127851,29.7,26.8,14.5,29
E00127852,31.4,25,12.9,30.7
E00127853,27,23,14.3,35.7
E00127854,19.7,37.1,15.2,28
E00127855,19.5,28.6,11.3,40.6
E00127856,25.8,33.6,14.8,25.8
E00127857,33.9,39,9.3,17.8
E00127858,28.9,18.4,9.6,43
E00127859,19.5,17.9,13.8,48.8
E00127860,90.3,9.7,0,0
E00127861,36.1,22.6,9,32.3
E00127862,28.6,18,11.3,42.1
E00127863,25.9,36.4,21,16.8
E00127864,21.6,43.2,19.2,16
E00127865,33.3,30.7,13.2,22.8
E00127866,15.9,46.2,19.3,18.6
E00127867,26.3,41.3,17.5,15
E00127868,21,35.2,19,24.8
E00127869,41.8,31.1,18.9,8.2
E00127870,37,23,23,17
E00127871,22.4,31.7,23.6,22.4
E00127872,42.1,34.2,11.4,12.3
E00127873,22.4,39.7,21.6,16.4
E00127874,25,53.4,12.1,9.5
E00127875,40.4,37.7,8.8,13.2
E00127876,18.6,40.3,22.5,18.6
E00127877,34.2,34.2,15.4,16.1
E00127878,17.7,40.3,16.9,25
E00127879,39.2,24.6,13.1,23.1
E00127880,40.7,28.6,19.8,11
E00127881,37.6,26.5,18.8,17.1
E00127882,36.8,35,9.4,18.8
E00127883,39.8,28.6,14.3,17.3
E00127884,26.7,36.7,12.5,24.2
E00127885,26.8,41.4,18.5,13.4
E00127886,23.7,61.9,11,3.4
E00127887,43,30.6,8.3,18.2
E00127888,57.1,21.4,12.9,8.6
E00127889,30.6,31.5,12.1,25.8
E00127890,61.2,28.4,6.7,3.7
E00127891,42.5,39.4,9.4,8.7
E00127892,28.9,34.5,19.7,16.9
E00127893,22.5,28.7,20.2,28.7
E00127894,25.2,42.9,19.3,12.6
E00127895,32.4,40,15.2,12.4
E00127896,27.3,34.1,15.2,23.5
E00127897,50,37.1,9.5,3.4
E00127898,25.7,36.3,17.7,20.4
E00127899,20.7,42.2,19.3,17.8
E00127900,20,47.4,17,15.6
E00127901,14.1,37,17.4,31.5
E00127902,23.4,39.6,14.9,22.1
E00127903,22.6,46,15.3,16.1
E00127904,24.2,36.7,20.8,18.3
E00127905,30.2,28.7,16.3,24.8
E00127906,39,35.3,10.3,15.4
E00127907,33.3,35.7,18.6,12.4
E00127908,33.3,35,11.4,20.3
E00127909,50,32.3,13.8,3.8
E00127910,26.5,42.9,15.9,14.7
E00127911,26.2,40,13.1,20.8
E00127912,21.4,33.8,20,24.8
E00127913,21.5,45.9,17.8,14.8
E00127914,25.6,44,15.9,14.5
E00127915,36.4,30.7,18.6,14.3
E00127916,26.1,46.2,16,11.8
E00127917,48.8,25.3,12.9,12.9
E00127918,37.3,41.8,13.6,7.3
E00127921,31.1,45.2,11.1,12.6
E00127922,18.2,53.2,11.7,16.9
E00127923,29.2,41.6,14.3,14.9
E00127924,31.6,42.1,15.8,10.5
E00127925,27.4,45.2,10.5,16.9
E00127926,22.1,42.8,16.6,18.6
E00127927,26.1,44.8,10.4,18.7
E00127928,22.8,46.3,13.8,17.1
E00127929,13,57.4,11.1,18.5
E00127930,20,46.4,13.6,20
E00127931,33.3,41.1,13.5,12.1
E00127932,18.1,46.6,21.6,13.8
E00127933,22.7,56.5,7.8,13
E00127934,22.7,41.4,20.3,15.6
E00127935,64.2,18.5,6.9,10.4
E00127936,38.1,37.3,14.3,10.3
E00127937,22.3,49.3,16.2,12.2
E00127938,44.1,29.4,9.8,16.7
E00127939,70.2,21.1,3.5,5.3
E00127940,25.7,51.3,12.4,10.6
E00127941,31.5,31.5,20.7,16.3
E00127942,37.2,39.7,12.4,10.7
E00127943,31.4,23.7,23.7,21.2
E00127944,50.8,32.3,6.5,10.5
E00127945,62.7,26.5,6.9,3.9
E00127946,63.3,22.7,8.6,5.5
E00127947,34.4,40.5,13,12.2
E00127948,50,26.6,12.5,10.9
E00127949,55.5,30.3,5.9,8.4
E00127950,31.1,29.5,14.8,24.6
E00127951,32.2,31.4,16.9,19.5
E00127952,29.9,34.3,15.3,20.4
E00127953,32.4,22.8,19.9,25
E00127954,31.2,25.6,17.6,25.6
E00127955,26.7,31.9,21.5,20
E00127956,26,27.9,18.8,27.3
E00127957,49.6,20.2,14.7,15.5
E00127958,28.3,37,16.5,18.1
E00127959,24.7,43.2,13,19.2
E00127960,26.6,37.9,18.5,16.9
E00127961,26.8,36.2,18.1,18.9
E00127962,26.6,26.6,21.9,25
E00127963,30.6,29.9,19.4,20.1
E00127964,26.1,45.7,14.5,13.8
E00127965,31.2,36.2,14.9,17.7
E00127966,22,41.3,19.3,17.3
E00127967,22,42.6,13.5,22
E00127968,43.7,28.9,13.3,14.1
E00127969,23.3,30.1,15.5,31.1
E00127970,30.5,44.2,11.6,13.7
E00127971,9.9,24.2,16.1,49.7
E00127972,12.9,51.4,15.7,20
E00127973,18.5,29.2,11.5,40.8
E00127974,21.4,33,15.2,30.4
E00127975,27.9,32.6,15.5,24
E00127976,31.1,19.3,11.9,37.8
E00127977,34.4,13.1,8.2,44.3
E00127978,19.7,25.7,15.1,39.5
E00127979,21.3,34.8,17.7,26.2
E00127980,23,36.6,14.9,25.5
E00127981,37.9,19.8,11.2,31
E00127982,32.5,41.5,8.9,17.1
E00127983,23.5,35.3,15.4,25.7
E00127984,19.6,42.9,16.1,21.4
E00127985,35.4,29.2,9.2,26.2
E00127986,14.6,30.1,22.8,32.5
E00127987,69.6,20,3.5,7
E00127988,25,13.3,12.5,49.2
E00127989,22.4,22.4,13.6,41.5
E00127990,29,24.8,15.2,31
E00127992,32.1,19.8,17.3,30.9
E00127993,24.8,22.7,21.3,31.2
E00127995,31.5,25.9,11.1,31.5
E00127996,14.3,55.1,10.2,20.4
E00127997,36,21.6,21.6,20.8
E00127998,45.5,20,11.8,22.7
E00127999,33.7,26,19.2,21.2
E00128000,29.8,20.2,17.5,32.5
E00128001,43.8,27.3,16.5,12.4
E00128002,25.4,32.2,17.8,24.6
E00128003,41.3,28.9,7.4,22.3
E00128004,40.8,24.3,14.6,20.4
E00128005,37.7,26.1,18.1,18.1
E00128006,25.3,44.1,14,16.7
E00128007,35.2,30.5,14.8,19.5
E00128008,20,26.1,26.1,27.8
E00128009,28.7,37.4,15.7,18.3
E00128010,29.4,31.6,15.4,23.5
E00128011,24.6,42.9,9.5,23
E00128012,17,50.9,19.8,12.3
E00128013,44.7,31.1,11.7,12.6
E00128014,34.3,27.9,20.7,17.1
E00128015,33.9,36.5,16.5,13
E00128016,39.4,33.9,8.7,18.1
E00128017,60.2,22,8.1,9.8
E00128018,16.5,39.4,20.6,23.5
E00128019,33.6,35.8,16.1,14.6
E00128020,15.3,22.9,26.3,35.6
E00128021,30.4,20,16,33.6
E00128022,34.2,29.2,15,21.7
E00128023,21.4,27,18.3,33.3
E00128024,20.8,15.4,14.6,49.2
E00128025,23.3,19.5,15.8,41.4
E00128026,35.2,16.4,16.4,32
E00128027,22.1,26.2,15.6,36.1
E00128028,38.5,15.6,11.5,34.4
E00128029,15.3,24.3,18.1,42.4
E00128030,20.3,19.5,12.8,47.4
E00128031,40.2,27.4,14.5,17.9
E00128032,27.7,31.7,14.9,25.7
E00128033,48.5,21.6,11.9,17.9
E00128034,13.8,16.7,16.7,52.9
E00128035,22.1,39.4,13.5,25
E00128036,52.7,32.1,9.9,5.3
E00128037,32.6,27.5,18.1,21.7
E00128038,32.5,27.2,13.2,27.2
E00128039,36.4,30.3,16.7,16.7
E00128040,45.5,29.4,15.4,9.8
E00128041,39.1,35.2,11.7,14.1
E00128042,43.5,35.5,9.4,11.6
E00128043,67.4,21,7.2,4.3
E00128044,36,30.9,16.9,16.2
E00128045,31.6,33.1,13.5,21.8
E00128046,51.4,26.2,10.4,12
E00128047,26.7,37.6,12.9,22.8
E00128048,44.1,23.1,18.3,14.5
E00128050,33.1,40.5,12.4,14
E00128051,26.5,42.9,16.3,14.3
E00128052,44.1,36.2,15.1,4.6
E00128054,18,18,16.2,47.7
E00128055,10.4,14.4,12.8,62.4
E00128056,19.4,12.9,16.1,51.6
E00128057,15.8,18.8,12,53.4
E00128058,18.6,15.5,12.4,53.4
E00128059,16.7,15.1,10.3,57.9
E00128061,46.4,25.9,11.6,16.1
E00128062,42.2,15.6,11.9,30.4
E00128492,25.9,45.7,16,12.3
E00128503,39.1,46.4,8.7,5.8
E00128504,18.5,45.4,16.8,19.3
E00128505,25.3,46.2,15.4,13.2
E00128506,17.5,56.1,17.5,8.8
E00128507,11.8,34.2,20.5,33.5
E00128509,31,34.8,22.6,11.6
E00128510,22,41.4,15.6,21
E00128511,35.6,31.1,21.1,12.2
E00128512,17.4,41.7,19.7,21.2
E00128513,25,46.6,12.5,15.9
E00128517,38.4,26.8,13.4,21.4
E00128518,27,36.5,19,17.5
E00128519,34.8,35.6,21.2,8.3
E00128520,39.2,34.6,12.3,13.8
E00128521,17.1,45.1,18.3,19.5
E00128556,37.3,38.7,10.7,13.3
E00128557,39.4,26,12.5,22.1
E00128558,50.8,35.2,9,4.9
E00128559,40.2,35.1,14.4,10.3
E00128560,28.6,34.1,13.5,23.8
E00128561,19.4,28.7,21.7,30.2
E00128562,24.4,46.8,9.6,19.2
E00128564,28.4,32.9,14.8,23.9
E00128565,28.6,34.7,16.8,19.9
E00128566,38.5,31.7,15.4,14.4
E00128567,19.7,39.4,20.4,20.4
E00128570,23.4,37.5,16.7,22.4
E00128571,31.2,39.1,15.9,13.8
E00128572,10.2,45.6,18.4,25.9
E00128573,18.9,46.7,20.5,13.9
E00128574,29.3,49.3,10.7,10.7
E00128576,33,32,21.7,13.3
E00128577,30.9,43.4,11.8,14
E00128578,52.4,32.3,10.5,4.8
E00128579,23.8,41.3,11.3,23.8
E00128580,55,29.6,8.9,6.5
E00128581,36.9,30.6,17.5,15
E00128583,43.2,32.9,11,12.9
E00128584,61.8,25.2,7.6,5.3
E00128585,50.8,28.6,7.9,12.7
E00128586,27.2,40,17.6,15.2
E00128587,20.1,29.5,20.1,30.2
E00128597,38.6,32.1,19.3,10
E00128598,23.6,35.6,18.3,22.5
E00128599,48.4,33.1,11.3,7.3
E00128600,47.2,31.5,11.8,9.4
E00128601,41.9,21.3,19.1,17.6
E00128602,30.7,42.5,12.4,14.4
E00128603,20,42.2,16.3,21.5
E00128605,18.5,39.5,22.9,19
E00128606,39.8,37,13.8,9.4
E00128607,22.6,47.4,16.5,13.5
E00128608,39.5,28.6,15.1,16.8
E00128609,30.4,39.3,15.6,14.8
E00128610,17.6,42.6,19.9,19.9
E00128611,18.9,39.6,10.8,30.6
E00128612,15.3,43.5,19.8,21.4
E00128613,20.6,43.7,21.4,14.3
E00128614,26.7,42,12.2,19.1
E00128615,30.8,31.6,19.7,17.9
E00128621,44.4,28.9,14.8,12
E00128622,25.1,43.3,17,14.6
E00128623,27.4,38.7,16.7,17.3
E00128624,28.1,38.8,14,19
E00128625,29.2,35.4,15,20.4
E00128626,43.5,33,17.4,6.1
E00128627,66.1,21.1,7.3,5.5
E00128628,35.6,36.4,16.7,11.4
E00128629,37.2,33.9,11.6,17.4
E00128630,15.8,40.6,17.3,26.3
E00128631,26.1,35.2,16.2,22.5
E00128632,44.9,29.3,13.6,12.2
E00128633,34.6,36,19.9,9.6
E00128634,19.7,42.5,13.4,24.4
E00128635,55.9,29,8.3,6.9
E00128636,27.3,35.7,21,16.1
E00128637,35.1,42,13.7,9.2
E00128638,21.6,40.3,18.7,19.4
E00128639,18.6,32.9,24.3,24.3
E00128640,24.6,30.3,20.4,24.6
E00128641,31.4,35.5,17.4,15.7
E00128642,41.9,27,20.3,10.8
E00128643,40.1,36.7,12.9,10.2
E00128644,23.5,48,14.3,14.3
E00128645,30,39.2,17.1,13.8
E00128646,42.9,36.7,6.1,14.3
E00128647,15.4,45.6,19.1,19.9
E00128648,22.7,50,11.8,15.5
E00128649,20.5,53.8,14.4,11.4
E00128650,23,41,15.8,20.1
E00128651,50,27.9,11.7,10.4
E00128652,30.5,57.7,6.1,5.6
E00128653,27.9,49.7,8.8,13.6
E00128654,30.1,43.1,13.8,13
E00128655,20.7,38,19,22.3
E00128656,13.9,44.6,23.8,17.8
E00128657,27.5,40,16.3,16.3
E00128658,33.5,33.9,17,15.6
E00128659,59.3,33,2.2,5.5
E00128660,44,38,10,8
E00128662,38,44.1,7.8,10.1
E00128663,42.5,35.1,11.2,11.2
E00128665,16.5,40.4,18.3,24.8
E00128667,37.1,36.6,15.1,11.2
E00128679,21.4,46.4,11.8,20.5
E00140441,17.6,50.4,18.4,13.6
E00140442,27.2,40.8,15.2,16.8
E00171905,29.8,33.5,15.6,21.1
E00171907,8.8,28.8,25.6,36.8
E00171908,37.9,34.1,12.1,15.9
E00171909,9.8,31.3,26.8,32.1
E00171913,11.9,30.7,23.8,33.7
E00171914,19.8,30.8,22,27.5
E00171915,9.7,30.6,29,30.6
E00171916,20.7,15.3,9.9,54.1
E00171918,25.7,34.3,22.9,17.1
E00172551,26.8,23.2,14.5,35.5
E00172552,11.3,25.5,23.6,39.6
E00172553,28.3,46.6,8.9,16.2
E00174074,14.8,20.5,25.4,39.3
E00174076,21.6,29,24.4,25
E00174077,6.4,27.7,24.5,41.5
E00174078,24.4,29.4,21.8,24.4
E00174079,14.7,29.5,30.5,25.3
E00174081,19.1,29,18.3,33.6
E00174082,23.4,39,17.7,19.9
E00181506,24.8,30.3,25.5,19.3
E00181510,32.7,7.9,8.9,50.5
E00181512,26.7,16.7,20,36.7
E00181513,15.9,39.7,21.2,23.2
E00181514,34.3,24.1,8.3,33.3
E00181515,30.5,42.7,9.2,17.6
E00181516,14.3,11.9,16.7,57.1
E00181518,34.2,34.2,12.7,19
E00181519,45.7,23.6,16.5,14.2
E00181520,18.3,14.7,10.1,56.9
E00181522,19.2,17.3,15.4,48.1
E00181528,20.5,15.1,6.8,57.5
E00181529,16.2,17.6,20.6,45.6
E00181530,74.5,17,3.8,4.7
E00181531,8.2,18.4,26.5,46.9
E00181532,17.4,8.7,15.2,58.7
E00181533,21.7,34.9,20.8,22.6
E00181536,70,23.8,3.1,3.1
E00181537,51.6,32.7,11.3,4.4
E00181539,11.4,37.4,21.1,30.1
E00181544,19.7,21.3,24.6,34.4
E00181545,11.6,15,17,56.5
E00181546,23.1,19.8,9.9,47.3
E00181548,17.4,20,21.7,40.9
E00181550,74.6,15.3,5.6,4.5
E00181551,32.8,12.6,11.8,42.9
E00181552,21.5,20,10.8,47.7
E00181553,9.4,22.2,23.9,44.4
E00181556,13.8,9.6,6.4,70.2
E00181559,51.8,27.3,8.2,12.7
E00181560,29.3,22.9,12.1,35.7
E00185567,31.6,42.1,11.8,14.5
E00185583,19.4,38,21.7,20.9
E00185585,33.1,35.4,16.5,15
E00185586,22.1,49.7,14.7,13.5
E00185595,34.1,31,17.8,17.1
E00185597,30,42.2,14.4,13.3
E00185599,18.2,45.9,22,13.8
E00185620,30.3,50,18.4,1.3
E00185640,30.4,41.3,13,15.2
E00185645,30.2,29,18.9,21.9
E00185650,9.7,23.4,19.4,47.6
E00185651,20.3,42.4,22.9,14.3