geography_code,number_of_cars_5a-000,number_of_cars_5a-001,number_of_cars_5a-002,number_of_cars_5a-003
E00070108,35.4,40.8,16.2,7.7
E00070109,40.5,42,12.2,5.3
E00070110,39.3,44.4,13.7,2.6
E00070129,24.1,45.3,22.6,8
E00070132,20.2,50.9,22.8,6.1
E00070135,34.1,38.8,18.6,8.5
E00070136,43.8,37.5,14.3,4.5
E00070137,39.4,45.5,11.4,3.8
E00070138,40.2,39.2,18.6,2.1
E00070139,41.8,44.7,12.1,1.4
E00070140,34.7,34.7,23.4,7.3
E00070141,45.9,41.8,11.5,0.8
E00070146,36.1,35.1,22.7,6.2
E00070147,25.2,48,20.5,6.3
E00070148,28.7,41.7,23.5,6.1
E00070149,29.2,49,17.7,4.2
E00070150,23.6,49.3,20,7.1
E00070151,28.3,44.6,22.3,4.8
E00070152,70.9,25.2,3.9,0
E00070153,38.5,47.5,9.8,4.1
E00070154,32.8,40.3,18.7,8.2
E00070155,30.8,47.7,16.9,4.6
E00070156,32.6,40.7,22.2,4.4
E00070157,35.5,38,20.7,5.8
E00070158,32.8,41.2,23.5,2.5
E00070159,46.7,33.6,16.8,2.8
E00070160,68.1,28.6,3.4,0
E00070161,56.7,34.8,6.7,1.8
E00070162,23.2,49.6,16.8,10.4
E00070163,28.8,38.1,29.7,3.4
E00070164,48.9,39.8,9.8,1.5
E00070165,22.6,43.5,23.4,10.5
E00070166,31.7,46,17.5,4.8
E00070167,33.6,43.4,20.5,2.5
E00070168,33.3,39.4,22.7,4.5
E00070169,31.1,46.2,16.7,6.1
E00070170,25.8,48.3,21.7,4.2
E00070172,51,41.2,5.2,2.6
E00070173,31.6,45.3,20.5,2.6
E00070174,40.3,37.8,19.3,2.5
E00070175,32.8,41,18.9,7.4
E00070176,30,45,22.1,2.9
E00070177,35.7,46.4,13.4,4.5
E00070178,50.9,39.6,8.5,0.9
E00070179,33.1,40.7,21.2,5.1
E00070180,41.1,47.4,8.4,3.2
E00070181,41.8,39.3,13.9,4.9
E00070182,34.4,42,15.3,8.4
E00070183,33.3,45.9,18,2.7
E00070184,46.7,38.5,13.1,1.6
E00070186,9,37.6,42.9,10.5
E00070187,15.2,56,24.8,4
E00070188,27.8,43.5,20.9,7.8
E00070189,38.8,38.8,18.2,4.1
E00070190,41.7,41.7,13.4,3.1
E00070191,36.5,40.4,15.4,7.7
E00070192,34,42.9,20.4,2.7
E00099368,21.7,33.3,31.8,13.2
E00099369,26.7,36.6,27.5,9.2
E00099370,9.6,42.4,34.4,13.6
E00099371,14.4,49.2,28.8,7.6
E00099372,5,44.5,38.7,11.8
E00099373,9.1,47.1,36.4,7.4
E00099374,17.4,29.1,38.4,15.1
E00099375,13.4,42.9,32.8,10.9
E00099376,8.1,44.7,34.1,13
E00099377,7.2,34.9,40.1,17.8
E00099378,12.6,31.9,37.8,17.8
E00099379,18.9,35.1,31.5,14.4
E00099380,6.6,37.2,44.6,11.6
E00099381,14.2,44.8,32.1,9
E00099382,11.6,41.3,38.8,8.3
E00099383,9.2,30.8,46.7,13.3
E00099400,12.9,44.7,36.4,6.1
E00099401,30.4,41,26.7,1.9
E00099402,31.7,47.5,18,2.9
E00099403,20.1,60.4,16.9,2.6
E00099404,44.4,40.8,12.7,2.1
E00099405,24.8,46.8,24.8,3.7
E00099406,27.4,43.6,20.5,8.5
E00099407,49.1,44.4,5.9,0.6
E00099408,34,46.4,15,4.6
E00099409,54.6,29.1,13.8,2.6
E00099414,14.9,45.6,28.9,10.5
E00099415,29.3,48.8,21.1,0.8
E00099416,47.4,40,10.4,2.2
E00099417,45.8,29.8,17.6,6.9
E00099418,23.7,46.6,22.9,6.9
E00099419,17.8,61.2,17.1,3.9
E00099420,5.4,38.8,44.2,11.6
E00099421,4.4,35.2,45.1,15.4
E00099425,36.8,44,13.6,5.6
E00099426,22,50.8,20.3,6.8
E00099427,53,30.4,14.8,1.7
E00099428,20.4,45.9,28.6,5.1
E00099429,12.4,48.3,30.3,9
E00099430,21.8,44.5,27.7,5.9
E00099431,10.3,39.7,37.7,12.3
E00099432,7.9,47.2,29.9,15
E00099433,16.7,50,28.3,5
E00099434,13,43.5,33,10.4
E00099435,15.2,44.1,31,9.7
E00099436,4.8,44.4,41.3,9.5
E00099437,7.8,33.6,40.5,18.1
E00099439,13.7,42,29.8,14.5
E00099440,22.5,45.7,25.6,6.2
E00099441,3.3,43.4,33.5,19.8
E00099442,10.4,50.3,27.7,11.6
E00099443,12.6,43.3,37.8,6.3
E00099444,13.2,43.4,31.6,11.8
E00099445,20.8,47.7,30.2,1.3
E00099446,10.8,44.6,29.2,15.4
E00099544,11.8,39.6,43.4,5.2
E00099545,4.9,39.4,38.7,16.9
E00099546,20,40.9,32.2,7
E00099547,23.4,52.6,19.7,4.4
E00099548,19.9,47.8,26.7,5.6
E00099549,21,58.8,16.8,3.4
E00099550,7,54.4,25.4,13.2
E00099551,17.5,49,24.5,9.1
E00099552,4.5,57.5,31.3,6.7
E00099553,6.9,36.2,44.8,12.1
E00099554,55.5,34.2,10.3,0
E00099555,27.5,49.7,19.6,3.3
E00099556,21.7,42,29,7.2
E00099557,20.3,51.4,21.7,6.5
E00099558,30.1,48.9,15.8,5.3
E00099559,21.5,51.6,20.4,6.5
E00099560,28.9,48.2,18.4,4.4
E00099561,16.9,46.9,29.2,6.9
E00099562,46.5,33.1,16.5,3.9
E00099563,9.2,55.5,23.5,11.8
E00099564,15.5,41.2,34,9.3
E00099565,19.2,44.8,26.4,9.6
E00099566,22.2,46.2,23.9,7.7
E00099567,28.8,46,21.6,3.6
E00099568,12.5,43.8,35.2,8.6
E00099569,11.7,42.9,34.4,11
E00099570,26.2,46.6,21.4,5.8
E00099571,20.1,35.1,35.8,9
E00099573,59.2,33.7,6,1.1
E00099574,48.5,37.6,11.5,2.4
E00099575,12.6,48.8,28.3,10.2
E00099576,18.2,42.1,31.4,8.3
E00099577,15.5,51.2,26.4,7
E00099578,20.2,51.3,21,7.6
E00099579,47.3,42.9,7.7,2.2
E00099580,21.2,45.5,27.3,6.1
E00099581,47.2,35.8,15.1,1.9
E00099582,8.5,43,35.2,13.4
E00099583,22.7,50.4,17.6,9.2
E00099584,13.6,53,28,5.3
E00099585,25.2,50.4,20,4.4
E00099586,26.3,49.1,19.3,5.3
E00099587,1.6,26.2,48.4,23.8
E00099590,9.6,36.3,37.7,16.4
E00099591,16.1,41.9,30.6,11.3
E00099601,16.7,47.4,23.7,12.3
E00099602,10.4,30.4,45.6,13.6
E00099603,17.6,40.5,37.4,4.6
E00099604,12.9,41.7,33.8,11.5
E00099605,23.1,40.8,28.5,7.7
E00099606,7.5,41,42.8,8.7
E00099607,15.6,43,34.4,7
E00099608,13,38.3,37,11.7
E00099609,10,37.5,39.2,13.3
E00099654,7.6,43.9,34.8,13.6
E00099655,39.9,41.3,17.5,1.4
E00099656,13.8,55.3,22,8.9
E00099657,29.3,45.1,24.1,1.5
E00099658,12.4,42.6,32.6,12.4
E00099659,14.3,33.9,42,9.8
E00099660,13.8,50.8,26.9,8.5
E00099661,25.9,38.3,27.2,8.6
E00099662,10.5,40.4,34.2,14.9
E00099663,21.7,40.9,27,10.4
E00099664,22.7,42.9,26.9,7.6
E00099665,17.8,37.4,33.6,11.2
E00099666,9.2,37.4,34.4,19.1
E00099667,12.4,33.9,40.5,13.2
E00099668,17.6,41.2,35.3,5.9
E00099669,6.5,40,41.3,12.3
E00099670,31.8,45.8,19.6,2.8
E00099671,16.1,42.4,33.1,8.5
E00099672,14,47.1,28.1,10.7
E00099673,22.4,39.7,26.9,10.9
E00099674,22.6,47.4,23.3,6.8
E00099675,48.2,38.1,11.5,2.2
E00099676,17.3,41.7,29.9,11
E00099700,20.4,38.1,33.6,8
E00099701,17.8,47.5,23.7,11
E00099702,9.7,42.7,38.7,8.9
E00099703,6.6,39.7,41.2,12.5
E00099704,8.2,41.8,33.6,16.4
E00099706,20,44.3,30.4,5.2
E00099708,13.4,41.4,33.8,11.5
E00099709,13.5,39.7,35.7,11.1
E00099710,14,49.7,29.9,6.4
E00099711,35.6,39.8,19.5,5.1
E00099712,10.7,52.9,24.8,11.6
E00099713,18.3,48.1,26.7,6.9
E00099714,8.7,39.8,35.9,15.5
E00099715,14.8,43,30.5,11.7
E00099716,13.9,42.4,31.8,11.9
E00099717,17.6,38.2,32.1,12.2
E00099718,23.1,52.4,20.4,4
E00099719,8.9,42.7,33.9,14.5
E00099720,11,51.4,29.8,7.7
E00099721,13.6,34.7,40.7,11
E00100359,4.3,30.7,41.4,23.6
E00100360,4.8,36.3,37.9,21
E00100361,9.3,32.3,37.9,20.5
E00100362,8.8,36.8,39,15.4
E00100363,5.6,36.5,45.2,12.7
E00100368,1,20.8,49,29.2
E00100369,0.9,47,42.6,9.6
E00100371,9.4,42.1,42.8,5.7
E00100372,7.8,39.8,35,17.5
E00100373,3.6,45.2,36.3,14.9
E00100374,9.6,41.8,34.9,13.7
E00100377,5.5,30.9,37.6,26.1
E00100378,12.6,33.5,39.5,14.4
E00130276,16.3,48.8,24.4,10.6
E00130278,4.8,34.9,42.9,17.5
E00130279,9.5,42.3,34.8,13.4
E00130280,14.6,41.7,35.4,8.3
E00130281,32.7,44.6,19.8,3
E00130282,4.2,40.5,33.9,21.4
E00130283,11.6,51,28.4,9
E00130284,9.9,54.9,28.9,6.3
E00130285,7.7,37.8,40.6,14
E00130286,10.8,40.8,35.4,13.1
E00130288,8.9,33.9,42.7,14.5
E00130289,21.1,42.9,28.6,7.5
E00130290,4.7,38.6,46.5,10.2
E00130291,14.2,53.5,26.8,5.5
E00130292,10.7,32.1,39.3,17.9
E00130293,19.5,45.4,25.9,9.2
E00130331,5.3,48.7,31.6,14.5
E00130334,6.5,37.4,40.2,15.9
E00130338,8.1,29.7,39.2,23
E00130342,0,21.2,48.1,30.8
E00130343,9.7,32,47.6,10.7
E00130344,17.3,37.5,34.5,10.7
E00130345,9.5,36.5,39.7,14.3
E00130346,11,37.3,39.8,11.9
E00130347,7.6,39.8,37.3,15.3
E00130349,1.1,40.9,39.8,18.2
E00130350,39.5,38.1,15.6,6.8
E00130351,36.8,39.3,15.3,8.6
E00130352,32.6,48.2,14.9,4.3
E00130353,22.6,38.4,27.1,11.9
E00130354,21.8,46.7,26.7,4.8
E00130356,21.1,46.7,25.6,6.7
E00130357,18.3,40.8,33.8,7
E00130359,28,42.7,26.7,2.7
E00130361,17,42.8,34,6.3
E00130362,12.6,46.2,32.2,9.1
E00130363,4.5,45.9,36,13.5
E00130365,30.7,40.9,22.7,5.7
E00130366,76.7,17.4,5.8,0
E00130367,5.4,44.1,36.6,14
E00130368,18.3,35.6,37.5,8.7
E00130369,9.9,44.4,28.7,17
E00130370,12.1,53.3,23.4,11.2
E00130371,15.8,50.8,25,8.3
E00130372,6.5,36.2,48.6,8.6
E00130373,8.8,43.5,40.9,6.7
E00130374,16.9,42.6,31.6,8.8
E00130375,11.5,45.9,34.4,8.2
E00130376,5,49.2,33.3,12.5
E00130377,13,43.1,30.9,13
E00130378,4.4,33.1,49.7,12.7
E00130379,11.6,45.7,31.9,10.9
E00130380,38.3,45,12.5,4.2
E00130381,11.3,48.1,34.6,6
E00130382,37.6,49.6,10.6,2.1
E00130383,33.9,44.9,18.9,2.4
E00130384,5.6,38.7,41.1,14.5
E00130385,11.4,36.9,34.9,16.8
E00130386,22.9,54.2,21.2,1.7
E00130387,14.2,32.5,41.7,11.7
E00130388,11.3,52.4,25,11.3
E00130389,3.9,29.6,45.4,21.1
E00130390,15,40.9,33.9,10.2
E00130391,59,41,0,0
E00130392,9.3,54.3,28.6,7.9
E00130393,8.5,49.2,28.8,13.6
E00130394,33,40.4,18.1,8.5
E00130395,20.5,46.4,25.9,7.1
E00130396,13.1,38.5,40.2,8.2
E00130397,4.7,48.4,36.7,10.2
E00130398,4.7,35.4,44.9,15
E00130399,28.4,55.3,13.2,3
E00130400,34.2,41.7,20.6,3.5
E00130401,48.1,34.4,12.2,5.3
E00130402,21.2,43.9,28.3,6.6
E00130404,54.2,29.9,12.1,3.7
E00130405,50.8,43.4,4.9,0.8
E00130406,61.4,23.7,13.2,1.8
E00130407,26.2,54.9,17.5,1.5
E00130408,55,36,9,0
E00130409,19.2,51.2,24.8,4.8
E00130410,34,48.5,15.5,2.1
E00130411,13,42.6,33.9,10.4
E00130412,18.3,42.6,30.4,8.7
E00130413,7.8,45.1,39.2,7.8
E00130414,35.1,49.3,13.5,2
E00130415,60.4,33.8,5.8,0
E00130416,62.8,29.8,7.4,0
E00130417,38,44.2,16,1.8
E00130418,51.4,35.5,11.6,1.4
E00130419,21.8,61.3,15.1,1.7
E00130420,31.6,48,17.5,2.9
E00130421,24.9,59.2,13.6,2.3
E00130422,18.9,47.8,26.7,6.7
E00130423,16,45.7,27.4,11
E00130424,12.8,46.8,29.4,11
E00130425,31.4,43.3,17.5,7.7
E00130426,25.5,44.1,21.1,9.3
E00130427,48.8,37.4,12.2,1.6
E00130428,30.6,37.5,20.8,11.1
E00130430,20.7,46.6,23.3,9.5
E00130431,39.6,40.9,16.2,3.2
E00130433,28.3,49.6,17.3,4.7
E00130434,32.6,47.2,16.9,3.4
E00130435,52.6,37.9,6.9,2.6
E00130436,40.2,50,9.8,0
E00130437,12.1,53.5,27.3,7.1
E00130438,8.1,37.5,39.7,14.7
E00130439,24,42.7,27.3,6
E00130441,4.3,48.6,37.1,10
E00130442,0,28.8,53.8,17.5
E00130443,8.7,46.6,37.9,6.8
E00130444,12.7,43.6,33.6,10
E00130445,3.5,44.3,42.6,9.6
E00130447,4.2,30.3,43.7,21.8
E00130448,14,31.8,37.6,16.6
E00130449,8.5,53.5,32.4,5.6
E00130450,10.2,46.9,32,10.9
E00130451,9.6,34.8,39.3,16.3
E00130452,7.9,26.3,46.5,19.3
E00130453,9.2,32.6,46.1,12.1
E00130454,11.9,47,27.2,13.9
E00130455,6.1,38.6,37.7,17.5
E00130456,13.4,48.7,32.8,5
E00130457,11.2,49.3,32.1,7.5
E00130458,1.5,19.2,53.8,25.4
E00130459,20.6,37.6,32.6,9.2
E00130460,22.9,38.5,27.5,11
E00130461,11.8,42.5,35.4,10.2
E00130462,18.4,35.2,33.6,12.8
E00130463,5.7,31.2,44,19.1
E00130464,13.1,43,38.3,5.6
E00130465,11.8,52.9,28.1,7.2
E00130466,7.4,43.5,37,12
E00130467,3.5,33.6,48.7,14.2
E00130468,23.1,46.2,19.2,11.5
E00130469,31.2,39.3,21.4,8.1
E00130470,36.2,44.7,17,2.1
E00130471,20.9,47.3,22,9.9
E00130472,7.7,35.7,41.1,15.5
E00130473,10.5,47.6,30.6,11.3
E00130475,16.1,45.2,25.8,12.9
E00130476,4.2,33.9,51.7,10.2
E00130478,7.6,22.8,55.4,14.1
E00130480,19,45.8,24.2,11.1
E00130481,14.4,41.1,36.7,7.8
E00130482,9.7,57.9,26.9,5.5
E00130483,14.4,39.6,39.6,6.3
E00130484,14.1,36.5,36.5,12.9
E00130485,35.2,27.2,28,9.6
E00130486,26.4,41.8,26.4,5.5
E00130487,32.2,31.4,23.7,12.7
E00130489,28.7,37.1,23.1,11.2
E00130491,24.4,46.3,23.6,5.7
E00130492,19.4,48.4,24.2,8.1
E00130493,24.7,39.5,19.8,16
E00130495,26.4,47.2,18.1,8.3
E00130496,11.6,47.9,28.1,12.4
E00130497,18.9,42.5,27.6,11
E00130498,41.8,46.7,9.8,1.6
E00130499,6.8,48.7,35,9.4
E00130500,15.3,42.7,33.9,8.1
E00130501,15.1,50.8,28.6,5.6
E00130502,46.3,31.6,16.4,5.6
E00130503,36.9,32,16.4,14.8
E00130505,21.2,32.8,31.4,14.6
E00130506,51.9,41.5,4.7,1.9
E00130507,26.9,44.8,19.4,9
E00130508,15.4,53.8,24.8,6
E00130509,15.7,43.8,30.3,10.1
E00130510,38.3,36.7,18.3,6.7
E00130511,17.7,39.8,34.5,8
E00130512,26.7,41.6,25.2,6.4
E00130513,43.7,39.7,13.2,3.3
E00130514,35.1,45,13.7,6.1
E00130515,15.3,45.9,25.2,13.5
E00130516,30.9,38.8,21.6,8.6
E00130517,29.2,30.8,29.2,10.8
E00130518,20,50.5,18.1,11.4
E00130519,33.6,43,19.5,3.9
E00130521,15.3,39.3,32.5,12.9
E00130522,4.1,34.4,42.6,18.9
E00130524,7.8,27.1,48.8,16.3
E00130525,4.8,45.8,39.9,9.5
E00130526,15.1,51.9,25.5,7.5
E00130527,9.7,37,37,16.4
E00130528,8,50.5,35,6.5
E00130529,17.9,43.6,30.1,8.3
E00130530,6.2,22.1,49,22.8
E00130531,21.4,46.4,27.1,5
E00130532,9.5,43.7,38,8.9
E00130533,3.8,48.1,36.5,11.5
E00130534,4.2,25,50,20.8
E00130535,5.8,39.4,38.5,16.3
E00130536,17.8,47.7,25.2,9.3
E00130537,28.2,41.9,21.8,8.1
E00130538,2.7,30.9,49,17.4
E00130539,27.8,50,12.5,9.7
E00130540,14.7,55.2,25.9,4.3
E00130541,25.2,43.2,25.2,6.3
E00130542,9.2,43.1,36.7,11
E00130546,11.9,33.9,30.3,23.9
E00130550,9.2,31,41.5,18.3
E00130554,13.3,52.4,25.9,8.4
E00130555,8.5,48.6,31.6,11.3
E00130556,16,43.1,31.9,9
E00130557,21.7,50.9,17.7,9.7
E00130558,8.8,34.7,40.1,16.3
E00130560,11.8,43.2,35.5,9.5
E00130561,13.2,40,36.6,10.2
E00130562,6.1,42.4,41.7,9.8
E00130563,8.5,45.4,34.8,11.3
E00130564,7.3,51.4,33,8.3
E00130565,7.5,35.3,41.4,15.8
E00130566,17.9,40.3,33.6,8.2
E00130567,7.4,33.6,47.7,11.4
E00130568,10.1,34.1,43.4,12.4
E00130569,29.4,34.1,30.2,6.3
E00130570,8.8,53.9,29.4,7.8
E00130571,14.4,56.8,25.3,3.4
E00130572,5.2,33.3,44.4,17
E00130573,3.9,23.5,44.4,28.1
E00130574,2,29.3,47.6,21.1
E00130576,17.3,49.2,27.9,5.6
E00130577,11.2,45.3,35,8.5
E00130578,18.3,37.6,34.9,9.2
E00130579,4.5,17.4,48.4,29.7
E00130581,1.6,18.6,48.8,31
E00130583,9.4,29.9,46.9,13.8
E00130584,18.3,35.7,34.9,11.1
E00130585,14.3,49.2,31.7,4.8
E00130586,4.5,24.9,54.2,16.4
E00130587,4.8,23.1,47.1,25
E00130588,4.5,23.2,48.2,24.1
E00130591,5.5,28.1,43.8,22.7
E00130595,8.6,27.6,42.2,21.6
E00130596,7.8,57.8,27.3,7
E00130597,10.1,42.3,35.7,11.9
E00130598,18.5,58,16.7,6.8
E00130599,14.2,36.5,40.5,8.8
E00130600,11.3,45.4,35.5,7.8
E00130601,13.2,36.8,36,14
E00130602,31.4,42.3,20.4,5.8
E00130603,20.1,46.3,25.5,8.1
E00130604,25.8,38.6,26.5,9.1
E00130605,8.8,35.2,36,20
E00130606,7.7,45.1,33.1,14.1
E00130607,28.8,40,20,11.2
E00130608,6.8,22.6,50.4,20.3
E00130609,13.5,48.9,30.1,7.5
E00130610,20,56.9,19.2,3.8
E00130611,11.8,35.4,38.6,14.2
E00130612,20,49,24.8,6.2
E00130613,20.8,44.8,28,6.4
E00130615,15.3,49.8,27.8,7.2
E00130616,17.1,44.5,28.8,9.6
E00130617,16.1,46.8,29,8.1
E00130618,16.8,46,27.4,9.7
E00130620,9.9,36.6,40.6,12.9
E00130621,18.2,43.2,31.8,6.8
E00130622,22,39.4,27.6,11
E00130624,19.1,51.7,23,6.2
E00130625,22.9,39,32.2,5.9
E00130626,11.5,41.7,30.2,16.7
E00130628,10.9,44.6,36.4,8.2
E00130629,28,50.4,16,5.6
E00130630,4.3,30.2,42.4,23
E00130631,5.6,37.3,42.1,15.1
E00130632,8.8,47.4,26.3,17.5
E00130633,6.9,46.1,35.3,11.8
E00130634,8.3,56,22,13.8
E00130635,14,43.4,28,14.7
E00130636,26,40.7,21.3,12
E00130637,20.5,46.5,25.2,7.9
E00130638,19.3,37.2,31.7,11.7
E00130639,6.3,47.1,36.8,9.8
E00130640,9.2,40,36.2,14.6
E00130641,16.3,45.9,25.2,12.6
E00130642,5.7,39.6,44.3,10.4
E00130643,6.8,42.5,39,11.6
E00130644,7,31,49.3,12.7
E00130645,17.2,41,35.2,6.6
E00130647,13.4,47.6,29.3,9.8
E00130648,5.8,31.7,43.9,18.7
E00130649,11.4,41,38,9.6
E00130650,10.6,48.2,29.8,11.3
E00130651,9,45.1,35.2,10.7
E00130652,11.8,34.6,40.4,13.2
E00130653,9.9,44.4,31.7,14.1
E00130654,19.6,52.1,22.8,5.5
E00130655,10.3,38.1,40.5,11.1
E00130656,15.9,53.1,23.4,7.6
E00130663,15.2,45.7,27.8,11.3
E00130664,26.2,39.3,21.5,13.1
E00130665,25.2,36.8,25.8,12.3
E00130666,32.1,45.2,18.5,4.2
E00130671,25,42.9,21.4,10.7
E00130672,11.3,42.8,32.7,13.2
E00130673,26.6,35.5,28.2,9.7
E00130683,29.5,38.8,19.4,12.2
E00130684,35.1,44.6,16.9,3.4
E00130685,41,47,11.2,0.7
E00130686,4.9,35.3,44.1,15.7
E00130687,12.5,45.8,35,6.7
E00130688,23.8,49,21.1,6.1
E00130692,7.8,42.9,36.4,13
E00130693,20.6,42.6,25,11.8
E00130694,4.2,49.3,35.2,11.3
E00130695,8.2,49.3,36.6,6
E00130696,4,22.7,44.9,28.4
E00130697,3.8,25.5,47.8,22.9
E00130698,8.2,37.4,36.1,18.4
E00130699,2.7,30.7,40.7,26
E00130700,6.4,29.1,38.2,26.4
E00130701,5.4,25.5,50.5,18.5
E00130702,6.6,26.3,45.5,21.6
E00130703,8.6,32.9,41.9,16.7
E00130733,9.5,29.5,41,20
E00130734,5.8,40.4,37.5,16.3
E00130735,4.6,26.2,46.2,23.1
E00130739,6,30.1,47.4,16.5
E00130740,5.5,32.1,40.4,22
E00131271,8.1,31.3,40,20.6
E00131546,4.2,18.5,48.8,28.6
E00131547,2.2,32.6,46.4,18.8
E00131549,6.6,28.4,41.7,23.2
E00131550,6.8,39.4,41.7,12.1
E00131553,13.2,32.5,40.4,13.9
E00131554,4.5,30.7,45.5,19.3
E00131555,6,34.7,40.7,18.6
E00131556,5.8,23.9,41.9,28.4
E00131557,5.9,36.5,40.6,17.1
E00131558,14.1,33.6,38.3,14.1
E00131559,0,35.5,39.5,25
E00131561,11.7,23.4,47.4,17.5
E00131562,7.1,45.7,30,17.1
E00131563,4.1,21.1,55.3,19.5
E00131564,19,38,31.7,11.3
E00131565,15.8,45.9,27.1,11.3
E00131566,11.2,42.8,32.2,13.8
E00131567,14.5,46,27.4,12.1
E00131568,19.8,45.2,28.6,6.3
E00131569,15.4,47.9,25.6,11.1
E00131570,8.4,46.9,28.7,16.1
E00131572,4,40,44,12
E00131573,4.9,39.8,39.8,15.4
E00131574,13.2,43,32.2,11.6
E00131575,5.4,40.8,36.9,16.9
E00131576,25.6,43,25.6,5.8
E00131577,8.4,42.1,38.3,11.2
E00131578,31,44.1,16.6,8.3
E00131579,12,29.3,38.3,20.3
E00131580,8.9,46.8,27.4,16.9
E00131582,16.1,40.8,29.9,13.2
E00131583,5.2,31.6,39.6,23.6
E00131584,27.1,35.9,25.5,11.5
E00131585,29.1,45.6,20.9,4.4
E00131586,21.8,46,25.8,6.5
E00131587,32.9,49,14.2,3.9
E00131588,43.4,35.2,14.8,6.6
E00131589,28,45.8,19.1,7.2
E00131590,41.9,46,10.5,1.6
E00131591,9.4,34.6,40.2,15.7
E00131592,25.5,44,24.5,6
E00131593,22,44.1,24.4,9.4
E00131594,26.1,43.7,21.8,8.5
E00131595,27.8,45.6,19.6,7
E00131596,23.6,43.9,23.6,8.9
E00131597,10.9,44.6,30.7,13.9
E00131598,12,31.5,44.6,12
E00131599,4.8,31.7,36.5,26.9
E00131600,15.1,42.2,34.2,8.4
E00131601,4.8,41.7,38,15.5
E00131603,21.7,39.1,25.5,13.7
E00131604,32.4,38.1,24.8,4.8
E00131605,23.7,43.7,25.2,7.4
E00131606,5.9,36.6,30.7,26.7
E00131607,8.2,28.7,43.4,19.7
E00131608,18.1,30.1,39.8,12
E00131609,48.4,41.1,9.7,0.8
E00131610,57.2,37.5,3.9,1.3
E00131611,9.2,46.9,37.8,6.1
E00131612,28.1,34.7,27.3,9.9
E00131613,15.1,33.6,38.4,13
E00131614,22.9,42.2,24.8,10.1
E00131615,24.1,43.7,25.3,6.9
E00131616,32.3,42.4,22.2,3
E00131617,14.9,41.5,30.9,12.8
E00131618,11.5,40.2,32,16.4
E00131619,7.3,28,36.6,28
E00131620,16.3,44,31.2,8.5
E00131621,8.8,40.7,36.3,14.2
E00131622,12,49.5,26.1,12.5
E00131623,8.5,45.4,33.8,12.3
E00131624,23.6,41,23.6,11.8
E00131626,10.1,32.9,38.3,18.8
E00131628,12,53.2,23.4,11.4
E00131629,6.7,34.1,45.9,13.3
E00131630,9.5,42.4,36.2,11.9
E00131633,15.4,44.7,30.1,9.8
E00131638,4.3,27.8,48.7,19.1
E00131656,14.2,39.6,26.9,19.4
E00131657,30,32.9,28.6,8.6
E00131658,6.5,38.1,36,19.4
E00131659,14.3,36.5,33.3,15.9
E00131660,12.1,34.3,32.9,20.7
E00131661,7.7,39.9,36.1,16.4
E00131662,3.7,30.8,47.7,17.8
E00131663,17.2,35.9,25,21.9
E00131664,18.2,43.8,27.7,10.3
E00131665,16,35.6,28.2,20.2
E00131666,10.6,40.4,36.7,12.2
E00131667,6,37.2,35.5,21.3
E00131668,6.7,36,42,15.3
E00131669,2.8,35,42.4,19.8
E00131714,9.2,26.8,45.8,18.3
E00131716,14,40.5,33.9,11.6
E00131717,14.6,30.7,40.1,14.6
E00131719,8.4,43.7,31.9,16
E00131720,21.5,43.8,29.2,5.6
E00131721,13.8,44.8,37.9,3.4
E00131722,27.8,46.1,19.4,6.7
E00131723,17.6,40,34.4,8
E00131724,21.2,50,22,6.8
E00131725,14.6,36.9,37.6,10.8
E00131726,11.6,54.5,26.4,7.4
E00131727,17.6,41.2,23.7,17.6
E00131729,27.7,44.5,16.8,10.9
E00131730,11,27.9,41.9,19.1
E00131731,12.5,43.8,31.3,12.5
E00131734,5.3,31.6,43,20.2
E00131735,4.2,36.7,48.2,10.8
E00131736,18.1,38.3,30.9,12.8
E00131737,17.6,32.4,40.2,9.8
E00131738,14.3,40.8,36.7,8.2
E00131739,8.9,38.7,35.5,16.9
E00131740,22.1,35.2,26.9,15.9
E00131741,43,33,19,5
E00131742,10.6,46.9,32.4,10.1
E00131743,9.3,34.9,42.6,13.2
E00131744,9.7,43.5,33.9,12.9
E00131745,13.8,45.7,33.6,6.9
E00131746,11.6,45.9,29.5,13
E00131747,8.9,32.3,45.6,13.3
E00131748,18.5,45,28.5,7.9
E00131749,19,38.8,32.8,9.5
E00131751,5.6,25.9,41.3,27.3
E00131753,6.9,21.8,44.1,27.1
E00131755,7.5,30.2,42.5,19.8
E00131756,4.3,34.8,38.3,22.6
E00131757,6.5,39.5,41.1,12.9
E00131759,5.5,31.5,34.9,28.1
E00131760,3.3,29,42.6,25.1
E00131761,8.7,40.6,36.2,14.5
E00131763,4.2,37.3,38.1,20.3
E00131764,26.1,41.5,25.4,7
E00131765,3.8,35.1,44.3,16.8
E00131766,12,38.5,34.2,15.4
E00131767,11,44.9,33.1,11
E00131768,22.8,37.5,31.6,8.1
E00131769,25.1,36.9,30.2,7.8
E00131770,7.4,33.3,42.6,16.7
E00131771,24.4,40,23.7,11.9
E00131772,7.7,48.7,30.8,12.8
E00131773,5.3,32.8,41.2,20.6
E00131774,10.7,34.7,36,18.7
E00131775,7.8,35.5,35.5,21.3
E00131776,10.6,46.4,36.4,6.6
E00131777,5.2,41.5,40.7,12.6
E00131778,11.5,45.1,30.1,13.3
E00131779,21.2,48.1,22.4,8.3
E00131780,29,38.2,24.4,8.4
E00131781,15.6,30.2,40.6,13.5
E00131782,9,43,33.5,14.5
E00131783,16.3,45,27.9,10.9
E00131784,9.1,35,39.9,16.1
E00143032,6.7,37.5,39.2,16.7
E00143033,15.7,41.3,32.2,10.7
E00143034,8.6,45.3,33.6,12.5
E00143190,19.3,52.6,21.1,7
E00143359,10.7,42.9,31.4,15
E00143363,5.7,43.2,41,10
E00143364,6.7,40.2,40.2,12.8
E00143365,4.5,40.1,42.7,12.7
E00143366,11.5,50.4,28.1,10.1
E00143367,13.5,33.8,42.9,9.8
E00143368,23.5,47,20.5,9.1
E00143370,16.1,37.1,35.5,11.3
E00143372,12.1,45.5,30.3,12.1
E00143373,40.2,34.3,15.7,9.8
E00143374,23.6,47.3,24.5,4.5
E00143375,11.9,43.3,31.3,13.4
E00143376,14.3,48.2,29.5,8
E00144594,8.8,36.3,37.2,17.7
E00144595,17.4,44.9,30.4,7.2
E00144596,12.2,47.2,28.5,12.2
E00144597,10.1,39.5,31.9,18.5
E00144598,12.6,46.2,30.3,10.9
E00144599,7.5,34,37.7,20.8
E00144600,9.8,46.4,32.1,11.6
E00144601,6.1,35.4,39,19.5
E00144602,7.9,39.3,42.1,10.7
E00144603,4.4,34.8,44.4,16.3
E00144604,9.8,43.8,40.2,6.3
E00144605,17.1,35.9,35,12
E00144606,9.5,37.3,40.5,12.7
E00144607,8.5,52.1,31,8.5
E00144608,7.5,51.4,31.8,9.3
E00144609,12.7,43.3,29.9,14.2
E00144610,16.1,39.8,32.2,11.9
E00144611,10.4,41.8,36.6,11.2
E00144612,23.2,44,25.6,7.2
E00144613,25.4,44.8,25.4,4.5
E00144614,8.3,39.2,39.2,13.3
E00144615,15.8,39.1,33.8,11.3
E00144616,27.3,55.8,13.9,3
E00144617,9.2,49.3,32.4,9.2
E00144618,7.1,42.9,34.1,15.9
E00144619,28.6,43.7,16,11.8
E00144620,9.4,49.2,33.6,7.8
E00144621,5.3,42.1,35.1,17.5
E00144622,7.3,41.1,39.5,12.1
E00144623,18.1,38.3,37.6,6
E00144624,20.2,47.6,25.8,6.5
E00144625,12.2,46.3,33.3,8.1
E00144641,7.8,34.9,44.3,13
E00144642,9.5,33.5,50.6,6.3
E00144644,20.6,36.4,35.5,7.5
E00144645,27.8,39.2,22.7,10.3
E00144646,20.2,56.6,19.2,4
E00144647,8.9,53.2,28.2,9.7
E00144649,12.8,41,34.6,11.5
E00144650,22.2,47.9,26.5,3.4
E00144652,8.8,37.8,40.9,12.4
E00144653,1.3,37.6,45.9,15.3
E00144654,1.7,22.7,48.7,26.9
E00144655,14.4,50.3,24.2,11.1
E00144656,12.1,34.8,36.2,17
E00144657,4.7,36.8,46.3,12.1
E00144658,10.7,38.4,40.9,10.1
E00144659,16.3,40.4,31.9,11.3
E00144660,1.8,39.3,37.5,21.4
E00144730,17.5,45.8,31.7,5
E00144731,12.7,47,31.3,9
E00144732,0,28.8,53.4,17.8
E00144733,8.7,39.6,37.6,14.1
E00144734,31.2,47.8,16.7,4.3
E00144735,22.3,46.8,23.4,7.4
E00144736,8.7,39.4,35.4,16.5
E00144737,32.8,38.2,20.6,8.4
E00144738,9.6,42.6,33.8,14
E00144740,14,49.6,27.3,9.1
E00144741,12.9,44.8,37.9,4.3
E00144742,8.9,42.2,40.7,8.1
E00144743,7.4,28.4,48,16.2
E00144744,12.2,51.9,30.5,5.3
E00144745,16.8,47.2,28,8
E00144747,12.1,42.9,33.6,11.4
E00144748,20.1,47.7,26.8,5.4
E00144749,42.7,42.7,14.6,0
E00144750,7.6,54.2,30.5,7.6
E00144751,8.1,34.1,50.4,7.4
E00144752,44.6,37.5,16.1,1.8
E00144753,0.8,35.4,40.9,22.8
E00144754,7.2,46.4,29,17.4
E00144756,2.1,24,40.6,33.3
E00144757,11.7,43.8,31.3,13.3
E00144758,14.3,29.9,39,16.9
E00144759,7.5,35.8,40.9,15.7
E00144760,3.7,25.9,50.4,20
E00144761,8.7,26.7,43.6,20.9
E00144762,3.8,27.9,52.9,15.4
E00144763,3.4,29.4,41.2,26.1
E00144764,3.5,27.7,48.9,19.9
E00144765,10.8,28.6,37.8,22.7
E00144766,2.8,30.1,45.5,21.6
E00144767,0,31.4,43.1,25.5
E00144775,10,27.5,40.8,21.7
E00144776,6.3,42.2,39.1,12.5
E00144777,9.2,42.3,38.5,10
E00144778,4.9,26.8,52.8,15.5
E00144779,10.8,33.8,38.2,17.2
E00144780,7.2,24.8,49.7,18.3
E00144826,3.6,33.6,42.7,20
E00144827,4.6,41.3,33.9,20.2
E00144828,2.9,30.1,39.3,27.7
E00144829,0.7,32.8,45.5,20.9
E00144831,5.1,23.5,46.3,25
E00144832,4.3,21.6,42.6,31.5
E00170695,1.3,35,37.5,26.3
E00170696,17.7,41.7,28.1,12.5
E00170697,36.5,42.9,12.7,7.9
E00170698,5.6,33.1,37.1,24.2
E00170699,4,48,35,13
E00170700,25.9,38,26.9,9.3
E00170701,8.5,51.1,28.7,11.7
E00170704,17.5,50.8,27,4.8
E00170705,7.5,38.4,42.5,11.6
E00170706,27.1,37.3,23.7,11.9
E00170707,9.2,26.9,50,13.8
E00170724,0,39.2,49,11.8
E00170727,16,51.2,26.4,6.4
E00170728,16.1,59.1,21.5,3.2
E00173293,78.1,13.7,6.8,1.4
E00173296,41.6,44.8,9.7,3.9
E00173297,1.2,32.1,52.4,14.3
E00173298,3.4,40.4,42.7,13.5
E00173299,4.7,42,47.3,6
E00173301,0,25.6,47.6,26.8
E00173303,7.5,38.7,45.3,8.5
E00173304,20.5,44.4,25.6,9.4
E00173305,51.1,37.6,10.6,0.7
E00173307,9.4,49.6,36.2,4.7
E00173309,52.6,39.7,5.2,2.6
E00173310,11.2,31.5,36,21.3
E00173311,8.1,52,28.5,11.4
E00173312,37.2,52.1,9.6,1.1
E00173313,20.7,43.5,25,10.9
E00173314,10.4,41,35.1,13.4
E00173315,29.8,37.2,13.2,19.8
E00173316,5.2,25.1,50.2,19.4
E00173317,4.6,32.1,47.3,16
E00173318,11.8,49.4,34.1,4.7
E00173319,19.6,31.4,33.3,15.7
E00173320,17.4,50,26.1,6.5
E00173321,13.5,47.3,27,12.2
E00173322,23.5,50,23.5,2.9
E00173323,9.1,36.4,34.1,20.5
E00173324,20.3,35.4,27.8,16.5
E00173326,14.5,57.3,25.5,2.7
E00173329,15.1,45.4,31.9,7.6
E00173338,2.9,37.3,46.1,13.7
E00173339,5.6,39.2,44,11.2
E00173341,17.9,43.2,33.7,5.3
E00173344,4,33.7,50.9,11.4
E00173350,13.3,36.3,36.3,14.2
E00173352,4.3,40.1,43.3,12.3
E00173497,50.7,29.9,11.9,7.5
E00173562,14.8,51.1,25.9,8.1
E00173563,13.3,38.3,35.2,13.3
E00173564,4.8,34.9,47.6,12.7
E00173571,7.8,54.8,27.8,9.6
E00173575,2.2,37.8,44.4,15.6
E00173581,9,55,29.7,6.3
E00173582,9,45,40.8,5.2
E00173583,2.9,37.1,47.9,12.1
E00173584,5.7,34.1,45.5,14.8
E00178462,46.5,49.1,4.4,0
E00178467,23.1,42,29.4,5.6
E00178472,1.1,30.8,63.7,4.4
E00178478,4.1,33.7,53.8,8.3
E00178480,5.2,37.9,50.3,6.5
E00178483,4.4,39.8,43.4,12.4
E00178484,25,46.7,17.5,10.8
E00178486,19.4,52.8,25,2.8
E00178490,1.7,28.1,51.7,18.5
E00178493,40.8,35.2,19.7,4.2
E00178497,9.4,39.3,45.3,6
E00178503,9.8,41.5,17.1,31.7
E00178514,11.9,41.3,42.1,4.8
E00178515,9.4,37.2,35.6,17.8
E00178520,20,38.3,28.3,13.3
E00178521,12.7,38.2,39.1,10
E00178522,2.9,29.8,52.4,14.9
E00178523,27.3,47.3,14.5,10.9
E00178525,32.1,48.9,16.3,2.6
E00178526,17.8,42.2,35.6,4.4
E00178527,34.5,35.6,20.7,9.2
E00178530,6.4,35.7,49.7,8.2
E00178535,4,53.5,35.4,7.1
E00178541,3.9,33.8,46.8,15.6
E00178543,0,41,41,17.9
E00178546,2.8,38.2,51.6,7.4
E00178547,4.5,38.1,41.8,15.7
E00178548,28.1,45.6,17.5,8.8
E00178553,14.3,44.1,34.8,6.8
E00178554,46.6,43.3,9.6,0.6
E00178556,5.1,25.4,53.4,16.1
E00178561,20.8,47.5,25.7,5.9
E00178565,6.3,44.5,40.6,8.6
E00178581,12,50.4,30.4,7.2
E00178584,2.6,25.7,60,11.7
E00178590,17.3,53.8,26.9,1.9
E00178593,12.5,56.3,30,1.3
E00178594,12.8,39.6,32.9,14.6
E00178598,3.6,47.3,34.5,14.5
E00178599,6.5,43.5,47.8,2.2
E00178603,2.2,19.4,61.9,16.4
E00178605,25.8,45.2,21,8.1
E00178609,12.9,34.7,40.1,12.2
E00178610,26.2,35.9,27.2,10.7
E00178611,4.7,32,49.2,14.1
E00178613,14,52.6,22.8,10.5
E00178621,4.3,32.9,48.6,14.3
E00178622,0,26.8,51.8,21.4
E00178625,25.6,38.1,31.3,5.1
E00178631,3.8,34.8,53,8.3
E00178634,3.9,40.8,45.8,9.5
E00179846,14.3,42.9,30.2,12.7
E00179859,8.4,35.9,44.3,11.4
E00179885,8.5,40.8,45.8,4.9
E00179886,29.1,47.8,17.9,5.2
E00179896,2.6,26,48.1,23.4
E00180328,33.3,58.3,8.3,0
E00180398,13.8,27.6,40.4,18.2
E00187347,1.1,29,52.7,17.2
E00187357,13,52.7,28.1,6.2
E00187371,0,29.2,53.9,16.9
E00187378,6.9,29,51.7,12.4
E00187382,1.2,30,58.2,10.6
E00187396,12.8,46.4,37.6,3.2
E00187399,26.5,40.2,22.7,10.6
E00187407,11.4,49.4,30.1,9.1
E00187419,0.5,30.8,58.7,10.1
E00187422,8.6,33.6,35.2,22.7
E00187424,8,37.5,38.4,16.1
E00187430,10.1,57,26.6,6.3
E00187432,0.8,20.8,59.2,19.2
E00187445,5.2,31.2,45.5,18.2
E00187446,5.7,21.1,60.2,13
E00187448,3.7,35.8,46.9,13.6
E00187454,17.3,50,28.8,3.8
E00187455,9.6,36.5,46.2,7.7
E00187456,9.6,31.3,43.4,15.7
E00187472,4.1,23,41.8,31.1
E00187480,9.4,39.1,42.2,9.4
E00187482,18.9,48.1,28.3,4.7
E00187483,4.2,28.7,57.5,9.6
E00187488,3.9,23.3,55.8,17.1
E00187490,9.8,39.9,36.4,13.9
E00187512,59.7,33.2,6.1,1
E00187529,12.1,45.9,38.2,3.8
E00187537,8.4,44.6,36.1,10.8
E00187543,8.3,37,44.8,9.9
E00187547,6.4,52.3,35.8,5.5
E00187549,7.7,35.1,51.4,5.9
E00187552,13.4,36.1,39.5,10.9
E00187557,10.6,48.1,37.5,3.8
E00187562,3.8,40,47.7,8.5
E00187571,8.2,36.7,51,4.1
E00187574,7.7,40.4,44.2,7.7
E00187576,9.9,47.7,36.9,5.4
E00187578,23.3,40.7,33.7,2.3
E00187593,11.1,38.1,36.5,14.3
E00187596,8,36.8,44.8,10.4
E00187600,13.2,32.8,45.1,8.8
E00187601,16,32,33.3,18.7